Loch_Etive/CTD_data/sbe55_sbe19p_5215_20250527_re7_1m.cnv
* Sea-Bird SBE 19plus Data File:
* FileName = C:\Data\sbe55_sbe19p_5215\2025-05-27\sbe55_sbe19p_5215_20250527_re7064.hex
* Software Version SeatermAF 2.1.4
* Temperature SN = 5215
* Conductivity SN = 5215
* System UpLoad Time = May 27 2025 11:36:01 (localtime) = May 27 2025 11:36:01 (UTC)
* ds
* SeacatPlus V 1.6b  SERIAL NO. 5215    27 May 2025  11:35:34
# nquan = 15
# nvalues = 109                         
# units = specified
# name 0 = scan: Scan Count
# name 1 = timeJ: Julian Days
# name 2 = depSM: Depth [salt water, m], lat = 56.00
# name 3 = prdM: Pressure, Strain Gauge [db]
# name 4 = tv290C: Temperature [ITS-90, deg C]
# name 5 = c0mS/cm: Conductivity [mS/cm]
# name 6 = flECO-AFL: Fluorescence, WET Labs ECO-AFL/FL [mg/m^3]
# name 7 = par/sat/log: PAR/Logarithmic, Satlantic [umol photons/m^2/sec]
# name 8 = sbeox0Mm/L: Oxygen, SBE 43 [umol/l]
# name 9 = sbeox0PS: Oxygen, SBE 43 [% saturation]
# name 10 = depSM: Depth [salt water, m], lat = 56
# name 11 = sal00: Salinity, Practical [PSU]
# name 12 = sigma-é00: Density [sigma-theta, kg/m^3]
# name 13 = svCM: Sound Velocity [Chen-Millero, m/s]
# name 14 = flag: flag
# span 0 =        229,       1194       
# span 1 = 147.479166, 147.481957       
# span 2 =      1.000,     55.000       
# span 3 =      1.009,     55.513       
# span 4 =    11.9510,    12.3277       
# span 5 =  27.374055,  34.627603       
# span 6 =     1.3705,     3.7035       
# span 7 = 5.3009e-02, 3.8065e+02       
# span 8 =    248.380,    290.349       
# span 9 =     85.865,    101.175       
# span 10 =      1.000,     55.000      
# span 11 =    22.8624,    29.5310      
# span 12 =    17.1418,    22.2871      
# span 13 =    1483.29,    1492.35      
# span 14 = 0.0000e+00, 0.0000e+00      
# interval = meters: 1                  
# start_time = May 27 2025 11:29:03 [Instrument's time stamp, header]
# bad_flag = -9.990e-29
*END*
        229 147.479166      1.000      1.009    12.2563  27.374055     3.7035 3.8065e+02    248.380     85.865      1.000    22.8624    17.1418    1483.29 0.0000e+00
        349 147.479513      2.000      2.019    11.9775  32.129029     3.5001 1.8539e+02    269.863     95.405      2.000    27.4527    20.7393    1487.78 0.0000e+00
        356 147.479535      3.000      3.028    11.9518  32.454178     3.1507 1.1410e+02    269.575     95.341      3.000    27.7810    20.9982    1488.09 0.0000e+00
        365 147.479560      4.000      4.037    11.9510  32.540636     3.2052 7.5733e+01    270.139     95.579      4.000    27.8631    21.0620    1488.21 0.0000e+00
        374 147.479587      5.000      5.046    11.9527  32.663199     3.0063 4.9838e+01    270.068     95.607      5.000    27.9777    21.1505    1488.36 0.0000e+00
        383 147.479609      6.000      6.055    11.9550  32.730743     3.2977 3.3508e+01    270.719     95.900      6.000    28.0395    21.1980    1488.46 0.0000e+00
        390 147.479635      7.000      7.064    11.9571  32.798850     3.1398 2.2824e+01    271.450     96.182      7.000    28.1022    21.2462    1488.56 0.0000e+00
        398 147.479655      8.000      8.074    11.9612  32.901854     3.0803 1.5576e+01    271.243     96.118      8.000    28.1964    21.3185    1488.71 0.0000e+00
        405 147.479675      9.000      9.083    11.9630  32.939290     3.0630 1.0824e+01    271.878     96.348      9.000    28.2302    21.3444    1488.77 0.0000e+00
        412 147.479697     10.000     10.092    11.9648  32.965682     2.9148 7.6921e+00    271.181     96.116     10.000    28.2536    21.3622    1488.82 0.0000e+00
        419 147.479717     11.000     11.102    11.9653  32.973837     2.8704 5.4714e+00    271.216     96.283     11.000    28.2605    21.3674    1488.84 0.0000e+00
        426 147.479737     12.000     12.110    11.9659  32.986544     2.9369 3.9151e+00    272.457     96.965     12.000    28.2717    21.3761    1488.88 0.0000e+00
        433 147.479760     13.000     13.120    11.9711  33.079954     2.7728 2.8027e+00    276.221     98.451     13.000    28.3560    21.4405    1489.01 0.0000e+00
        440 147.479777     14.000     14.129    11.9888  33.434345     2.4820 2.0607e+00    277.299     98.842     14.000    28.6786    21.6873    1489.47 0.0000e+00
        448 147.479799     15.000     15.138    12.0028  33.705379     2.2647 1.5097e+00    277.553     99.025     15.000    28.9251    21.8758    1489.83 0.0000e+00
        455 147.479821     16.000     16.148    12.0023  33.841918     2.0862 1.1118e+00    278.101     99.395     16.000    29.0549    21.9765    1490.00 0.0000e+00
        462 147.479839     17.000     17.157    12.0067  33.914837     2.1490 8.1617e-01    279.048     99.783     17.000    29.1205    22.0265    1490.11 0.0000e+00
        470 147.479864     18.000     18.166    12.0440  34.048765     2.0232 6.1084e-01    278.199     99.482     18.000    29.2184    22.0957    1490.37 0.0000e+00
        477 147.479885     19.000     19.175    12.0889  34.133293     2.1302 4.5418e-01    278.380     99.551     19.000    29.2633    22.1225    1490.60 0.0000e+00
        485 147.479906     20.000     20.185    12.0945  34.139498     1.9984 3.4358e-01    278.568     99.650     20.000    29.2644    22.1223    1490.64 0.0000e+00
        492 147.479928     21.000     21.194    12.0953  34.143062     1.9332 2.6124e-01    278.573     99.687     21.000    29.2668    22.1240    1490.66 0.0000e+00
        500 147.479949     22.000     22.203    12.0999  34.161085     2.1891 1.9450e-01    278.506     99.679     22.000    29.2799    22.1334    1490.71 0.0000e+00
        507 147.479971     23.000     23.212    12.1134  34.190053     2.0268 1.5642e-01    278.353     99.628     23.000    29.2965    22.1438    1490.79 0.0000e+00
        514 147.479992     24.000     24.222    12.1215  34.203345     1.9456 1.1921e-01    278.172     99.568     24.000    29.3024    22.1469    1490.84 0.0000e+00
        521 147.480012     25.000     25.231    12.1257  34.209275     1.9309 8.5352e-02    278.460     99.675     25.000    29.3044    22.1478    1490.88 0.0000e+00
        529 147.480034     26.000     26.240    12.1265  34.211503     1.9163 6.1604e-02    278.674     99.763     26.000    29.3054    22.1485    1490.90 0.0000e+00
        536 147.480054     27.000     27.250    12.1287  34.215165     1.8394 5.6549e-02    278.565     99.727     27.000    29.3069    22.1492    1490.92 0.0000e+00
        543 147.480077     28.000     28.259    12.1312  34.222016     2.0104 5.3036e-02    278.561     99.735     28.000    29.3110    22.1520    1490.95 0.0000e+00
        551 147.480097     29.000     29.268    12.1338  34.226262     1.8819 5.3148e-02    278.378     99.679     29.000    29.3127    22.1528    1490.98 0.0000e+00
        558 147.480119     30.000     30.278    12.1356  34.231585     1.8938 5.3093e-02    278.483     99.737     30.000    29.3159    22.1550    1491.01 0.0000e+00
        566 147.480142     31.000     31.287    12.1396  34.239757     1.8237 5.3107e-02    278.612     99.808     31.000    29.3201    22.1576    1491.04 0.0000e+00
        574 147.480165     32.000     32.296    12.1439  34.255904     1.8139 5.3130e-02    279.025     99.971     32.000    29.3317    22.1658    1491.09 0.0000e+00
        582 147.480187     33.000     33.306    12.1513  34.275618     1.8689 5.3101e-02    278.880     99.949     33.000    29.3442    22.1742    1491.15 0.0000e+00
        589 147.480211     34.000     34.315    12.1589  34.288952     1.9063 5.3071e-02    278.925    100.016     34.000    29.3506    22.1778    1491.20 0.0000e+00
        597 147.480232     35.000     35.324    12.1651  34.307353     1.7900 5.3107e-02    278.779    100.056     35.000    29.3628    22.1861    1491.25 0.0000e+00
        605 147.480254     36.000     36.334    12.1808  34.344602     1.8186 5.3110e-02    279.427    100.336     36.000    29.3855    22.2008    1491.35 0.0000e+00
        612 147.480276     37.000     37.343    12.2041  34.402701     1.7065 5.3101e-02    279.550    100.389     37.000    29.4219    22.2248    1491.49 0.0000e+00
        620 147.480298     38.000     38.353    12.2311  34.448598     1.6575 5.3126e-02    279.528    100.394     38.000    29.4439    22.2370    1491.62 0.0000e+00
        628 147.480322     39.000     39.362    12.2388  34.460012     1.7236 5.3095e-02    279.854    100.520     39.000    29.4482    22.2389    1491.67 0.0000e+00
        636 147.480344     40.000     40.371    12.2434  34.469153     1.5666 5.3095e-02    280.104    100.612     40.000    29.4528    22.2417    1491.71 0.0000e+00
        644 147.480368     41.000     41.381    12.2471  34.476138     1.6190 5.3127e-02    279.598    100.440     41.000    29.4562    22.2437    1491.74 0.0000e+00
        652 147.480392     42.000     42.390    12.2488  34.478643     1.5766 5.3120e-02    279.936    100.569     42.000    29.4569    22.2439    1491.77 0.0000e+00
        661 147.480416     43.000     43.399    12.2511  34.485300     1.5541 5.3111e-02    279.630    100.463     43.000    29.4610    22.2467    1491.80 0.0000e+00
        669 147.480442     44.000     44.409    12.2548  34.491196     1.5286 5.3100e-02    280.083    100.629     44.000    29.4633    22.2478    1491.83 0.0000e+00
        678 147.480466     45.000     45.418    12.2561  34.494289     1.5856 5.3122e-02    280.087    100.638     45.000    29.4649    22.2488    1491.85 0.0000e+00
        686 147.480491     46.000     46.427    12.2576  34.497118     1.5662 5.3126e-02    279.983    100.617     46.000    29.4660    22.2494    1491.87 0.0000e+00
        694 147.480512     47.000     47.437    12.2599  34.502295     1.5653 5.3102e-02    280.552    100.826     47.000    29.4687    22.2512    1491.90 0.0000e+00
        702 147.480537     48.000     48.447    12.2638  34.512254     1.5932 5.3098e-02    280.292    100.743     48.000    29.4747    22.2551    1491.94 0.0000e+00
        711 147.480559     49.000     49.456    12.2675  34.518095     1.5357 5.3125e-02    280.492    100.836     49.000    29.4769    22.2562    1491.97 0.0000e+00
        719 147.480584     50.000     50.465    12.2709  34.525704     1.5305 5.3088e-02    280.698    100.921     50.000    29.4810    22.2587    1492.01 0.0000e+00
        727 147.480609     51.000     51.475    12.2768  34.538789     1.5412 5.3108e-02    280.758    100.964     51.000    29.4884    22.2634    1492.05 0.0000e+00
        736 147.480633     52.000     52.484    12.2827  34.547553     1.4913 5.3099e-02    280.625    100.951     52.000    29.4917    22.2649    1492.09 0.0000e+00
        745 147.480659     53.000     53.494    12.2900  34.563905     1.4874 5.3099e-02    280.915    101.088     53.000    29.5011    22.2709    1492.14 0.0000e+00
        755 147.480687     54.000     54.503    12.3044  34.591648     1.4788 5.3111e-02    281.185    101.175     54.000    29.5157    22.2795    1492.23 0.0000e+00
        773 147.480739     55.000     55.513    12.3277  34.627603     1.3705 5.3009e-02    280.677    100.934     55.000    29.5310    22.2871    1492.35 0.0000e+00
        774 147.480742     54.000     54.503    12.3132  34.597998     1.8634 5.3123e-02    280.739    100.959     54.000    29.5147    22.2772    1492.26 0.0000e+00
        783 147.480769     53.000     53.493    12.3022  34.576407     1.7050 5.3098e-02    280.171    100.722     53.000    29.5033    22.2703    1492.19 0.0000e+00
        791 147.480793     52.000     52.484    12.2935  34.559696     1.6027 5.3098e-02    280.314    100.752     52.000    29.4947    22.2653    1492.13 0.0000e+00
        800 147.480819     51.000     51.475    12.2823  34.539220     1.4968 5.3072e-02    280.337    100.737     51.000    29.4845    22.2595    1492.06 0.0000e+00
        808 147.480842     50.000     50.465    12.2739  34.523109     1.5919 5.3090e-02    280.036    100.619     50.000    29.4763    22.2545    1492.01 0.0000e+00
        816 147.480867     49.000     49.456    12.2657  34.508251     1.6135 5.3110e-02    280.340    100.723     49.000    29.4690    22.2504    1491.96 0.0000e+00
        825 147.480889     48.000     48.446    12.2611  34.501064     1.5406 5.3079e-02    279.930    100.570     48.000    29.4662    22.2490    1491.92 0.0000e+00
        832 147.480913     47.000     47.437    12.2590  34.496580     1.6240 5.3095e-02    279.858    100.541     47.000    29.4639    22.2476    1491.89 0.0000e+00
        840 147.480936     46.000     46.428    12.2569  34.492706     1.6600 5.3129e-02    279.733    100.489     46.000    29.4623    22.2467    1491.87 0.0000e+00
        848 147.480958     45.000     45.418    12.2556  34.489889     1.5908 5.3097e-02    279.571    100.425     45.000    29.4611    22.2460    1491.84 0.0000e+00
        856 147.480981     44.000     44.409    12.2536  34.484943     1.6504 5.3105e-02    279.812    100.508     44.000    29.4583    22.2442    1491.82 0.0000e+00
        864 147.481004     43.000     43.399    12.2513  34.480524     1.6284 5.3103e-02    279.686    100.458     43.000    29.4563    22.2431    1491.79 0.0000e+00
        872 147.481026     42.000     42.390    12.2500  34.476568     1.6346 5.3116e-02    279.657    100.439     42.000    29.4540    22.2414    1491.77 0.0000e+00
        880 147.481050     41.000     41.381    12.2485  34.472369     1.6197 5.3113e-02    279.441    100.344     41.000    29.4515    22.2398    1491.74 0.0000e+00
        888 147.481072     40.000     40.371    12.2469  34.466780     1.6273 5.3056e-02    279.466    100.347     40.000    29.4479    22.2373    1491.72 0.0000e+00
        895 147.481095     39.000     39.362    12.2410  34.454517     1.5455 5.3102e-02    279.300    100.278     39.000    29.4413    22.2332    1491.67 0.0000e+00
        903 147.481117     38.000     38.353    12.2379  34.449030     1.6492 5.3080e-02    279.257    100.252     38.000    29.4389    22.2318    1491.64 0.0000e+00
        911 147.481139     37.000     37.343    12.2348  34.442474     1.6484 5.3117e-02    279.450    100.260     37.000    29.4355    22.2298    1491.61 0.0000e+00
        918 147.481163     36.000     36.334    12.2316  34.434647     1.5706 5.3100e-02    278.960    100.022     36.000    29.4310    22.2268    1491.58 0.0000e+00
        926 147.481182     35.000     35.325    12.2193  34.398784     1.6302 5.3125e-02    278.810     99.926     35.000    29.4070    22.2105    1491.49 0.0000e+00
        934 147.481207     34.000     34.315    12.1960  34.349211     1.6723 5.3099e-02    278.919     99.931     34.000    29.3787    22.1928    1491.36 0.0000e+00
        941 147.481226     33.000     33.306    12.1787  34.316396     1.7497 5.3087e-02    278.815     99.864     33.000    29.3615    22.1826    1491.26 0.0000e+00
        949 147.481251     32.000     32.296    12.1650  34.289220     1.6763 5.3102e-02    278.812     99.833     32.000    29.3468    22.1737    1491.18 0.0000e+00
        957 147.481272     31.000     31.287    12.1545  34.265236     1.6866 5.3098e-02    278.502     99.703     31.000    29.3327    22.1646    1491.11 0.0000e+00
        965 147.481295     30.000     30.278    12.1442  34.240957     1.7700 5.3086e-02    278.758     99.783     30.000    29.3181    22.1551    1491.04 0.0000e+00
        972 147.481317     29.000     29.268    12.1361  34.226411     1.8491 5.3105e-02    278.487     99.671     29.000    29.3110    22.1511    1490.99 0.0000e+00
        980 147.481341     28.000     28.259    12.1307  34.217620     1.8184 5.4629e-02    278.388     99.614     28.000    29.3072    22.1491    1490.95 0.0000e+00
        988 147.481362     27.000     27.250    12.1263  34.209348     1.7911 5.8566e-02    278.577     99.669     27.000    29.3032    22.1467    1490.91 0.0000e+00
        995 147.481382     26.000     26.240    12.1192  34.194764     1.7583 7.1461e-02    278.611     99.671     26.000    29.2954    22.1420    1490.86 0.0000e+00
       1003 147.481406     25.000     25.231    12.1131  34.183426     1.8927 9.4077e-02    278.654     99.681     25.000    29.2897    22.1387    1490.82 0.0000e+00
       1010 147.481426     24.000     24.222    12.1097  34.175041     1.8161 1.2710e-01    278.735     99.707     24.000    29.2848    22.1354    1490.78 0.0000e+00
       1018 147.481449     23.000     23.212    12.1073  34.169920     1.8794 1.6203e-01    279.077     99.821     23.000    29.2822    22.1338    1490.75 0.0000e+00
       1025 147.481470     22.000     22.203    12.1055  34.166729     1.8411 2.0625e-01    278.255     99.516     22.000    29.2809    22.1332    1490.73 0.0000e+00
       1033 147.481495     21.000     21.194    12.1039  34.160140     1.9059 2.7031e-01    278.712     99.595     21.000    29.2763    22.1299    1490.70 0.0000e+00
       1041 147.481515     20.000     20.185    12.1005  34.148835     1.9147 3.5529e-01    278.209     99.260     20.000    29.2686    22.1245    1490.66 0.0000e+00
       1049 147.481539     19.000     19.175    12.0874  34.095607     1.8917 4.6694e-01    277.395     98.900     19.000    29.2286    22.0959    1490.56 0.0000e+00
       1056 147.481559     18.000     18.166    12.0451  33.976604     1.8469 6.3115e-01    277.348     98.812     18.000    29.1490    22.0418    1490.30 0.0000e+00
       1064 147.481582     17.000     17.157    12.0142  33.897774     1.8984 8.3966e-01    277.161     98.631     17.000    29.0984    22.0080    1490.11 0.0000e+00
       1071 147.481605     16.000     16.147    12.0059  33.811231     2.0832 1.1193e+00    276.001     98.086     16.000    29.0229    21.9511    1489.98 0.0000e+00
       1079 147.481623     15.000     15.138    12.0082  33.639787     2.1898 1.5071e+00    274.235     97.270     15.000    28.8585    21.8233    1489.77 0.0000e+00
       1086 147.481649     14.000     14.129    12.0043  33.434061     2.4275 2.0505e+00    272.674     96.632     14.000    28.6665    21.6751    1489.51 0.0000e+00
