Loch_Etive/CTD_data/sbe55_sbe19p_5215_20250527_re5_1m.cnv
* Sea-Bird SBE 19plus Data File:
* FileName = C:\Data\sbe55_sbe19p_5215\2025-05-27\sbe55_sbe19p_5215_20250527_re5062.hex
* Software Version SeatermAF 2.1.4
* Temperature SN = 5215
* Conductivity SN = 5215
* System UpLoad Time = May 27 2025 09:01:13 (localtime) = May 27 2025 09:01:13 (UTC)
* ds
* SeacatPlus V 1.6b  SERIAL NO. 5215    27 May 2025  09:00:35
# nquan = 15
# nvalues = 269                         
# units = specified
# name 0 = scan: Scan Count
# name 1 = timeJ: Julian Days
# name 2 = depSM: Depth [salt water, m], lat = 56.00
# name 3 = prdM: Pressure, Strain Gauge [db]
# name 4 = tv290C: Temperature [ITS-90, deg C]
# name 5 = c0mS/cm: Conductivity [mS/cm]
# name 6 = flECO-AFL: Fluorescence, WET Labs ECO-AFL/FL [mg/m^3]
# name 7 = par/sat/log: PAR/Logarithmic, Satlantic [umol photons/m^2/sec]
# name 8 = sbeox0Mm/L: Oxygen, SBE 43 [umol/l]
# name 9 = sbeox0PS: Oxygen, SBE 43 [% saturation]
# name 10 = depSM: Depth [salt water, m], lat = 56
# name 11 = sal00: Salinity, Practical [PSU]
# name 12 = sigma-é00: Density [sigma-theta, kg/m^3]
# name 13 = svCM: Sound Velocity [Chen-Millero, m/s]
# name 14 = flag: flag
# span 0 =        346,       2936       
# span 1 = 147.359632, 147.367128       
# span 2 =      1.000,    135.000       
# span 3 =      1.009,    136.285       
# span 4 =    10.6549,    12.2570       
# span 5 =  23.330721,  32.662004       
# span 6 =     0.9444,     7.2570       
# span 7 = 5.3057e-02, 3.8725e+02       
# span 8 =    190.794,    289.904       
# span 9 =     65.801,     97.507       
# span 10 =      1.000,    135.000      
# span 11 =    19.1668,    28.0168      
# span 12 =    14.2863,    21.2086      
# span 13 =    1478.91,    1490.07      
# span 14 = 0.0000e+00, 0.0000e+00      
# interval = meters: 1                  
# start_time = May 27 2025 08:36:26 [Instrument's time stamp, header]
# bad_flag = -9.990e-29
*END*
        346 147.359632      1.000      1.009    12.1930  23.585301     3.4080 2.1625e+02    284.178     96.592      1.000    19.4312    14.5008    1478.99 0.0000e+00
        381 147.359735      2.000      2.018    12.2015  26.013792     3.9661 8.7253e+01    267.496     93.605      2.000    21.6294    16.1972    1481.65 0.0000e+00
        389 147.359755      3.000      3.028    12.1158  29.035292     4.0349 4.6907e+01    260.592     91.052      3.000    24.4613    18.4005    1484.72 0.0000e+00
        397 147.359780      4.000      4.037    11.8916  30.834940     3.7868 3.0574e+01    259.339     90.586      4.000    26.2963    19.8589    1486.13 0.0000e+00
        404 147.359797      5.000      5.046    11.7387  31.279396     3.3648 2.1312e+01    258.671     90.293      5.000    26.8238    20.2938    1486.24 0.0000e+00
        411 147.359822      6.000      6.055    11.6840  31.362527     3.1786 1.5329e+01    256.956     89.562      6.000    26.9417    20.3945    1486.20 0.0000e+00
        418 147.359842      7.000      7.065    11.6423  31.408632     3.2609 1.1041e+01    253.532     88.256      7.000    27.0153    20.4588    1486.16 0.0000e+00
        426 147.359862      8.000      8.074    11.5752  31.405345     3.1722 8.1147e+00    249.265     86.487      8.000    27.0607    20.5054    1486.00 0.0000e+00
        433 147.359885      9.000      9.083    11.5048  31.364725     3.3426 6.0250e+00    236.875     81.800      9.000    27.0730    20.5270    1485.78 0.0000e+00
        440 147.359905     10.000     10.092    11.3984  31.291099     3.8048 4.5136e+00    224.596     77.174     10.000    27.0801    20.5505    1485.42 0.0000e+00
        448 147.359929     11.000     11.101    11.1834  31.141937     4.4379 3.3639e+00    226.187     77.409     11.000    27.0943    20.5976    1484.69 0.0000e+00
        456 147.359950     12.000     12.110    10.9671  30.982935     4.7530 2.4785e+00    235.478     80.672     12.000    27.0998    20.6377    1483.94 0.0000e+00
        463 147.359971     13.000     13.120    10.7057  30.842797     4.6124 1.8070e+00    244.364     83.725     13.000    27.1569    20.7247    1483.09 0.0000e+00
        471 147.359994     14.000     14.129    10.6823  30.908246     3.1060 1.3289e+00    249.653     85.615     14.000    27.2376    20.7912    1483.12 0.0000e+00
        478 147.360014     15.000     15.138    10.6800  30.939367     2.7257 9.9408e-01    253.582     87.088     15.000    27.2693    20.8162    1483.16 0.0000e+00
        486 147.360037     16.000     16.148    10.6954  31.005891     2.3448 7.6217e-01    252.149     86.936     16.000    27.3222    20.8548    1483.30 0.0000e+00
        493 147.360058     17.000     17.157    10.7486  31.084621     2.0198 5.8427e-01    252.539     87.346     17.000    27.3586    20.8745    1483.55 0.0000e+00
        500 147.360080     18.000     18.166    10.8393  31.234885     1.8712 4.5075e-01    252.541     87.379     18.000    27.4364    20.9202    1483.99 0.0000e+00
        508 147.360100     19.000     19.175    11.0108  31.431678     1.3500 3.4823e-01    252.397     87.474     19.000    27.4986    20.9402    1484.70 0.0000e+00
        515 147.360120     20.000     20.185    11.0648  31.473291     1.2499 2.7437e-01    252.202     87.532     20.000    27.4981    20.9310    1484.90 0.0000e+00
        522 147.360143     21.000     21.194    11.1063  31.545634     1.1662 2.1229e-01    252.268     87.680     21.000    27.5365    20.9539    1485.12 0.0000e+00
        529 147.360162     22.000     22.203    11.1689  31.619630     1.0977 1.7144e-01    252.274     87.809     22.000    27.5607    20.9622    1485.38 0.0000e+00
        537 147.360186     23.000     23.213    11.2354  31.701072     1.0658 1.4165e-01    252.191     87.862     23.000    27.5891    20.9731    1485.67 0.0000e+00
        544 147.360206     24.000     24.222    11.2893  31.770140     1.0119 1.1072e-01    252.350     88.080     24.000    27.6148    20.9840    1485.91 0.0000e+00
        552 147.360228     25.000     25.231    11.3422  31.827401     1.0121 8.9090e-02    253.363     88.491     25.000    27.6299    20.9868    1486.13 0.0000e+00
        559 147.360249     26.000     26.241    11.3951  31.900603     0.9909 6.8533e-02    253.628     88.592     26.000    27.6603    21.0014    1486.37 0.0000e+00
        566 147.360269     27.000     27.250    11.4568  31.956526     0.9842 5.7447e-02    253.208     88.480     27.000    27.6674    20.9965    1486.62 0.0000e+00
        574 147.360291     28.000     28.259    11.4661  31.965897     0.9619 5.4642e-02    253.651     88.733     28.000    27.6691    20.9962    1486.67 0.0000e+00
        581 147.360312     29.000     29.268    11.4723  31.982012     0.9647 5.3129e-02    253.535     88.752     29.000    27.6795    21.0032    1486.72 0.0000e+00
        588 147.360334     30.000     30.278    11.5083  32.036172     0.9559 5.3093e-02    253.201     88.656     30.000    27.7040    21.0161    1486.89 0.0000e+00
        596 147.360356     31.000     31.287    11.5433  32.072656     0.9625 5.3123e-02    253.197     88.687     31.000    27.7124    21.0166    1487.04 0.0000e+00
        603 147.360376     32.000     32.296    11.5632  32.090758     0.9718 5.3097e-02    253.290     88.756     32.000    27.7145    21.0149    1487.13 0.0000e+00
        611 147.360401     33.000     33.306    11.5735  32.106707     0.9444 5.3077e-02    253.623     88.956     33.000    27.7217    21.0187    1487.19 0.0000e+00
        618 147.360420     34.000     34.315    11.5902  32.128780     0.9632 5.3106e-02    254.731     89.418     34.000    27.7299    21.0222    1487.28 0.0000e+00
        626 147.360443     35.000     35.324    11.6168  32.172482     0.9628 5.3105e-02    256.863     90.213     35.000    27.7513    21.0343    1487.42 0.0000e+00
        634 147.360464     36.000     36.334    11.6556  32.226573     1.0185 5.3097e-02    257.217     90.355     36.000    27.7736    21.0448    1487.60 0.0000e+00
        641 147.360485     37.000     37.343    11.6784  32.255222     1.0979 5.3122e-02    257.172     90.358     37.000    27.7835    21.0486    1487.70 0.0000e+00
        649 147.360510     38.000     38.352    11.6927  32.272735     1.0757 5.3107e-02    257.595     90.509     38.000    27.7891    21.0505    1487.78 0.0000e+00
        656 147.360528     39.000     39.362    11.7006  32.284792     1.0867 5.3123e-02    257.170     90.385     39.000    27.7944    21.0532    1487.83 0.0000e+00
        663 147.360552     40.000     40.372    11.7048  32.288014     1.1400 5.3132e-02    257.896     90.649     40.000    27.7939    21.0522    1487.86 0.0000e+00
        671 147.360573     41.000     41.381    11.7094  32.299275     1.0566 5.3107e-02    258.073     90.729     41.000    27.8008    21.0567    1487.90 0.0000e+00
        678 147.360592     42.000     42.390    11.7190  32.310748     1.0755 5.3108e-02    257.853     90.650     42.000    27.8042    21.0577    1487.95 0.0000e+00
        686 147.360617     43.000     43.399    11.7217  32.320471     1.1473 5.3097e-02    258.180     90.813     43.000    27.8111    21.0627    1487.99 0.0000e+00
        693 147.360635     44.000     44.409    11.7247  32.328281     1.1180 5.3107e-02    259.255     91.206     44.000    27.8159    21.0658    1488.02 0.0000e+00
        701 147.360659     45.000     45.418    11.7331  32.348527     1.0971 5.3093e-02    259.411     91.282     45.000    27.8285    21.0742    1488.08 0.0000e+00
        708 147.360681     46.000     46.428    11.7504  32.368502     1.1215 5.3094e-02    260.104     91.545     46.000    27.8342    21.0756    1488.17 0.0000e+00
        716 147.360702     47.000     47.437    11.7535  32.383297     1.1399 5.3118e-02    260.325     91.580     47.000    27.8456    21.0839    1488.21 0.0000e+00
        723 147.360725     48.000     48.446    11.7635  32.400880     1.0838 5.3094e-02    258.347     90.819     48.000    27.8545    21.0891    1488.27 0.0000e+00
        731 147.360746     49.000     49.456    11.7546  32.388869     1.1936 5.3065e-02    257.782     90.647     49.000    27.8494    21.0867    1488.25 0.0000e+00
        739 147.360770     50.000     50.466    11.7244  32.359065     1.3262 5.3134e-02    258.331     90.834     50.000    27.8433    21.0872    1488.15 0.0000e+00
        746 147.360790     51.000     51.475    11.7160  32.367547     1.3666 5.3103e-02    257.984     90.709     51.000    27.8572    21.0995    1488.15 0.0000e+00
        754 147.360814     52.000     52.484    11.7203  32.373035     1.3061 5.3076e-02    257.838     90.658     52.000    27.8589    21.1001    1488.19 0.0000e+00
        762 147.360836     53.000     53.493    11.7161  32.374683     1.3714 5.3080e-02    257.957     90.701     53.000    27.8633    21.1042    1488.20 0.0000e+00
        770 147.360860     54.000     54.503    11.7163  32.375994     1.3247 5.3108e-02    257.881     90.675     54.000    27.8640    21.1048    1488.21 0.0000e+00
        778 147.360881     55.000     55.513    11.7166  32.376819     1.3120 5.3082e-02    258.035     90.727     55.000    27.8642    21.1049    1488.23 0.0000e+00
        786 147.360907     56.000     56.522    11.7168  32.378168     1.3617 5.3079e-02    258.304     90.833     56.000    27.8649    21.1055    1488.25 0.0000e+00
        794 147.360926     57.000     57.531    11.7151  32.380642     1.3995 5.3132e-02    258.166     90.775     57.000    27.8682    21.1083    1488.27 0.0000e+00
        802 147.360953     58.000     58.541    11.7185  32.388553     1.3452 5.3105e-02    257.840     90.652     58.000    27.8728    21.1113    1488.30 0.0000e+00
        810 147.360972     59.000     59.550    11.7151  32.387868     1.3716 5.3119e-02    257.975     90.698     59.000    27.8743    21.1131    1488.31 0.0000e+00
        818 147.360999     60.000     60.560    11.7087  32.389986     1.3658 5.3093e-02    258.430     90.873     60.000    27.8807    21.1192    1488.31 0.0000e+00
        826 147.361020     61.000     61.569    11.7046  32.395306     1.4384 5.3110e-02    258.717     90.973     61.000    27.8886    21.1260    1488.32 0.0000e+00
        834 147.361044     62.000     62.579    11.7076  32.408834     1.4851 5.3098e-02    258.882     91.039     62.000    27.8988    21.1335    1488.36 0.0000e+00
        842 147.361067     63.000     63.588    11.7083  32.413199     1.5049 5.3078e-02    259.145     91.151     63.000    27.9021    21.1359    1488.38 0.0000e+00
        850 147.361090     64.000     64.598    11.7092  32.422321     1.5398 5.3096e-02    259.128     91.167     64.000    27.9098    21.1417    1488.41 0.0000e+00
        857 147.361113     65.000     65.607    11.7146  32.434032     1.5321 5.3109e-02    259.088     91.160     65.000    27.9165    21.1460    1488.45 0.0000e+00
        865 147.361136     66.000     66.617    11.7264  32.445801     1.5383 5.3108e-02    259.184     91.190     66.000    27.9185    21.1455    1488.51 0.0000e+00
        874 147.361158     67.000     67.626    11.7313  32.450717     1.5574 5.3114e-02    259.279     91.229     67.000    27.9191    21.1451    1488.55 0.0000e+00
        882 147.361184     68.000     68.636    11.7300  32.452489     1.5747 5.3098e-02    260.013     91.482     68.000    27.9214    21.1472    1488.56 0.0000e+00
        890 147.361206     69.000     69.645    11.7304  32.458492     1.6617 5.3084e-02    260.234     91.559     69.000    27.9265    21.1511    1488.59 0.0000e+00
        898 147.361230     70.000     70.655    11.7285  32.459406     1.6551 5.3075e-02    260.089     91.531     70.000    27.9284    21.1529    1488.60 0.0000e+00
        907 147.361256     71.000     71.664    11.7264  32.461607     1.6741 5.3099e-02    260.694     91.766     71.000    27.9317    21.1559    1488.61 0.0000e+00
        915 147.361279     72.000     72.674    11.7343  32.474486     1.6911 5.3078e-02    261.308     91.996     72.000    27.9376    21.1591    1488.66 0.0000e+00
        924 147.361304     73.000     73.684    11.7449  32.487324     1.7680 5.3075e-02    261.665     92.142     73.000    27.9416    21.1603    1488.72 0.0000e+00
        932 147.361328     74.000     74.693    11.7518  32.497413     1.7942 5.3099e-02    261.763     92.191     74.000    27.9456    21.1622    1488.77 0.0000e+00
        941 147.361353     75.000     75.703    11.7600  32.509185     1.8087 5.3104e-02    261.753     92.199     75.000    27.9503    21.1645    1488.82 0.0000e+00
        950 147.361380     76.000     76.712    11.7673  32.518302     1.7854 5.3087e-02    261.822     92.227     76.000    27.9531    21.1654    1488.87 0.0000e+00
        958 147.361403     77.000     77.722    11.7727  32.524871     1.7672 5.3092e-02    262.163     92.345     77.000    27.9550    21.1660    1488.90 0.0000e+00
        967 147.361428     78.000     78.731    11.7746  32.526986     1.8126 5.3094e-02    262.044     92.302     78.000    27.9551    21.1658    1488.93 0.0000e+00
        976 147.361456     79.000     79.741    11.7741  32.526292     1.7869 5.3103e-02    262.025     92.295     79.000    27.9545    21.1654    1488.94 0.0000e+00
        984 147.361478     80.000     80.751    11.7731  32.526772     1.8687 5.3087e-02    261.993     92.284     80.000    27.9553    21.1662    1488.95 0.0000e+00
        993 147.361504     81.000     81.760    11.7724  32.528300     1.8265 5.3082e-02    261.878     92.244     81.000    27.9569    21.1676    1488.97 0.0000e+00
       1001 147.361529     82.000     82.770    11.7726  32.529457     1.8261 5.3101e-02    261.669     92.172     82.000    27.9575    21.1680    1488.99 0.0000e+00
       1010 147.361553     83.000     83.779    11.7728  32.530265     1.7908 5.3124e-02    261.729     92.192     83.000    27.9578    21.1682    1489.01 0.0000e+00
       1019 147.361578     84.000     84.789    11.7732  32.530903     1.8041 5.3114e-02    261.848     92.256     84.000    27.9577    21.1681    1489.03 0.0000e+00
       1028 147.361605     85.000     85.798    11.7732  32.531977     1.7797 5.3073e-02    262.594     92.545     85.000    27.9584    21.1686    1489.04 0.0000e+00
       1037 147.361629     86.000     86.808    11.7810  32.547016     1.9010 5.3095e-02    262.760     92.606     86.000    27.9665    21.1736    1489.10 0.0000e+00
       1045 147.361657     87.000     87.818    11.7941  32.560443     1.8381 5.3080e-02    263.050     92.723     87.000    27.9690    21.1733    1489.16 0.0000e+00
       1054 147.361682     88.000     88.827    11.7954  32.563024     1.8441 5.3121e-02    262.805     92.659     88.000    27.9702    21.1740    1489.18 0.0000e+00
       1063 147.361704     89.000     89.837    11.8016  32.570343     1.9181 5.3107e-02    263.654     92.967     89.000    27.9721    21.1744    1489.22 0.0000e+00
       1071 147.361732     90.000     90.847    11.8089  32.583640     1.8227 5.3140e-02    263.545     92.932     90.000    27.9789    21.1785    1489.27 0.0000e+00
       1080 147.361754     91.000     91.856    11.8159  32.589521     1.8636 5.3099e-02    263.835     93.039     91.000    27.9789    21.1772    1489.32 0.0000e+00
       1088 147.361780     92.000     92.866    11.8173  32.591845     1.8842 5.3100e-02    263.610     92.961     92.000    27.9797    21.1776    1489.34 0.0000e+00
       1097 147.361806     93.000     93.875    11.8189  32.594728     1.8952 5.3068e-02    263.874     93.054     93.000    27.9808    21.1782    1489.36 0.0000e+00
       1106 147.361832     94.000     94.885    11.8198  32.594916     1.8767 5.3103e-02    263.433     92.903     94.000    27.9799    21.1774    1489.38 0.0000e+00
       1115 147.361857     95.000     95.895    11.8198  32.595630     1.8747 5.3107e-02    263.578     92.957     95.000    27.9803    21.1778    1489.40 0.0000e+00
       1124 147.361883     96.000     96.904    11.8217  32.599001     1.8786 5.3085e-02    264.043     93.142     96.000    27.9817    21.1785    1489.42 0.0000e+00
