Loch_Etive/CTD_data/sbe55_sbe19p_5215_20250527_re8.cnv
* Sea-Bird SBE 19plus Data File:
* FileName = C:\Data\sbe55_sbe19p_5215\2025-05-27\sbe55_sbe19p_5215_20250527_re8066.hex
* Software Version SeatermAF 2.1.4
* Temperature SN = 5215
* Conductivity SN = 5215
* System UpLoad Time = May 27 2025 14:06:12 (localtime) = May 27 2025 14:06:12 (UTC)
* ds
* SeacatPlus V 1.6b  SERIAL NO. 5215    27 May 2025  14:04:23
# nquan = 15                                
# nvalues = 734                         
# units = specified
# name 0 = scan: Scan Count
# name 1 = timeJ: Julian Days
# name 2 = depSM: Depth [salt water, m], lat = 56.00
# name 3 = prdM: Pressure, Strain Gauge [db]
# name 4 = tv290C: Temperature [ITS-90, deg C]
# name 5 = c0mS/cm: Conductivity [mS/cm]
# name 6 = flECO-AFL: Fluorescence, WET Labs ECO-AFL/FL [mg/m^3]
# name 7 = par/sat/log: PAR/Logarithmic, Satlantic [umol photons/m^2/sec]
# name 8 = sbeox0Mm/L: Oxygen, SBE 43 [umol/l]
# name 9 = sbeox0PS: Oxygen, SBE 43 [% saturation]
# name 10 = depSM: Depth [salt water, m], lat = 56
# name 11 = sal00: Salinity, Practical [PSU]
# name 12 = sigma-é00: Density [sigma-theta, kg/m^3]
# name 13 = svCM: Sound Velocity [Chen-Millero, m/s]
# name 14 = flag: flag
# span 0 =        301,       1034       
# span 1 = 147.562744, 147.564865       
# span 2 =     -0.116,     30.640       
# span 3 =     -0.117,     30.924       
# span 4 =    10.6557,    11.8104       
# span 5 =   0.813890,  37.542812       
# span 6 =    -0.1421,   123.8642       
# span 7 = 3.8641e+00, 3.0073e+03       
# span 8 =    276.107,    327.319       
# span 9 =     83.258,    107.989       
# span 10 =     -0.116,     30.640      
# span 11 =     0.5445,    33.6232      
# span 12 =    -0.0403,    25.7649      
# span 13 =    1454.55,    1492.47      
# span 14 = 0.0000e+00, 0.0000e+00      
# interval = seconds: 0.25
# start_time = May 27 2025 13:29:06 [Instrument's time stamp, header]
# bad_flag = -9.990e-29
*END*
[from data line 193]
        494 147.563309     22.155     22.359    10.7766  37.426277     1.5288 1.6349e+01    291.555    104.080     22.155    33.5855    25.7142    1491.25 0.0000e+00
        495 147.563309     22.266     22.472    10.7675  37.422832     1.5211 1.6129e+01    291.462    104.044     22.266    33.5904    25.7196    1491.22 0.0000e+00
        496 147.563309     22.370     22.577    10.7606  37.419952     1.7367 1.6182e+01    291.481    104.046     22.370    33.5938    25.7234    1491.20 0.0000e+00
        497 147.563309     22.464     22.672    10.7557  37.417797     1.7386 1.6388e+01    291.552    104.066     22.464    33.5961    25.7261    1491.19 0.0000e+00
        498 147.563309     22.551     22.759    10.7521  37.416862     1.4448 1.6511e+01    291.706    104.116     22.551    33.5984    25.7286    1491.18 0.0000e+00
        499 147.563309     22.633     22.842    10.7492  37.416080     1.4391 1.6568e+01    291.622    104.083     22.633    33.6003    25.7305    1491.18 0.0000e+00
        500 147.563324     22.717     22.927    10.7465  37.414639     1.8854 1.6503e+01    291.600    104.073     22.717    33.6012    25.7318    1491.17 0.0000e+00
        501 147.563324     22.808     23.019    10.7438  37.412827     1.8969 1.6112e+01    291.318    103.972     22.808    33.6019    25.7328    1491.16 0.0000e+00
        502 147.563324     22.911     23.122    10.7409  37.410900     1.6775 1.5470e+01    291.166    103.916     22.911    33.6026    25.7338    1491.15 0.0000e+00
        503 147.563324     23.024     23.237    10.7379  37.409145     1.6756 1.4607e+01    291.035    103.866     23.024    33.6035    25.7350    1491.15 0.0000e+00
        504 147.563324     23.144     23.357    10.7351  37.407936     1.9064 1.3734e+01    291.127    103.893     23.143    33.6048    25.7365    1491.14 0.0000e+00
        505 147.563339     23.262     23.477    10.7327  37.407276     1.8797 1.3251e+01    290.984    103.834     23.262    33.6063    25.7381    1491.14 0.0000e+00
        506 147.563339     23.374     23.590    10.7310  37.406811     1.9312 1.3556e+01    290.868    103.787     23.374    33.6074    25.7393    1491.13 0.0000e+00
        507 147.563339     23.475     23.692    10.7297  37.406284     1.9331 1.3879e+01    290.897    103.794     23.475    33.6080    25.7400    1491.13 0.0000e+00
        508 147.563339     23.567     23.785    10.7287  37.405495     1.9217 1.4062e+01    291.056    103.848     23.567    33.6080    25.7402    1491.13 0.0000e+00
        509 147.563339     23.654     23.872    10.7278  37.404289     1.7062 1.4078e+01    291.079    103.853     23.654    33.6077    25.7401    1491.13 0.0000e+00
        510 147.563354     23.740     23.960    10.7266  37.402836     1.7062 1.3870e+01    291.105    103.859     23.740    33.6073    25.7400    1491.12 0.0000e+00
        511 147.563354     23.833     24.053    10.7251  37.401409     1.9808 1.3508e+01    291.146    103.870     23.833    33.6072    25.7402    1491.12 0.0000e+00
        512 147.563354     23.933     24.155    10.7234  37.400040     1.9884 1.3016e+01    291.108    103.854     23.933    33.6073    25.7406    1491.12 0.0000e+00
        513 147.563354     24.043     24.265    10.7217  37.398540     1.9350 1.2539e+01    291.117    103.855     24.043    33.6073    25.7409    1491.11 0.0000e+00
        514 147.563354     24.158     24.381    10.7199  37.396938     1.9274 1.2019e+01    291.077    103.839     24.158    33.6073    25.7412    1491.11 0.0000e+00
        515 147.563370     24.274     24.498    10.7180  37.395504     1.8149 1.1690e+01    290.916    103.780     24.274    33.6076    25.7417    1491.10 0.0000e+00
        516 147.563370     24.386     24.611    10.7162  37.394390     1.7996 1.1611e+01    290.902    103.773     24.386    33.6081    25.7425    1491.10 0.0000e+00
        517 147.563370     24.490     24.716    10.7145  37.393528     1.8912 1.1604e+01    290.741    103.716     24.490    33.6088    25.7433    1491.09 0.0000e+00
        518 147.563370     24.585     24.812    10.7131  37.392693     1.8931 1.1578e+01    290.630    103.676     24.585    33.6092    25.7439    1491.09 0.0000e+00
        519 147.563370     24.673     24.901    10.7118  37.391670     1.8111 1.1576e+01    290.547    103.646     24.673    33.6093    25.7442    1491.09 0.0000e+00
        520 147.563370     24.756     24.985    10.7106  37.390274     1.7824 1.1500e+01    290.494    103.626     24.756    33.6090    25.7442    1491.09 0.0000e+00
        521 147.563385     24.840     25.070    10.7091  37.388439     1.8874 1.1410e+01    290.406    103.593     24.840    33.6085    25.7440    1491.08 0.0000e+00
        522 147.563385     24.930     25.160    10.7072  37.386467     1.8969 1.1205e+01    290.339    103.567     24.930    33.6082    25.7441    1491.08 0.0000e+00
        523 147.563385     25.027     25.259    10.7050  37.384811     1.6241 1.0899e+01    290.437    103.600     25.027    33.6086    25.7448    1491.07 0.0000e+00
        524 147.563385     25.134     25.366    10.7027  37.383583     1.6070 1.0568e+01    290.275    103.540     25.134    33.6094    25.7459    1491.06 0.0000e+00
        525 147.563385     25.247     25.481    10.7006  37.382568     2.2517 1.0219e+01    290.408    103.586     25.247    33.6102    25.7469    1491.06 0.0000e+00
        526 147.563400     25.363     25.598    10.6989  37.381512     2.2688 9.9891e+00    290.503    103.620     25.363    33.6107    25.7476    1491.06 0.0000e+00
        527 147.563400     25.479     25.715    10.6973  37.380405     2.0190 9.8161e+00    290.538    103.633     25.479    33.6110    25.7481    1491.05 0.0000e+00
        528 147.563400     25.591     25.828    10.6958  37.379406     2.0190 9.6630e+00    290.506    103.623     25.591    33.6114    25.7486    1491.05 0.0000e+00
        529 147.563400     25.699     25.937    10.6943  37.378597     2.1391 9.5247e+00    290.573    103.649     25.699    33.6119    25.7493    1491.05 0.0000e+00
        530 147.563400     25.803     26.041    10.6930  37.377945     2.1334 9.3720e+00    290.323    103.561     25.803    33.6124    25.7499    1491.04 0.0000e+00
        531 147.563416     25.902     26.142    10.6919  37.377407     2.0056 9.1776e+00    290.335    103.565     25.902    33.6128    25.7505    1491.04 0.0000e+00
        532 147.563416     25.999     26.239    10.6909  37.376972     2.0285 9.0167e+00    290.238    103.529     25.999    33.6132    25.7509    1491.04 0.0000e+00
        533 147.563416     26.094     26.335    10.6901  37.376678     2.0228 8.8702e+00    290.212    103.517     26.094    33.6137    25.7514    1491.04 0.0000e+00
        534 147.563416     26.187     26.429    10.6894  37.376518     1.8282 8.7471e+00    290.371    103.570     26.187    33.6141    25.7519    1491.04 0.0000e+00
        535 147.563416     26.280     26.523    10.6889  37.376369     1.8416 8.6748e+00    290.446    103.590     26.280    33.6143    25.7521    1491.04 0.0000e+00
        536 147.563416     26.373     26.617    10.6886  37.376091     1.5822 8.6445e+00    290.505    103.606     26.373    33.6144    25.7522    1491.04 0.0000e+00
        537 147.563431     26.469     26.714    10.6882  37.375656     1.5822 8.5843e+00    290.973    103.770     26.469    33.6142    25.7522    1491.04 0.0000e+00
        538 147.563431     26.570     26.816    10.6877  37.375156     1.7481 8.4301e+00    290.932    103.756     26.570    33.6141    25.7522    1491.04 0.0000e+00
        539 147.563431     26.678     26.925    10.6871  37.374714     1.7538 8.1798e+00    290.946    103.763     26.678    33.6142    25.7524    1491.04 0.0000e+00
        540 147.563431     26.794     27.042    10.6864  37.374386     1.6966 7.8320e+00    290.704    103.678     26.794    33.6145    25.7527    1491.04 0.0000e+00
        541 147.563431     26.916     27.165    10.6857  37.374146     1.7157 7.4793e+00    290.678    103.671     26.916    33.6148    25.7531    1491.04 0.0000e+00
        542 147.563446     27.041     27.291    10.6851  37.374035     1.9274 7.1036e+00    290.424    103.582     27.041    33.6152    25.7535    1491.04 0.0000e+00
        543 147.563446     27.163     27.415    10.6845  37.374161     1.9389 6.7896e+00    290.291    103.535     27.163    33.6158    25.7541    1491.04 0.0000e+00
        544 147.563446     27.278     27.530    10.6841  37.374523     2.0132 6.6633e+00    290.352    103.552     27.278    33.6165    25.7547    1491.04 0.0000e+00
        545 147.563446     27.379     27.632    10.6840  37.374954     2.0209 6.6924e+00    290.184    103.484     27.379    33.6169    25.7551    1491.04 0.0000e+00
        546 147.563446     27.463     27.718    10.6841  37.375259     2.0819 6.8551e+00    290.450    103.571     27.463    33.6171    25.7552    1491.05 0.0000e+00
        547 147.563461     27.532     27.786    10.6844  37.375305     2.1067 7.0310e+00    290.532    103.596     27.532    33.6169    25.7550    1491.05 0.0000e+00
        548 147.563461     27.590     27.845    10.6845  37.375023     1.7920 7.1706e+00    290.834    103.703     27.590    33.6165    25.7546    1491.05 0.0000e+00
        549 147.563461     27.649     27.905    10.6844  37.374359     1.7920 7.2382e+00    290.659    103.642     27.649    33.6158    25.7541    1491.05 0.0000e+00
        550 147.563461     27.719     27.975    10.6840  37.373386     2.2936 7.1847e+00    290.393    103.548     27.719    33.6153    25.7538    1491.05 0.0000e+00
        551 147.563461     27.807     28.065    10.6831  37.372234     2.2993 6.8462e+00    290.205    103.484     27.807    33.6149    25.7536    1491.05 0.0000e+00
        552 147.563477     27.916     28.174    10.6818  37.370995     2.8182 6.3674e+00    290.074    103.441     27.916    33.6147    25.7537    1491.04 0.0000e+00
        553 147.563477     28.039     28.298    10.6803  37.369991     2.8220 5.7588e+00    289.894    103.375     28.039    33.6151    25.7543    1491.04 0.0000e+00
        554 147.563477     28.166     28.426    10.6787  37.369553     1.9007 5.0339e+00    289.684    103.295     28.166    33.6161    25.7553    1491.04 0.0000e+00
        555 147.563477     28.286     28.548    10.6774  37.369644     1.8969 4.6645e+00    289.842    103.342     28.286    33.6173    25.7565    1491.04 0.0000e+00
        556 147.563477     28.391     28.654    10.6767  37.369923     1.8263 5.4922e+00    289.948    103.373     28.391    33.6182    25.7573    1491.04 0.0000e+00
        557 147.563477     28.477     28.741    10.6765  37.370167     1.7977 5.8373e+00    290.208    103.462     28.477    33.6186    25.7577    1491.04 0.0000e+00
        558 147.563492     28.548     28.812    10.6766  37.370300     1.7958 6.0015e+00    290.395    103.528     28.548    33.6186    25.7577    1491.04 0.0000e+00
        559 147.563492     28.611     28.876    10.6767  37.370201     1.6794 6.0687e+00    290.515    103.571     28.611    33.6184    25.7575    1491.04 0.0000e+00
        560 147.563492     28.679     28.944    10.6767  37.369617     1.6642 6.0727e+00    290.280    103.488     28.679    33.6177    25.7570    1491.04 0.0000e+00
        561 147.563492     28.761     29.027    10.6764  37.368336     2.0781 5.9117e+00    290.416    103.537     28.761    33.6167    25.7563    1491.04 0.0000e+00
        562 147.563492     28.861     29.128    10.6754  37.366600     2.0876 5.5525e+00    290.244    103.476     28.861    33.6159    25.7558    1491.04 0.0000e+00
        563 147.563507     28.976     29.244    10.6738  37.365051     2.6350 5.0394e+00    290.174    103.449     28.976    33.6158    25.7560    1491.03 0.0000e+00
        564 147.563507     29.098     29.367    10.6718  37.364155     2.6293 4.4945e+00    290.200    103.457     29.098    33.6166    25.7569    1491.03 0.0000e+00
        565 147.563507     29.217     29.487    10.6701  37.363937     1.9923 4.1720e+00    290.056    103.404     29.217    33.6179    25.7583    1491.03 0.0000e+00
        566 147.563507     29.323     29.595    10.6690  37.364071     1.9732 4.6768e+00    290.124    103.426     29.323    33.6190    25.7593    1491.03 0.0000e+00
        567 147.563507     29.414     29.686    10.6685  37.364265     2.1410 4.9814e+00    290.087    103.411     29.414    33.6196    25.7599    1491.03 0.0000e+00
        568 147.563522     29.488     29.761    10.6683  37.364441     2.1410 5.0571e+00    290.261    103.474     29.488    33.6199    25.7602    1491.03 0.0000e+00
        569 147.563522     29.555     29.828    10.6684  37.364399     2.0895 5.1316e+00    290.054    103.401     29.555    33.6198    25.7601    1491.03 0.0000e+00
        570 147.563522     29.624     29.898    10.6683  37.363651     2.0781 5.1372e+00    290.084    103.413     29.624    33.6191    25.7595    1491.03 0.0000e+00
        571 147.563522     29.704     29.979    10.6679  37.362072     2.8544 5.0120e+00    289.948    103.367     29.704    33.6179    25.7587    1491.03 0.0000e+00
        572 147.563522     29.799     30.074    10.6667  37.360291     2.8620 4.7790e+00    289.884    103.345     29.799    33.6171    25.7583    1491.02 0.0000e+00
        573 147.563538     29.906     30.183    10.6648  37.358891     1.9980 4.4119e+00    289.760    103.301     29.906    33.6174    25.7588    1491.02 0.0000e+00
        574 147.563538     30.020     30.298    10.6628  37.358059     1.9923 4.0349e+00    289.861    103.337     30.020    33.6184    25.7600    1491.02 0.0000e+00
        575 147.563538     30.130     30.409    10.6610  37.357712     2.1162 3.8641e+00    289.899    103.350     30.130    33.6196    25.7612    1491.01 0.0000e+00
        576 147.563538     30.227     30.507    10.6598  37.357594     2.1067 4.0676e+00    289.989    103.382     30.227    33.6206    25.7622    1491.01 0.0000e+00
        577 147.563538     30.308     30.588    10.6591  37.357521     1.6775 4.2381e+00    290.068    103.412     30.308    33.6211    25.7627    1491.01 0.0000e+00
        578 147.563538     30.370     30.651    10.6588  37.357384     1.6699 4.2949e+00    290.216    103.466     30.370    33.6213    25.7629    1491.01 0.0000e+00
        579 147.563553     30.419     30.701    10.6585  37.357159     2.2364 4.3118e+00    290.112    103.430     30.419    33.6212    25.7629    1491.01 0.0000e+00
        580 147.563553     30.460     30.742    10.6583  37.356838     2.2402 4.3071e+00    290.075    103.418     30.460    33.6212    25.7629    1491.01 0.0000e+00
        581 147.563553     30.499     30.782    10.6579  37.356438     2.2402 4.2725e+00    290.038    103.404     30.499    33.6211    25.7629    1491.01 0.0000e+00
        582 147.563553     30.539     30.822    10.6574  37.356075     1.7062 4.2169e+00    289.952    103.373     30.539    33.6212    25.7631    1491.01 0.0000e+00
        583 147.563553     30.578     30.862    10.6568  37.355835     1.7119 4.1150e+00    289.940    103.368     30.578    33.6214    25.7634    1491.01 0.0000e+00
        584 147.563568     30.613     30.896    10.6563  37.355770     1.9636 3.9972e+00    290.151    103.442     30.613    33.6218    25.7638    1491.01 0.0000e+00
        585 147.563568     30.635     30.919    10.6559  37.355938     1.9522 3.9876e+00    290.252    103.478     30.635    33.6224    25.7643    1491.01 0.0000e+00
        586 147.563568     30.640     30.924    10.6557  37.356277     2.5473 4.0375e+00    290.290    103.492     30.640    33.6229    25.7647    1491.01 0.0000e+00
        587 147.563568     30.625     30.909    10.6558  37.356655     2.5549 4.1411e+00    290.596    103.602     30.625    33.6231    25.7649    1491.01 0.0000e+00
        588 147.563568     30.594     30.877    10.6562  37.357010     2.8906 4.2706e+00    290.437    103.547     30.594    33.6232    25.7648    1491.01 0.0000e+00
        589 147.563583     30.552     30.835    10.6567  37.357231     2.8735 4.3898e+00    290.518    103.577     30.552    33.6230    25.7646    1491.01 0.0000e+00
