Loch_Etive/CTD_data/sbe55_sbe19p_5215_20250527_re8.cnv
* Sea-Bird SBE 19plus Data File:
* FileName = C:\Data\sbe55_sbe19p_5215\2025-05-27\sbe55_sbe19p_5215_20250527_re8066.hex
* Software Version SeatermAF 2.1.4
* Temperature SN = 5215
* Conductivity SN = 5215
* System UpLoad Time = May 27 2025 14:06:12 (localtime) = May 27 2025 14:06:12 (UTC)
* ds
* SeacatPlus V 1.6b  SERIAL NO. 5215    27 May 2025  14:04:23
# nquan = 15                                
# nvalues = 734                         
# units = specified
# name 0 = scan: Scan Count
# name 1 = timeJ: Julian Days
# name 2 = depSM: Depth [salt water, m], lat = 56.00
# name 3 = prdM: Pressure, Strain Gauge [db]
# name 4 = tv290C: Temperature [ITS-90, deg C]
# name 5 = c0mS/cm: Conductivity [mS/cm]
# name 6 = flECO-AFL: Fluorescence, WET Labs ECO-AFL/FL [mg/m^3]
# name 7 = par/sat/log: PAR/Logarithmic, Satlantic [umol photons/m^2/sec]
# name 8 = sbeox0Mm/L: Oxygen, SBE 43 [umol/l]
# name 9 = sbeox0PS: Oxygen, SBE 43 [% saturation]
# name 10 = depSM: Depth [salt water, m], lat = 56
# name 11 = sal00: Salinity, Practical [PSU]
# name 12 = sigma-é00: Density [sigma-theta, kg/m^3]
# name 13 = svCM: Sound Velocity [Chen-Millero, m/s]
# name 14 = flag: flag
# span 0 =        301,       1034       
# span 1 = 147.562744, 147.564865       
# span 2 =     -0.116,     30.640       
# span 3 =     -0.117,     30.924       
# span 4 =    10.6557,    11.8104       
# span 5 =   0.813890,  37.542812       
# span 6 =    -0.1421,   123.8642       
# span 7 = 3.8641e+00, 3.0073e+03       
# span 8 =    276.107,    327.319       
# span 9 =     83.258,    107.989       
# span 10 =     -0.116,     30.640      
# span 11 =     0.5445,    33.6232      
# span 12 =    -0.0403,    25.7649      
# span 13 =    1454.55,    1492.47      
# span 14 = 0.0000e+00, 0.0000e+00      
# interval = seconds: 0.25
# start_time = May 27 2025 13:29:06 [Instrument's time stamp, header]
# bad_flag = -9.990e-29
*END*
[from data line 97]
        398 147.563019     12.421     12.536    11.0154  37.462856     2.4825 5.9888e+01    299.972    107.658     12.421    33.4079    25.5333    1491.71 0.0000e+00
        399 147.563034     12.518     12.633    11.0113  37.468964     2.4825 6.2959e+01    300.010    107.674     12.518    33.4176    25.5417    1491.71 0.0000e+00
        400 147.563034     12.602     12.718    11.0090  37.472824     2.6064 6.7856e+01    300.163    107.731     12.602    33.4235    25.5467    1491.71 0.0000e+00
        401 147.563034     12.673     12.790    11.0078  37.475533     2.6141 7.6333e+01    300.233    107.757     12.673    33.4272    25.5497    1491.71 0.0000e+00
        402 147.563034     12.737     12.854    11.0074  37.478527     2.1811 8.3995e+01    300.268    107.771     12.737    33.4305    25.5524    1491.72 0.0000e+00
        403 147.563034     12.802     12.920    11.0072  37.483303     2.1849 8.3483e+01    300.070    107.704     12.802    33.4354    25.5562    1491.72 0.0000e+00
        404 147.563034     12.876     12.995    11.0072  37.490425     2.2650 7.4505e+01    300.149    107.734     12.876    33.4425    25.5618    1491.73 0.0000e+00
        405 147.563049     12.964     13.084    11.0073  37.498547     2.2631 6.8422e+01    300.178    107.741     12.964    33.4505    25.5680    1491.74 0.0000e+00
        406 147.563049     13.064     13.185    11.0077  37.505367     2.2841 6.3249e+01    300.055    107.694     13.064    33.4568    25.5728    1491.76 0.0000e+00
        407 147.563049     13.170     13.292    11.0084  37.509899     2.2746 6.0334e+01    299.968    107.656     13.170    33.4606    25.5757    1491.76 0.0000e+00
        408 147.563049     13.275     13.397    11.0093  37.512730     2.3318 6.2085e+01    299.967    107.642     13.275    33.4626    25.5770    1491.77 0.0000e+00
        409 147.563049     13.371     13.495    11.0101  37.514713     2.3241 6.7046e+01    300.045    107.651     13.371    33.4637    25.5778    1491.78 0.0000e+00
        410 147.563065     13.459     13.583    11.0109  37.516441     2.1601 6.8977e+01    300.052    107.639     13.459    33.4647    25.5784    1491.78 0.0000e+00
        411 147.563065     13.540     13.664    11.0114  37.518208     2.0533 7.0193e+01    300.128    107.653     13.540    33.4660    25.5793    1491.79 0.0000e+00
        412 147.563065     13.620     13.745    11.0117  37.520107     2.0571 6.7856e+01    299.893    107.558     13.620    33.4676    25.5805    1491.79 0.0000e+00
        413 147.563065     13.706     13.832    11.0117  37.522064     2.2231 6.4546e+01    299.722    107.488     13.706    33.4694    25.5819    1491.80 0.0000e+00
        414 147.563065     13.800     13.927    11.0116  37.524002     2.2326 6.1815e+01    299.752    107.490     13.800    33.4714    25.5835    1491.80 0.0000e+00
        415 147.563080     13.903     14.031    11.0116  37.525917     2.1754 5.8838e+01    299.810    107.503     13.903    33.4733    25.5850    1491.80 0.0000e+00
        416 147.563080     14.012     14.141    11.0116  37.527874     2.1773 5.7316e+01    299.740    107.472     14.012    33.4752    25.5865    1491.81 0.0000e+00
        417 147.563080     14.121     14.251    11.0116  37.529877     2.7514 5.5821e+01    299.777    107.482     14.121    33.4771    25.5880    1491.81 0.0000e+00
        418 147.563080     14.230     14.361    11.0116  37.531849     2.7552 5.5785e+01    299.524    107.389     14.230    33.4790    25.5894    1491.82 0.0000e+00
        419 147.563080     14.336     14.468    11.0115  37.533855     2.4863 5.5408e+01    299.514    107.384     14.336    33.4810    25.5910    1491.82 0.0000e+00
        420 147.563080     14.442     14.575    11.0112  37.536110     2.4863 5.5919e+01    299.441    107.354     14.442    33.4835    25.5930    1491.82 0.0000e+00
        421 147.563095     14.549     14.684    11.0103  37.538635     1.9846 5.6657e+01    299.410    107.337     14.549    33.4868    25.5957    1491.83 0.0000e+00
        422 147.563095     14.660     14.795    11.0088  37.540913     1.9846 5.6434e+01    299.452    107.345     14.660    33.4904    25.5988    1491.83 0.0000e+00
        423 147.563095     14.773     14.909    11.0065  37.542366     2.0438 5.4449e+01    299.275    107.276     14.773    33.4939    25.6019    1491.82 0.0000e+00
        424 147.563095     14.889     15.027    11.0033  37.542812     2.0533 5.1230e+01    299.202    107.248     14.889    33.4972    25.6051    1491.82 0.0000e+00
        425 147.563095     15.007     15.145    10.9990  37.542347     2.0075 4.8540e+01    299.020    107.180     15.007    33.5006    25.6085    1491.81 0.0000e+00
        426 147.563110     15.124     15.263    10.9934  37.541298     2.0304 4.6966e+01    298.911    107.137     15.124    33.5046    25.6126    1491.80 0.0000e+00
        427 147.563110     15.239     15.380    10.9869  37.540039     1.9617 4.6142e+01    298.656    107.036     15.239    33.5092    25.6174    1491.78 0.0000e+00
        428 147.563110     15.353     15.494    10.9803  37.538731     1.9579 4.6405e+01    298.684    107.034     15.353    33.5140    25.6222    1491.77 0.0000e+00
        429 147.563110     15.464     15.607    10.9740  37.537357     1.8263 4.7523e+01    298.322    106.891     15.464    33.5183    25.6267    1491.75 0.0000e+00
        430 147.563110     15.574     15.718    10.9684  37.535854     1.8263 4.8023e+01    298.217    106.845     15.574    33.5219    25.6305    1491.74 0.0000e+00
        431 147.563126     15.683     15.828    10.9635  37.534222     2.2688 4.7409e+01    298.105    106.800     15.683    33.5247    25.6336    1491.73 0.0000e+00
        432 147.563126     15.792     15.937    10.9592  37.532627     2.2746 4.5901e+01    297.788    106.681     15.792    33.5270    25.6362    1491.71 0.0000e+00
        433 147.563126     15.899     16.046    10.9554  37.531269     2.1525 4.3920e+01    297.722    106.654     15.899    33.5290    25.6384    1491.71 0.0000e+00
        434 147.563126     16.007     16.154    10.9522  37.530289     2.1544 4.2107e+01    297.696    106.644     16.007    33.5309    25.6404    1491.70 0.0000e+00
        435 147.563126     16.115     16.264    10.9495  37.529716     2.1391 4.0795e+01    297.599    106.610     16.115    33.5327    25.6424    1491.69 0.0000e+00
        436 147.563141     16.224     16.374    10.9472  37.529434     1.8397 4.0080e+01    297.783    106.676     16.224    33.5346    25.6442    1491.69 0.0000e+00
        437 147.563141     16.335     16.486    10.9450  37.529198     1.8320 4.0045e+01    297.808    106.685     16.335    33.5363    25.6459    1491.69 0.0000e+00
        438 147.563141     16.445     16.597    10.9427  37.528751     2.0151 4.0396e+01    297.851    106.699     16.445    33.5379    25.6476    1491.68 0.0000e+00
        439 147.563141     16.554     16.707    10.9401  37.528076     2.0056 3.9861e+01    297.982    106.743     16.554    33.5396    25.6493    1491.68 0.0000e+00
        440 147.563141     16.659     16.812    10.9374  37.527374     2.1429 3.9000e+01    298.045    106.760     16.659    33.5413    25.6512    1491.67 0.0000e+00
        441 147.563141     16.759     16.913    10.9347  37.526627     2.1410 3.7776e+01    298.034    106.752     16.759    33.5429    25.6529    1491.66 0.0000e+00
        442 147.563156     16.855     17.010    10.9323  37.525566     2.7552 3.7350e+01    297.980    106.731     16.855    33.5441    25.6543    1491.66 0.0000e+00
        443 147.563156     16.950     17.106    10.9298  37.523987     2.7552 3.7440e+01    298.074    106.763     16.950    33.5447    25.6552    1491.65 0.0000e+00
        444 147.563156     17.046     17.204    10.9271  37.521820     1.8664 3.8008e+01    298.284    106.837     17.046    33.5451    25.6560    1491.64 0.0000e+00
        445 147.563156     17.149     17.307    10.9237  37.519287     1.8816 3.8258e+01    298.352    106.862     17.149    33.5456    25.6569    1491.63 0.0000e+00
        446 147.563156     17.259     17.418    10.9197  37.516949     2.3013 3.7350e+01    298.299    106.845     17.259    33.5468    25.6587    1491.62 0.0000e+00
        447 147.563171     17.376     17.537    10.9155  37.515171     2.3127 3.5196e+01    298.116    106.781     17.376    33.5489    25.6610    1491.61 0.0000e+00
        448 147.563171     17.499     17.660    10.9116  37.513882     2.1201 3.3130e+01    297.966    106.729     17.499    33.5511    25.6635    1491.60 0.0000e+00
        449 147.563171     17.621     17.784    10.9083  37.512981     2.1105 3.1631e+01    297.876    106.698     17.621    33.5532    25.6656    1491.60 0.0000e+00
        450 147.563171     17.740     17.904    10.9057  37.512428     1.8626 3.0934e+01    297.755    106.652     17.740    33.5549    25.6675    1491.59 0.0000e+00
        451 147.563171     17.851     18.016    10.9037  37.512180     1.8626 3.1002e+01    297.825    106.669     17.851    33.5565    25.6690    1491.59 0.0000e+00
        452 147.563187     17.953     18.119    10.9024  37.512127     2.4500 3.1294e+01    297.787    106.637     17.953    33.5576    25.6702    1491.59 0.0000e+00
        453 147.563187     18.045     18.211    10.9014  37.512054     2.4538 3.1459e+01    298.022    106.700     18.045    33.5583    25.6709    1491.59 0.0000e+00
        454 147.563187     18.128     18.295    10.9008  37.511822     1.9846 3.1294e+01    298.194    106.744     18.128    33.5587    25.6713    1491.59 0.0000e+00
        455 147.563187     18.206     18.374    10.9002  37.511326     1.9942 3.1090e+01    298.267    106.765     18.206    33.5587    25.6714    1491.59 0.0000e+00
        456 147.563187     18.285     18.454    10.8994  37.510532     1.5326 3.0853e+01    298.218    106.748     18.285    33.5586    25.6714    1491.58 0.0000e+00
        457 147.563202     18.372     18.542    10.8984  37.509640     1.5536 3.0378e+01    297.928    106.644     18.372    33.5586    25.6716    1491.58 0.0000e+00
        458 147.563202     18.474     18.644    10.8972  37.508961     1.6089 2.9683e+01    297.713    106.564     18.474    33.5590    25.6721    1491.58 0.0000e+00
        459 147.563202     18.591     18.762    10.8958  37.508614     1.6184 2.8633e+01    297.357    106.430     18.591    33.5598    25.6730    1491.58 0.0000e+00
        460 147.563202     18.720     18.893    10.8947  37.508453     1.6165 2.7159e+01    297.176    106.357     18.720    33.5606    25.6738    1491.58 0.0000e+00
        461 147.563202     18.853     19.027    10.8939  37.508434     2.0037 2.4860e+01    296.981    106.279     18.853    33.5613    25.6745    1491.58 0.0000e+00
        462 147.563202     18.980     19.155    10.8933  37.508621     2.0266 2.3222e+01    296.742    106.188     18.980    33.5620    25.6752    1491.58 0.0000e+00
        463 147.563217     19.091     19.268    10.8930  37.508873     1.9389 2.5083e+01    296.712    106.174     19.091    33.5625    25.6756    1491.58 0.0000e+00
        464 147.563217     19.182     19.359    10.8929  37.508900     1.9503 2.6485e+01    296.655    106.150     19.182    33.5625    25.6757    1491.58 0.0000e+00
        465 147.563217     19.256     19.434    10.8928  37.508530     2.2364 2.6864e+01    296.720    106.171     19.256    33.5622    25.6754    1491.58 0.0000e+00
        466 147.563217     19.321     19.499    10.8925  37.507580     2.2364 2.6805e+01    296.649    106.144     19.321    33.5615    25.6750    1491.58 0.0000e+00
        467 147.563217     19.388     19.567    10.8916  37.505764     1.8607 2.6549e+01    296.714    106.167     19.388    33.5605    25.6744    1491.58 0.0000e+00
        468 147.563232     19.469     19.648    10.8897  37.502914     1.8645 2.5987e+01    296.589    106.121     19.469    33.5594    25.6738    1491.57 0.0000e+00
        469 147.563232     19.566     19.747    10.8864  37.499130     1.5307 2.4725e+01    296.504    106.089     19.566    33.5586    25.6737    1491.56 0.0000e+00
        470 147.563232     19.679     19.860    10.8817  37.495110     1.5326 2.2930e+01    296.546    106.102     19.679    33.5588    25.6748    1491.54 0.0000e+00
        471 147.563232     19.799     19.982    10.8759  37.492226     1.9541 2.1169e+01    296.457    106.062     19.799    33.5612    25.6777    1491.53 0.0000e+00
        472 147.563232     19.918     20.102    10.8702  37.490887     1.9484 2.0875e+01    296.462    106.050     19.918    33.5651    25.6817    1491.52 0.0000e+00
        473 147.563248     20.030     20.215    10.8658  37.490055     1.9865 2.2143e+01    296.341    105.974     20.030    33.5682    25.6849    1491.51 0.0000e+00
        474 147.563248     20.130     20.316    10.8628  37.489033     1.9923 2.2558e+01    296.390    105.957     20.130    33.5699    25.6868    1491.50 0.0000e+00
        475 147.563248     20.219     20.405    10.8605  37.487671     1.8931 2.2632e+01    296.178    105.846     20.219    33.5706    25.6877    1491.49 0.0000e+00
        476 147.563248     20.301     20.489    10.8584  37.485878     1.8912 2.2770e+01    295.977    105.749     20.301    33.5707    25.6882    1491.49 0.0000e+00
        477 147.563248     20.383     20.572    10.8559  37.483887     1.5879 2.2785e+01    295.910    105.706     20.383    33.5710    25.6889    1491.48 0.0000e+00
        478 147.563248     20.471     20.660    10.8530  37.482155     1.5860 2.2661e+01    295.609    105.591     20.471    33.5718    25.6900    1491.47 0.0000e+00
        479 147.563263     20.568     20.758    10.8501  37.480839     1.9617 2.2090e+01    295.197    105.430     20.568    33.5731    25.6915    1491.47 0.0000e+00
        480 147.563263     20.674     20.865    10.8475  37.479805     1.9541 2.1206e+01    294.670    105.249     20.674    33.5744    25.6930    1491.46 0.0000e+00
        481 147.563263     20.786     20.978    10.8453  37.478962     1.4448 2.0237e+01    294.338    105.128     20.786    33.5756    25.6943    1491.46 0.0000e+00
        482 147.563263     20.900     21.093    10.8434  37.478230     1.4525 1.9560e+01    293.661    104.882     20.900    33.5765    25.6954    1491.45 0.0000e+00
        483 147.563263     21.011     21.205    10.8418  37.477543     1.8435 1.9339e+01    293.357    104.767     21.011    33.5773    25.6963    1491.45 0.0000e+00
        484 147.563278     21.116     21.311    10.8403  37.476791     2.0190 1.9373e+01    293.059    104.654     21.116    33.5779    25.6970    1491.45 0.0000e+00
        485 147.563278     21.215     21.411    10.8388  37.475670     2.0247 1.9530e+01    292.722    104.525     21.215    33.5781    25.6974    1491.44 0.0000e+00
        486 147.563278     21.309     21.506    10.8372  37.473854     1.8607 1.9667e+01    292.641    104.488     21.309    33.5777    25.6974    1491.44 0.0000e+00
        487 147.563278     21.401     21.599    10.8350  37.471115     1.8664 1.9766e+01    292.525    104.442     21.401    33.5770    25.6972    1491.43 0.0000e+00
        488 147.563278     21.495     21.694    10.8318  37.467003     1.5745 1.9594e+01    292.527    104.440     21.495    33.5758    25.6969    1491.42 0.0000e+00
        489 147.563293     21.593     21.792    10.8270  37.461090     1.5879 1.9242e+01    292.633    104.479     21.593    33.5742    25.6965    1491.40 0.0000e+00
        490 147.563293     21.696     21.897    10.8201  37.453461     1.9026 1.8728e+01    292.278    104.352     21.696    33.5729    25.6967    1491.38 0.0000e+00
        491 147.563293     21.806     22.008    10.8107  37.445057     1.8988 1.8152e+01    292.138    104.301     21.806    33.5731    25.6985    1491.35 0.0000e+00
        492 147.563293     21.921     22.123    10.7994  37.437305     1.6222 1.7483e+01    291.811    104.181     21.921    33.5757    25.7025    1491.31 0.0000e+00
