Loch_Etive/CTD_data/sbe55_sbe19p_5215_20250527_re8.cnv
* Sea-Bird SBE 19plus Data File:
* FileName = C:\Data\sbe55_sbe19p_5215\2025-05-27\sbe55_sbe19p_5215_20250527_re8066.hex
* Software Version SeatermAF 2.1.4
* Temperature SN = 5215
* Conductivity SN = 5215
* System UpLoad Time = May 27 2025 14:06:12 (localtime) = May 27 2025 14:06:12 (UTC)
* ds
* SeacatPlus V 1.6b  SERIAL NO. 5215    27 May 2025  14:04:23
# nquan = 15                                
# nvalues = 734                         
# units = specified
# name 0 = scan: Scan Count
# name 1 = timeJ: Julian Days
# name 2 = depSM: Depth [salt water, m], lat = 56.00
# name 3 = prdM: Pressure, Strain Gauge [db]
# name 4 = tv290C: Temperature [ITS-90, deg C]
# name 5 = c0mS/cm: Conductivity [mS/cm]
# name 6 = flECO-AFL: Fluorescence, WET Labs ECO-AFL/FL [mg/m^3]
# name 7 = par/sat/log: PAR/Logarithmic, Satlantic [umol photons/m^2/sec]
# name 8 = sbeox0Mm/L: Oxygen, SBE 43 [umol/l]
# name 9 = sbeox0PS: Oxygen, SBE 43 [% saturation]
# name 10 = depSM: Depth [salt water, m], lat = 56
# name 11 = sal00: Salinity, Practical [PSU]
# name 12 = sigma-é00: Density [sigma-theta, kg/m^3]
# name 13 = svCM: Sound Velocity [Chen-Millero, m/s]
# name 14 = flag: flag
# span 0 =        301,       1034       
# span 1 = 147.562744, 147.564865       
# span 2 =     -0.116,     30.640       
# span 3 =     -0.117,     30.924       
# span 4 =    10.6557,    11.8104       
# span 5 =   0.813890,  37.542812       
# span 6 =    -0.1421,   123.8642       
# span 7 = 3.8641e+00, 3.0073e+03       
# span 8 =    276.107,    327.319       
# span 9 =     83.258,    107.989       
# span 10 =     -0.116,     30.640      
# span 11 =     0.5445,    33.6232      
# span 12 =    -0.0403,    25.7649      
# span 13 =    1454.55,    1492.47      
# span 14 = 0.0000e+00, 0.0000e+00      
# interval = seconds: 0.25
# start_time = May 27 2025 13:29:06 [Instrument's time stamp, header]
# bad_flag = -9.990e-29
*END*
[from data line 579]
        880 147.564423      4.793      4.838    11.7271  36.744022     1.5803 5.0116e+02    292.053    105.473      4.793    32.0742    24.3680    1492.47 0.0000e+00
        881 147.564423      4.707      4.751    11.7282  36.744087     1.5898 6.5460e+02    292.350    105.576      4.707    32.0733    24.3671    1492.47 0.0000e+00
        882 147.564423      4.620      4.663    11.7290  36.744263     1.3743 4.5644e+02    292.369    105.579      4.620    32.0729    24.3666    1492.47 0.0000e+00
        883 147.564423      4.531      4.573    11.7297  36.744633     1.3800 4.2984e+02    292.305    105.551      4.531    32.0727    24.3663    1492.47 0.0000e+00
        884 147.564423      4.441      4.482    11.7304  36.745174     1.4467 4.3560e+02    292.491    105.611      4.441    32.0726    24.3661    1492.47 0.0000e+00
        885 147.564438      4.351      4.391    11.7312  36.745777     1.4353 5.8026e+02    292.925    105.760      4.351    32.0726    24.3659    1492.47 0.0000e+00
        886 147.564438      4.262      4.301    11.7320  36.746208     1.3743 6.7950e+02    292.557    105.630      4.262    32.0723    24.3655    1492.47 0.0000e+00
        887 147.564438      4.174      4.213    11.7328  36.746231     1.3800 5.4955e+02    292.360    105.567      4.174    32.0717    24.3649    1492.47 0.0000e+00
        888 147.564438      4.089      4.126    11.7333  36.745804     1.5326 5.6438e+02    292.425    105.590      4.089    32.0708    24.3642    1492.47 0.0000e+00
        889 147.564438      4.004      4.041    11.7335  36.745018     1.5440 7.7464e+02    292.253    105.526      4.004    32.0700    24.3635    1492.47 0.0000e+00
        890 147.564453      3.919      3.956    11.7332  36.744072     1.3190 5.5558e+02    292.440    105.585      3.919    32.0693    24.3630    1492.47 0.0000e+00
        891 147.564453      3.834      3.869    11.7327  36.743111     1.3132 5.0468e+02    292.423    105.583      3.834    32.0689    24.3628    1492.46 0.0000e+00
        892 147.564453      3.749      3.784    11.7321  36.742046     1.2522 5.2308e+02    292.288    105.536      3.749    32.0684    24.3625    1492.46 0.0000e+00
        893 147.564453      3.666      3.700    11.7314  36.740776     1.2636 7.7025e+02    292.268    105.513      3.666    32.0678    24.3621    1492.46 0.0000e+00
        894 147.564453      3.588      3.621    11.7308  36.739250     1.2827 1.0953e+03    292.452    105.582      3.588    32.0668    24.3615    1492.45 0.0000e+00
        895 147.564468      3.515      3.547    11.7303  36.737438     1.2884 6.0563e+02    292.284    105.525      3.515    32.0656    24.3607    1492.45 0.0000e+00
        896 147.564468      3.447      3.478    11.7296  36.735474     1.4715 9.2010e+02    292.465    105.596      3.447    32.0643    24.3597    1492.44 0.0000e+00
        897 147.564468      3.383      3.414    11.7290  36.733582     1.4792 8.8754e+02    292.300    105.545      3.383    32.0630    24.3589    1492.44 0.0000e+00
        898 147.564468      3.322      3.352    11.7282  36.731590     1.4601 9.6581e+02    292.370    105.574      3.322    32.0618    24.3581    1492.43 0.0000e+00
        899 147.564468      3.261      3.291    11.7273  36.729065     1.1549 6.0629e+02    292.384    105.574      3.261    32.0601    24.3569    1492.43 0.0000e+00
        900 147.564484      3.200      3.229    11.7265  36.725651     1.1683 9.4598e+02    292.390    105.577      3.200    32.0575    24.3551    1492.42 0.0000e+00
        901 147.564484      3.137      3.166    11.7260  36.721058     1.3209 7.6673e+02    292.418    105.579      3.137    32.0536    24.3521    1492.41 0.0000e+00
        902 147.564484      3.072      3.100    11.7259  36.715351     1.3209 6.6744e+02    292.312    105.537      3.072    32.0481    24.3478    1492.40 0.0000e+00
        903 147.564484      3.005      3.032    11.7266  36.709568     1.2007 9.9362e+02    292.820    105.722      3.005    32.0420    24.3430    1492.40 0.0000e+00
        904 147.564484      2.935      2.962    11.7277  36.705021     1.1721 8.5556e+02    292.702    105.686      2.935    32.0366    24.3386    1492.39 0.0000e+00
        905 147.564484      2.863      2.890    11.7290  36.701569     1.1740 7.3685e+02    292.456    105.599      2.863    32.0322    24.3349    1492.39 0.0000e+00
        906 147.564499      2.792      2.817    11.7301  36.697975     1.1587 7.9347e+02    292.483    105.607      2.792    32.0278    24.3313    1492.39 0.0000e+00
        907 147.564499      2.722      2.747    11.7310  36.693596     1.3743 7.6991e+02    292.706    105.686      2.722    32.0228    24.3273    1492.38 0.0000e+00
        908 147.564499      2.655      2.679    11.7318  36.688828     1.3857 7.5890e+02    292.620    105.660      2.655    32.0174    24.3230    1492.38 0.0000e+00
        909 147.564499      2.593      2.617    11.7327  36.684185     1.1873 5.8855e+02    292.747    105.710      2.593    32.0122    24.3187    1492.38 0.0000e+00
        910 147.564499      2.534      2.558    11.7338  36.678848     1.1969 6.2813e+02    292.648    105.674      2.534    32.0061    24.3138    1492.37 0.0000e+00
        911 147.564514      2.478      2.501    11.7352  36.672661     1.3132 6.8263e+02    292.526    105.630      2.478    31.9989    24.3080    1492.37 0.0000e+00
        912 147.564514      2.422      2.444    11.7370  36.667271     1.3247 5.8127e+02    292.361    105.555      2.422    31.9921    24.3024    1492.36 0.0000e+00
        913 147.564514      2.364      2.385    11.7392  36.663845     1.2045 8.5668e+02    291.968    105.411      2.364    31.9870    24.2980    1492.36 0.0000e+00
        914 147.564514      2.302      2.323    11.7410  36.662674     1.2007 1.0229e+03    292.005    105.463      2.302    31.9843    24.2955    1492.37 0.0000e+00
        915 147.564514      2.237      2.257    11.7422  36.663326     1.2026 1.0974e+03    291.856    105.437      2.237    31.9839    24.2950    1492.37 0.0000e+00
        916 147.564529      2.169      2.189    11.7427  36.664257     1.1854 7.0953e+02    291.789    105.405      2.169    31.9844    24.2953    1492.37 0.0000e+00
        917 147.564529      2.099      2.119    11.7427  36.664192     1.3094 7.7126e+02    291.827    105.446      2.099    31.9844    24.2953    1492.37 0.0000e+00
        918 147.564529      2.029      2.048    11.7429  36.662476     1.3170 8.3089e+02    291.733    105.395      2.029    31.9826    24.2939    1492.37 0.0000e+00
        919 147.564529      1.960      1.978    11.7435  36.658699     1.3209 8.5183e+02    291.852    105.425      1.960    31.9784    24.2905    1492.36 0.0000e+00
        920 147.564529      1.891      1.909    11.7450  36.653313     1.3170 1.0209e+03    291.798    105.413      1.891    31.9719    24.2852    1492.36 0.0000e+00
        921 147.564529      1.824      1.841    11.7476  36.647221     1.1912 8.1223e+02    291.739    105.391      1.824    31.9639    24.2785    1492.36 0.0000e+00
        922 147.564545      1.759      1.775    11.7508  36.640610     1.2064 1.2687e+03    291.582    105.337      1.759    31.9547    24.2708    1492.36 0.0000e+00
        923 147.564545      1.696      1.711    11.7545  36.633007     1.1893 9.6560e+02    291.396    105.255      1.696    31.9442    24.2620    1492.36 0.0000e+00
        924 147.564545      1.635      1.650    11.7585  36.624161     1.2980 1.1600e+03    291.610    105.315      1.635    31.9322    24.2519    1492.35 0.0000e+00
        925 147.564545      1.578      1.592    11.7629  36.614658     1.2770 9.2797e+02    291.542    105.279      1.578    31.9192    24.2410    1492.35 0.0000e+00
        926 147.564545      1.521      1.535    11.7676  36.605232     1.1606 1.1926e+03    291.545    105.309      1.521    31.9061    24.2299    1492.35 0.0000e+00
        927 147.564560      1.463      1.476    11.7723  36.595932     1.1664 1.2565e+03    291.500    105.321      1.463    31.8931    24.2190    1492.35 0.0000e+00
        928 147.564560      1.400      1.413    11.7767  36.586594     1.1301 1.7934e+03    291.758    105.399      1.400    31.8802    24.2082    1492.35 0.0000e+00
        929 147.564560      1.330      1.342    11.7810  36.577454     1.1263 1.0344e+03    291.407    105.275      1.330    31.8677    24.1978    1492.35 0.0000e+00
        930 147.564560      1.254      1.265    11.7851  36.570236     1.2255 1.9316e+03    291.148    105.188      1.254    31.8572    24.1888    1492.35 0.0000e+00
        931 147.564560      1.175      1.185    11.7893  36.569061     1.2274 1.8911e+03    290.806    105.067      1.175    31.8525    24.1844    1492.36 0.0000e+00
        932 147.564575      1.098      1.108    11.7930  36.575829     1.0977 1.0285e+03    290.469    104.928      1.098    31.8560    24.1864    1492.37 0.0000e+00
        933 147.564575      1.030      1.040    11.7953  36.586384     1.0996 2.6449e+03    290.373    104.878      1.030    31.8642    24.1924    1492.39 0.0000e+00
        934 147.564575      0.973      0.981    11.7960  36.596832     1.1053 1.6391e+03    289.429    104.531      0.973    31.8737    24.1996    1492.40 0.0000e+00
        935 147.564575      0.923      0.932    11.7956  36.605503     1.0977 1.4824e+03    288.402    104.161      0.923    31.8826    24.2066    1492.41 0.0000e+00
        936 147.564575      0.876      0.884    11.7945  36.609898     1.1168 8.0411e+02    286.560    103.495      0.876    31.8878    24.2108    1492.41 0.0000e+00
        937 147.564590      0.823      0.830    11.7936  36.610558     1.1053 3.0073e+03    284.561    102.770      0.823    31.8892    24.2121    1492.41 0.0000e+00
        938 147.564590      0.759      0.766    11.7932  36.609566     1.2026 1.4776e+03    282.870    102.160      0.759    31.8886    24.2117    1492.41 0.0000e+00
        939 147.564590      0.683      0.689    11.7935  36.606407     1.1950 1.6238e+03    280.565    101.325      0.683    31.8853    24.2091    1492.40 0.0000e+00
        940 147.564590      0.599      0.604    11.7943  36.599487     1.0958 1.9278e+03    289.715    100.571      0.599    31.8779    24.2032    1492.40 0.0000e+00
        941 147.564590      0.517      0.521    11.7961  36.587845     1.1034 1.8804e+03    327.319     99.776      0.517    31.8652    24.1930    1492.39 0.0000e+00
        942 147.564590      0.445      0.449    11.7990  36.573414     1.2484 1.3933e+03    324.384     98.635      0.445    31.8487    24.1797    1492.37 0.0000e+00
        943 147.564606      0.391      0.394    11.8029  36.561085     1.2598 1.1469e+03    316.423     97.116      0.391    31.8335    24.1671    1492.37 0.0000e+00
        944 147.564606      0.353      0.356    11.8068  36.553970     1.1301 1.8454e+03    311.090     95.322      0.353    31.8233    24.1585    1492.37 0.0000e+00
        945 147.564606      0.325      0.328    11.8095  36.548416     1.1358 1.3069e+03    306.383     93.298      0.325    31.8156    24.1521    1492.37 0.0000e+00
        946 147.564606      0.299      0.302    11.8104  36.538567     1.1511 7.1842e+02    301.177     91.170      0.299    31.8053    24.1439    1492.36 0.0000e+00
        947 147.564606      0.265      0.268    11.8100  36.521255     1.1645 7.0814e+02    296.278     89.307      0.265    31.7889    24.1312    1492.34 0.0000e+00
        948 147.564621      0.221      0.223    11.8088  36.490921     1.1683 6.9663e+02    290.863     87.459      0.221    31.7606    24.1095    1492.30 0.0000e+00
        949 147.564621      0.167      0.169    11.8070  36.436287     1.1721 1.3721e+03    285.179     86.007      0.167    31.7093    24.0700    1492.23 0.0000e+00
        950 147.564621      0.111      0.112    11.8049  36.341187     1.1454 1.3294e+03    282.769     84.919      0.111    31.6192    24.0004    1492.11 0.0000e+00
        951 147.564621      0.062      0.063    11.8031  36.182281     1.5211 1.2832e+03    280.512     84.267      0.062    31.4671    23.8827    1491.93 0.0000e+00
        952 147.564621      0.023      0.024    11.8020  35.920620     1.5402 8.5314e+02    278.981     83.781      0.023    31.2152    23.6875    1491.62 0.0000e+00
        953 147.564636     -0.007     -0.007    11.8015  35.488728     1.0786 6.9345e+02    277.950     83.584     -0.007    30.7991    23.3647    1491.12 0.0000e+00
        954 147.564636     -0.031     -0.031    11.8012  34.772575     1.0824 6.6642e+02    277.436     83.397     -0.031    30.1103    22.8304    1490.30 0.0000e+00
        955 147.564636     -0.049     -0.050    11.8010  33.581928     2.3547 6.7551e+02    276.107     83.301     -0.049    28.9697    21.9460    1488.93 0.0000e+00
        956 147.564636     -0.064     -0.064    11.8008  31.599937     2.3585 1.0707e+03    276.118     83.287     -0.064    27.0842    20.4847    1486.68 0.0000e+00
        957 147.564636     -0.075     -0.076    11.8004  28.298502    -0.0868 1.1029e+03    276.895     83.375     -0.075    23.9806    18.0817    1482.99 0.0000e+00
        958 147.564651     -0.084     -0.085    11.7998  23.235571    -0.0734 1.1484e+03    277.012     83.326     -0.084    19.3146    14.4730    1477.43 0.0000e+00
        959 147.564651     -0.091     -0.092    11.7991  17.498852     0.5541 1.2294e+03    277.243     83.279     -0.091    14.1748    10.5017    1471.32 0.0000e+00
        960 147.564651     -0.096     -0.097    11.7981  13.152482     0.5503 1.2318e+03    277.550     83.304     -0.096    10.3986     7.5845    1466.81 0.0000e+00
        961 147.564651     -0.100     -0.101    11.7971  10.541285   123.8432 1.3172e+03    277.622     83.258     -0.100     8.1874     5.8756    1464.17 0.0000e+00
        962 147.564651     -0.103     -0.104    11.7961   8.776727   123.8603 1.4117e+03    278.138     83.325     -0.103     6.7216     4.7420    1462.41 0.0000e+00
        963 147.564651     -0.106     -0.107    11.7952   7.389172   123.8508 1.4368e+03    278.710     83.355     -0.106     5.5873     3.8644    1461.04 0.0000e+00
        964 147.564667     -0.108     -0.109    11.7942   6.271896   123.8489 1.4147e+03    278.885     83.328     -0.108     4.6873     3.1675    1459.96 0.0000e+00
        965 147.564667     -0.109     -0.110    11.7930   5.423804     3.1920 1.4300e+03    279.132     83.336     -0.109     4.0131     2.6451    1459.14 0.0000e+00
        966 147.564667     -0.110     -0.111    11.7918   4.845756     3.2092 6.3322e+02    279.513     83.374     -0.110     3.5585     2.2927    1458.58 0.0000e+00
        967 147.564667     -0.112     -0.113    11.7904   4.466244     2.7323 5.6094e+02    279.641     83.361     -0.112     3.2624     2.0632    1458.22 0.0000e+00
        968 147.564667     -0.112     -0.113    11.7890   4.192333     2.7342 5.5039e+02    279.806     83.372     -0.112     3.0499     1.8985    1457.96 0.0000e+00
        969 147.564682     -0.113     -0.114    11.7875   4.020617     6.3220 6.1389e+02    279.704     83.353     -0.113     2.9173     1.7957    1457.79 0.0000e+00
        970 147.564682     -0.113     -0.114    11.7860   3.957574     6.3106 1.6922e+03    279.509     83.305     -0.113     2.8688     1.7582    1457.73 0.0000e+00
        971 147.564682     -0.114     -0.115    11.7845   3.970018     6.2972 1.6578e+03    279.868     83.364     -0.114     2.8785     1.7660    1457.73 0.0000e+00
        972 147.564682     -0.114     -0.115    11.7829   4.031701     0.3138 1.6793e+03    280.062     83.376     -0.114     2.9262     1.8032    1457.79 0.0000e+00
        973 147.564682     -0.114     -0.115    11.7814   4.099421     0.3042 1.5345e+03    280.090     83.314     -0.114     2.9787     1.8441    1457.84 0.0000e+00
        974 147.564697     -0.115     -0.116    11.7798   4.097707    -0.1287 1.4883e+03    280.234     83.396     -0.115     2.9775     1.8433    1457.84 0.0000e+00
