Loch_Etive/CTD_data/sbe55_sbe19p_5215_20250527_re5_1m.cnv
* Sea-Bird SBE 19plus Data File:
* FileName = C:\Data\sbe55_sbe19p_5215\2025-05-27\sbe55_sbe19p_5215_20250527_re5062.hex
* Software Version SeatermAF 2.1.4
* Temperature SN = 5215
* Conductivity SN = 5215
* System UpLoad Time = May 27 2025 09:01:13 (localtime) = May 27 2025 09:01:13 (UTC)
* ds
* SeacatPlus V 1.6b  SERIAL NO. 5215    27 May 2025  09:00:35
# nquan = 15
# nvalues = 269                         
# units = specified
# name 0 = scan: Scan Count
# name 1 = timeJ: Julian Days
# name 2 = depSM: Depth [salt water, m], lat = 56.00
# name 3 = prdM: Pressure, Strain Gauge [db]
# name 4 = tv290C: Temperature [ITS-90, deg C]
# name 5 = c0mS/cm: Conductivity [mS/cm]
# name 6 = flECO-AFL: Fluorescence, WET Labs ECO-AFL/FL [mg/m^3]
# name 7 = par/sat/log: PAR/Logarithmic, Satlantic [umol photons/m^2/sec]
# name 8 = sbeox0Mm/L: Oxygen, SBE 43 [umol/l]
# name 9 = sbeox0PS: Oxygen, SBE 43 [% saturation]
# name 10 = depSM: Depth [salt water, m], lat = 56
# name 11 = sal00: Salinity, Practical [PSU]
# name 12 = sigma-é00: Density [sigma-theta, kg/m^3]
# name 13 = svCM: Sound Velocity [Chen-Millero, m/s]
# name 14 = flag: flag
# span 0 =        346,       2936       
# span 1 = 147.359632, 147.367128       
# span 2 =      1.000,    135.000       
# span 3 =      1.009,    136.285       
# span 4 =    10.6549,    12.2570       
# span 5 =  23.330721,  32.662004       
# span 6 =     0.9444,     7.2570       
# span 7 = 5.3057e-02, 3.8725e+02       
# span 8 =    190.794,    289.904       
# span 9 =     65.801,     97.507       
# span 10 =      1.000,    135.000      
# span 11 =    19.1668,    28.0168      
# span 12 =    14.2863,    21.2086      
# span 13 =    1478.91,    1490.07      
# span 14 = 0.0000e+00, 0.0000e+00      
# interval = meters: 1                  
# start_time = May 27 2025 08:36:26 [Instrument's time stamp, header]
# bad_flag = -9.990e-29
*END*
[from data line 97]
       1141 147.361931     98.000     98.924    11.8300  32.615896     1.8481 5.3078e-02    264.999     93.558     98.000    27.9907    21.1841    1489.50 0.0000e+00
       1149 147.361959     99.000     99.933    11.8400  32.631728     1.9499 5.3114e-02    265.682     93.743     99.000    27.9979    21.1879    1489.55 0.0000e+00
       1158 147.361981    100.000    100.943    11.8613  32.662004     1.9041 5.3113e-02    263.945     93.114    100.000    28.0103    21.1938    1489.66 0.0000e+00
       1167 147.362008    101.000    101.953    11.8425  32.640464     1.9428 5.3110e-02    263.429     92.929    101.000    28.0036    21.1920    1489.61 0.0000e+00
       1175 147.362032    102.000    102.962    11.8292  32.633030     1.9031 5.3103e-02    263.567     92.975    102.000    28.0062    21.1963    1489.58 0.0000e+00
       1184 147.362057    103.000    103.972    11.8283  32.632471     1.9382 5.3105e-02    263.181     92.836    103.000    28.0060    21.1964    1489.59 0.0000e+00
       1193 147.362082    104.000    104.982    11.8271  32.630971     1.9046 5.3101e-02    263.544     92.963    104.000    28.0051    21.1959    1489.60 0.0000e+00
       1202 147.362109    105.000    105.992    11.8257  32.630270     1.8474 5.3101e-02    263.447     92.929    105.000    28.0051    21.1962    1489.61 0.0000e+00
       1211 147.362135    106.000    107.001    11.8255  32.630113     1.8984 5.3104e-02    263.505     92.950    106.000    28.0047    21.1959    1489.63 0.0000e+00
       1220 147.362160    107.000    108.011    11.8253  32.630713     1.8820 5.3124e-02    263.404     92.917    107.000    28.0051    21.1962    1489.65 0.0000e+00
       1229 147.362190    108.000    109.020    11.8257  32.631662     1.9867 5.3101e-02    263.424     92.925    108.000    28.0053    21.1964    1489.66 0.0000e+00
       1238 147.362213    109.000    110.030    11.8268  32.633514     1.8323 5.3115e-02    263.496     92.948    109.000    28.0059    21.1967    1489.69 0.0000e+00
       1247 147.362238    110.000    111.040    11.8270  32.633770     1.8592 5.3121e-02    263.455     92.936    110.000    28.0056    21.1964    1489.70 0.0000e+00
       1255 147.362264    111.000    112.050    11.8258  32.633530     1.8750 5.3113e-02    263.397     92.916    111.000    28.0059    21.1969    1489.71 0.0000e+00
       1264 147.362290    112.000    113.059    11.8269  32.634838     1.9792 5.3092e-02    263.504     92.955    112.000    28.0060    21.1968    1489.74 0.0000e+00
       1273 147.362313    113.000    114.069    11.8276  32.635410     1.9407 5.3150e-02    263.416     92.929    113.000    28.0057    21.1964    1489.75 0.0000e+00
       1281 147.362340    114.000    115.079    11.8280  32.637284     1.9227 5.3123e-02    263.721     93.038    114.000    28.0068    21.1972    1489.77 0.0000e+00
       1290 147.362364    115.000    116.089    11.8305  32.639498     1.8872 5.3116e-02    263.697     93.027    115.000    28.0066    21.1967    1489.80 0.0000e+00
       1299 147.362389    116.000    117.098    11.8312  32.639504     1.9124 5.3085e-02    263.572     92.974    116.000    28.0058    21.1959    1489.82 0.0000e+00
       1307 147.362414    117.000    118.108    11.8303  32.638431     1.8683 5.3103e-02    263.389     92.907    117.000    28.0050    21.1955    1489.83 0.0000e+00
       1316 147.362439    118.000    119.118    11.8269  32.633740     1.8980 5.3097e-02    263.450     92.939    118.000    28.0027    21.1944    1489.83 0.0000e+00
       1325 147.362466    119.000    120.128    11.8248  32.635112     1.8868 5.3087e-02    263.311     92.888    119.000    28.0053    21.1967    1489.84 0.0000e+00
       1334 147.362492    120.000    121.138    11.8298  32.639357     1.8733 5.3080e-02    263.413     92.919    120.000    28.0052    21.1958    1489.88 0.0000e+00
       1343 147.362519    121.000    122.147    11.8291  32.638660     1.9767 5.3099e-02    263.311     92.874    121.000    28.0047    21.1956    1489.89 0.0000e+00
       1352 147.362544    122.000    123.157    11.8270  32.636661     1.9747 5.3083e-02    262.495     92.553    122.000    28.0040    21.1954    1489.90 0.0000e+00
       1362 147.362572    123.000    124.167    11.8197  32.629234     1.9193 5.3092e-02    261.768     92.302    123.000    28.0021    21.1952    1489.89 0.0000e+00
       1371 147.362599    124.000    125.177    11.8041  32.625380     1.9080 5.3092e-02    262.047     92.407    124.000    28.0097    21.2039    1489.86 0.0000e+00
       1381 147.362629    125.000    126.186    11.8063  32.629742     1.8892 5.3109e-02    262.330     92.508    125.000    28.0118    21.2052    1489.89 0.0000e+00
       1391 147.362656    126.000    127.196    11.8088  32.632286     1.9186 5.3091e-02    261.975     92.383    126.000    28.0121    21.2050    1489.91 0.0000e+00
       1401 147.362686    127.000    128.206    11.8094  32.633666     1.8673 5.3121e-02    261.939     92.371    127.000    28.0126    21.2052    1489.93 0.0000e+00
       1410 147.362712    128.000    129.216    11.8094  32.635122     2.4237 5.3057e-02    262.007     92.394    128.000    28.0136    21.2061    1489.95 0.0000e+00
       1420 147.362740    129.000    130.226    11.8090  32.636541     1.8206 5.3080e-02    262.121     92.434    129.000    28.0148    21.2071    1489.97 0.0000e+00
       1430 147.362767    130.000    131.236    11.8089  32.637088     1.8659 5.3109e-02    262.020     92.397    130.000    28.0151    21.2074    1489.98 0.0000e+00
       1439 147.362796    131.000    132.246    11.8081  32.637305     2.1212 5.3090e-02    262.072     92.415    131.000    28.0156    21.2079    1490.00 0.0000e+00
       1448 147.362822    132.000    133.255    11.8073  32.637186     1.9614 5.3109e-02    262.173     92.449    132.000    28.0156    21.2081    1490.01 0.0000e+00
       1458 147.362852    133.000    134.265    11.8071  32.637407     1.8686 5.3072e-02    261.882     92.352    133.000    28.0156    21.2081    1490.03 0.0000e+00
       1469 147.362883    134.000    135.275    11.8075  32.638882     1.8891 5.3094e-02    262.051     92.412    134.000    28.0163    21.2086    1490.05 0.0000e+00
       1490 147.362942    135.000    136.285    11.8114  32.642758     2.1776 5.3121e-02    262.532     92.579    135.000    28.0168    21.2083    1490.07 0.0000e+00
       1492 147.362948    134.000    135.275    11.8094  32.640243     2.2046 5.3124e-02    262.059     92.411    134.000    28.0162    21.2082    1490.05 0.0000e+00
       1505 147.362987    133.000    134.265    11.8081  32.638254     2.0789 5.3123e-02    261.815     92.328    133.000    28.0157    21.2080    1490.03 0.0000e+00
       1518 147.363025    132.000    133.255    11.8085  32.638351     2.2403 5.3094e-02    262.081     92.421    132.000    28.0158    21.2080    1490.02 0.0000e+00
       1531 147.363060    131.000    132.245    11.8093  32.638496     2.1270 5.3084e-02    262.005     92.394    131.000    28.0157    21.2078    1490.00 0.0000e+00
       1543 147.363094    130.000    131.235    11.8089  32.637700     2.1997 5.3107e-02    261.893     92.354    130.000    28.0156    21.2077    1489.98 0.0000e+00
       1555 147.363130    129.000    130.226    11.8086  32.636950     2.2161 5.3091e-02    262.256     92.482    129.000    28.0156    21.2078    1489.96 0.0000e+00
       1567 147.363166    128.000    129.216    11.8085  32.636409     2.1495 5.3085e-02    262.079     92.420    128.000    28.0155    21.2077    1489.95 0.0000e+00
       1579 147.363202    127.000    128.206    11.8089  32.635643     2.1730 5.3107e-02    262.103     92.428    127.000    28.0147    21.2070    1489.93 0.0000e+00
       1591 147.363236    126.000    127.196    11.8094  32.634326     2.1499 5.3128e-02    262.087     92.418    126.000    28.0135    21.2060    1489.92 0.0000e+00
       1604 147.363271    125.000    126.186    11.8088  32.631479     2.0764 5.3110e-02    262.044     92.399    125.000    28.0116    21.2046    1489.89 0.0000e+00
       1617 147.363310    124.000    125.177    11.8063  32.627559     2.0700 5.3114e-02    262.120     92.425    124.000    28.0101    21.2038    1489.87 0.0000e+00
       1630 147.363347    123.000    124.167    11.8056  32.626222     2.2392 5.3119e-02    262.138     92.430    123.000    28.0098    21.2037    1489.85 0.0000e+00
       1643 147.363386    122.000    123.157    11.8053  32.625127     2.2049 5.3096e-02    261.907     92.346    122.000    28.0094    21.2034    1489.83 0.0000e+00
       1656 147.363424    121.000    122.147    11.8045  32.623554     2.2361 5.3109e-02    261.879     92.336    121.000    28.0088    21.2030    1489.81 0.0000e+00
       1669 147.363462    120.000    121.138    11.8041  32.622541     2.1541 5.3092e-02    262.103     92.415    120.000    28.0085    21.2029    1489.79 0.0000e+00
       1682 147.363497    119.000    120.128    11.8042  32.622025     2.0687 5.3110e-02    262.068     92.401    119.000    28.0083    21.2027    1489.77 0.0000e+00
       1694 147.363533    118.000    119.118    11.8036  32.620910     2.1310 5.3106e-02    262.118     92.417    118.000    28.0081    21.2026    1489.76 0.0000e+00
       1706 147.363569    117.000    118.108    11.8029  32.619712     2.2524 5.3116e-02    261.891     92.335    117.000    28.0078    21.2025    1489.74 0.0000e+00
       1718 147.363602    116.000    117.098    11.8022  32.618386     2.2192 5.3081e-02    262.172     92.432    116.000    28.0074    21.2023    1489.72 0.0000e+00
       1730 147.363636    115.000    116.089    11.8012  32.616759     2.2039 5.3061e-02    261.975     92.361    115.000    28.0070    21.2021    1489.70 0.0000e+00
       1741 147.363668    114.000    115.079    11.8004  32.615373     2.2660 5.3102e-02    262.148     92.422    114.000    28.0067    21.2020    1489.68 0.0000e+00
       1752 147.363699    113.000    114.069    11.7996  32.614334     2.1122 5.3071e-02    262.069     92.393    113.000    28.0066    21.2021    1489.66 0.0000e+00
       1763 147.363733    112.000    113.060    11.7999  32.614170     2.1991 5.3100e-02    262.139     92.416    112.000    28.0066    21.2020    1489.64 0.0000e+00
       1774 147.363764    111.000    112.050    11.7994  32.612776     2.2079 5.3095e-02    262.108     92.404    111.000    28.0060    21.2016    1489.62 0.0000e+00
       1785 147.363796    110.000    111.040    11.7986  32.611429     2.0496 5.3122e-02    261.998     92.369    110.000    28.0057    21.2015    1489.60 0.0000e+00
       1795 147.363825    109.000    110.030    11.7987  32.610722     2.0616 5.3131e-02    262.580     92.588    109.000    28.0053    21.2011    1489.59 0.0000e+00
       1805 147.363855    108.000    109.021    11.8032  32.612890     2.1325 5.3104e-02    262.988     92.738    108.000    28.0044    21.1996    1489.58 0.0000e+00
       1816 147.363884    107.000    108.011    11.8090  32.614837     2.0770 5.3109e-02    263.042     92.767    107.000    28.0022    21.1969    1489.59 0.0000e+00
       1825 147.363914    106.000    107.001    11.8128  32.616917     2.0726 5.3092e-02    263.266     92.850    106.000    28.0017    21.1958    1489.58 0.0000e+00
       1835 147.363941    105.000    105.991    11.8178  32.618896     2.0715 5.3079e-02    263.175     92.818    105.000    28.0002    21.1937    1489.58 0.0000e+00
       1844 147.363969    104.000    104.982    11.8194  32.618827     2.1440 5.3072e-02    263.236     92.845    104.000    27.9993    21.1928    1489.57 0.0000e+00
       1854 147.363995    103.000    103.972    11.8194  32.618901     2.1246 5.3093e-02    263.745     93.029    103.000    27.9997    21.1931    1489.55 0.0000e+00
       1864 147.364024    102.000    102.962    11.8222  32.620892     2.2251 5.3104e-02    263.426     92.919    102.000    27.9999    21.1926    1489.55 0.0000e+00
       1874 147.364054    101.000    101.953    11.8248  32.622299     2.1240 5.3111e-02    263.625     92.989    101.000    27.9997    21.1920    1489.54 0.0000e+00
       1884 147.364084    100.000    100.943    11.8257  32.622131     2.0590 5.3069e-02    263.712     93.023    100.000    27.9992    21.1915    1489.52 0.0000e+00
       1895 147.364113     99.000     99.933    11.8260  32.622210     2.0507 5.3110e-02    263.906     93.102     99.000    27.9994    21.1915    1489.51 0.0000e+00
       1905 147.364144     98.000     98.924    11.8284  32.624694     2.1950 5.3103e-02    264.152     93.193     98.000    28.0003    21.1918    1489.50 0.0000e+00
       1915 147.364173     97.000     97.914    11.8334  32.627776     2.1093 5.3093e-02    264.277     93.232     97.000    27.9999    21.1906    1489.50 0.0000e+00
       1925 147.364202     96.000     96.904    11.8346  32.626414     2.1582 5.3083e-02    263.985     93.119     96.000    27.9980    21.1889    1489.49 0.0000e+00
       1935 147.364231     95.000     95.895    11.8323  32.622270     2.1041 5.3099e-02    263.991     93.108     95.000    27.9962    21.1878    1489.46 0.0000e+00
       1946 147.364261     94.000     94.885    11.8274  32.615086     2.1237 5.3120e-02    263.627     92.974     94.000    27.9934    21.1866    1489.42 0.0000e+00
       1956 147.364292     93.000     93.875    11.8214  32.609141     2.1791 5.3078e-02    263.339     92.851     93.000    27.9926    21.1870    1489.38 0.0000e+00
       1967 147.364322     92.000     92.866    11.8184  32.604647     2.0728 5.3080e-02    262.989     92.715     92.000    27.9909    21.1862    1489.36 0.0000e+00
       1977 147.364353     91.000     91.856    11.8080  32.585862     1.9730 5.3087e-02    263.094     92.758     91.000    27.9813    21.1805    1489.29 0.0000e+00
       1988 147.364382     90.000     90.847    11.8059  32.586773     2.0843 5.3108e-02    262.998     92.709     90.000    27.9841    21.1830    1489.27 0.0000e+00
       1998 147.364413     89.000     89.837    11.8073  32.587333     2.1196 5.3091e-02    262.494     92.495     89.000    27.9840    21.1827    1489.26 0.0000e+00
       2008 147.364440     88.000     88.827    11.7990  32.570042     2.1511 5.3087e-02    262.168     92.367     88.000    27.9742    21.1765    1489.20 0.0000e+00
       2018 147.364471     87.000     87.818    11.7853  32.550601     1.9428 5.3074e-02    262.101     92.340     87.000    27.9663    21.1727    1489.13 0.0000e+00
       2028 147.364500     86.000     86.808    11.7806  32.544553     1.9821 5.3100e-02    261.978     92.293     86.000    27.9645    21.1721    1489.09 0.0000e+00
       2039 147.364530     85.000     85.798    11.7791  32.542385     2.0373 5.3087e-02    261.999     92.296     85.000    27.9639    21.1719    1489.07 0.0000e+00
       2049 147.364561     84.000     84.789    11.7771  32.539784     2.1325 5.3077e-02    262.067     92.319     84.000    27.9633    21.1717    1489.05 0.0000e+00
       2060 147.364591     83.000     83.779    11.7753  32.538457     2.0303 5.3094e-02    262.091     92.329     83.000    27.9637    21.1724    1489.02 0.0000e+00
       2070 147.364622     82.000     82.770    11.7749  32.538966     2.0417 5.3089e-02    261.786     92.224     82.000    27.9649    21.1734    1489.01 0.0000e+00
       2081 147.364654     81.000     81.760    11.7752  32.540226     2.0854 5.3141e-02    261.952     92.286     81.000    27.9662    21.1743    1488.99 0.0000e+00
       2092 147.364686     80.000     80.751    11.7767  32.543140     2.1051 5.3109e-02    262.048     92.315     80.000    27.9682    21.1756    1488.98 0.0000e+00
       2103 147.364717     79.000     79.741    11.7771  32.541470     2.0850 5.3085e-02    262.229     92.380     79.000    27.9667    21.1743    1488.97 0.0000e+00
       2114 147.364749     78.000     78.731    11.7763  32.537326     1.9997 5.3095e-02    261.889     92.252     78.000    27.9638    21.1722    1488.94 0.0000e+00
