Loch_Etive/CTD_data/sbe55_sbe19p_5215_20250527_re8.cnv
* Sea-Bird SBE 19plus Data File:
* FileName = C:\Data\sbe55_sbe19p_5215\2025-05-27\sbe55_sbe19p_5215_20250527_re8066.hex
* Software Version SeatermAF 2.1.4
* Temperature SN = 5215
* Conductivity SN = 5215
* System UpLoad Time = May 27 2025 14:06:12 (localtime) = May 27 2025 14:06:12 (UTC)
* ds
* SeacatPlus V 1.6b  SERIAL NO. 5215    27 May 2025  14:04:23
# nquan = 15                                
# nvalues = 734                         
# units = specified
# name 0 = scan: Scan Count
# name 1 = timeJ: Julian Days
# name 2 = depSM: Depth [salt water, m], lat = 56.00
# name 3 = prdM: Pressure, Strain Gauge [db]
# name 4 = tv290C: Temperature [ITS-90, deg C]
# name 5 = c0mS/cm: Conductivity [mS/cm]
# name 6 = flECO-AFL: Fluorescence, WET Labs ECO-AFL/FL [mg/m^3]
# name 7 = par/sat/log: PAR/Logarithmic, Satlantic [umol photons/m^2/sec]
# name 8 = sbeox0Mm/L: Oxygen, SBE 43 [umol/l]
# name 9 = sbeox0PS: Oxygen, SBE 43 [% saturation]
# name 10 = depSM: Depth [salt water, m], lat = 56
# name 11 = sal00: Salinity, Practical [PSU]
# name 12 = sigma-é00: Density [sigma-theta, kg/m^3]
# name 13 = svCM: Sound Velocity [Chen-Millero, m/s]
# name 14 = flag: flag
# span 0 =        301,       1034       
# span 1 = 147.562744, 147.564865       
# span 2 =     -0.116,     30.640       
# span 3 =     -0.117,     30.924       
# span 4 =    10.6557,    11.8104       
# span 5 =   0.813890,  37.542812       
# span 6 =    -0.1421,   123.8642       
# span 7 = 3.8641e+00, 3.0073e+03       
# span 8 =    276.107,    327.319       
# span 9 =     83.258,    107.989       
# span 10 =     -0.116,     30.640      
# span 11 =     0.5445,    33.6232      
# span 12 =    -0.0403,    25.7649      
# span 13 =    1454.55,    1492.47      
# span 14 = 0.0000e+00, 0.0000e+00      
# interval = seconds: 0.25
# start_time = May 27 2025 13:29:06 [Instrument's time stamp, header]
# bad_flag = -9.990e-29
*END*
[from data line 675]
        976 147.564697     -0.116     -0.117    11.7766   3.855543     2.2402 6.0550e+02    280.445     83.390     -0.116     2.7909     1.6989    1457.60 0.0000e+00
        977 147.564697     -0.116     -0.117    11.7749   3.682188     2.2307 6.4537e+02    280.591     83.416     -0.116     2.6579     1.5958    1457.43 0.0000e+00
        978 147.564697     -0.116     -0.117    11.7732   3.499145   123.8470 6.6294e+02    280.711     83.417     -0.116     2.5179     1.4873    1457.25 0.0000e+00
        979 147.564697     -0.116     -0.117    11.7714   3.308471   123.8508 6.0260e+02    280.983     83.433     -0.116     2.3727     1.3747    1457.07 0.0000e+00
        980 147.564713     -0.116     -0.117    11.7697   3.105412     0.9222 1.3668e+03    280.925     83.422     -0.116     2.2187     1.2552    1456.88 0.0000e+00
        981 147.564713     -0.116     -0.117    11.7680   2.897959     0.9089 1.5718e+03    281.036     83.441     -0.116     2.0621     1.1336    1456.68 0.0000e+00
        982 147.564713     -0.115     -0.116    11.7662   2.704470   123.8451 1.6564e+03    281.272     83.395     -0.115     1.9168     1.0208    1456.50 0.0000e+00
        983 147.564713     -0.115     -0.116    11.7646   2.533178   123.8470 1.6833e+03    281.446     83.424     -0.115     1.7887     0.9214    1456.33 0.0000e+00
        984 147.564713     -0.115     -0.116    11.7629   2.385135   123.8470 1.7070e+03    281.446     83.452     -0.115     1.6785     0.8359    1456.19 0.0000e+00
        985 147.564728     -0.115     -0.116    11.7612   2.264511   123.8642 1.6764e+03    281.705     83.482     -0.115     1.5891     0.7665    1456.08 0.0000e+00
        986 147.564728     -0.114     -0.116    11.7596   2.174120     0.3691 1.7037e+03    281.574     83.466     -0.114     1.5223     0.7147    1455.99 0.0000e+00
        987 147.564728     -0.114     -0.115    11.7581   2.107904     0.3748 1.7295e+03    281.765     83.493     -0.114     1.4735     0.6769    1455.92 0.0000e+00
        988 147.564728     -0.114     -0.115    11.7566   2.047092     0.2203 1.8099e+03    281.814     83.520     -0.114     1.4288     0.6423    1455.86 0.0000e+00
        989 147.564728     -0.114     -0.115    11.7550   1.976502     0.2356 1.9448e+03    281.678     83.484     -0.114     1.3770     0.6021    1455.79 0.0000e+00
        990 147.564743     -0.114     -0.115    11.7535   1.898198     0.2222 2.0334e+03    281.760     83.498     -0.114     1.3197     0.5576    1455.72 0.0000e+00
        991 147.564743     -0.114     -0.115    11.7519   1.825548     0.2260 2.0896e+03    281.725     83.473     -0.114     1.2666     0.5165    1455.65 0.0000e+00
        992 147.564743     -0.114     -0.115    11.7504   1.762835     0.1993 2.1968e+03    281.810     83.473     -0.114     1.2209     0.4811    1455.59 0.0000e+00
        993 147.564743     -0.114     -0.115    11.7489   1.701797     0.1803 2.2204e+03    281.693     83.403     -0.114     1.1765     0.4467    1455.53 0.0000e+00
        994 147.564743     -0.114     -0.115    11.7475   1.641034     0.2165 2.1691e+03    282.006     83.498     -0.114     1.1325     0.4125    1455.47 0.0000e+00
        995 147.564758     -0.114     -0.115    11.7461   1.577625     0.2241 2.1554e+03    281.985     83.495     -0.114     1.0866     0.3769    1455.40 0.0000e+00
        996 147.564758     -0.114     -0.115    11.7447   1.505209     0.2184 2.0472e+03    281.954     83.511     -0.114     1.0343     0.3363    1455.34 0.0000e+00
        997 147.564758     -0.114     -0.115    11.7434   1.429412     0.2184 2.0192e+03    281.745     83.494     -0.114     0.9798     0.2939    1455.26 0.0000e+00
        998 147.564758     -0.114     -0.116    11.7420   1.356314     0.2184 2.0360e+03    281.808     83.514     -0.114     0.9273     0.2532    1455.19 0.0000e+00
        999 147.564758     -0.115     -0.116    11.7407   1.276615     0.2127 2.0832e+03    281.944     83.545     -0.115     0.8703     0.2089    1455.12 0.0000e+00
       1000 147.564758     -0.115     -0.116    11.7394   1.191970     0.2203 2.2576e+03    281.866     83.532     -0.115     0.8100     0.1620    1455.04 0.0000e+00
       1001 147.564774     -0.115     -0.116    11.7380   1.125905     0.2050 2.3542e+03    281.970     83.552     -0.115     0.7631     0.1256    1454.98 0.0000e+00
       1002 147.564774     -0.115     -0.116    11.7366   1.082675     0.2146 2.2704e+03    281.989     83.544     -0.115     0.7326     0.1019    1454.93 0.0000e+00
       1003 147.564774     -0.115     -0.116    11.7352   1.051278     0.2146 2.2021e+03    282.295     83.582     -0.115     0.7104     0.0847    1454.90 0.0000e+00
       1004 147.564774     -0.115     -0.116    11.7338   1.029033     0.2070 6.6920e+02    281.955     83.484     -0.115     0.6947     0.0726    1454.88 0.0000e+00
       1005 147.564774     -0.114     -0.115    11.7324   1.013499     0.1860 1.8796e+03    282.117     83.522     -0.114     0.6838     0.0643    1454.86 0.0000e+00
       1006 147.564789     -0.114     -0.115    11.7310   1.003026     0.1803 2.0928e+03    282.160     83.530     -0.114     0.6764     0.0587    1454.84 0.0000e+00
       1007 147.564789     -0.114     -0.115    11.7296   0.993027     0.2070 2.1070e+03    282.203     83.540     -0.114     0.6694     0.0534    1454.83 0.0000e+00
       1008 147.564789     -0.114     -0.115    11.7282   0.976970     0.2108 2.0427e+03    282.241     83.564     -0.114     0.6582     0.0447    1454.81 0.0000e+00
       1009 147.564789     -0.113     -0.114    11.7268   0.954221     0.1841 2.0311e+03    282.411     83.606     -0.113     0.6422     0.0324    1454.79 0.0000e+00
       1010 147.564789     -0.113     -0.114    11.7254   0.928514     0.1822 2.0751e+03    282.427     83.608     -0.113     0.6242     0.0185    1454.76 0.0000e+00
       1011 147.564804     -0.113     -0.114    11.7240   0.909478     0.1879 2.0764e+03    282.546     83.616     -0.113     0.6109     0.0083    1454.74 0.0000e+00
       1012 147.564804     -0.113     -0.114    11.7225   0.907057     0.1860 2.1489e+03    282.709     83.629     -0.113     0.6092     0.0071    1454.73 0.0000e+00
       1013 147.564804     -0.113     -0.114    11.7211   0.923392     0.2012 2.1493e+03    282.769     83.661     -0.113     0.6207     0.0163    1454.74 0.0000e+00
       1014 147.564804     -0.113     -0.114    11.7196   0.954679     0.2146 2.1306e+03    282.792     83.641     -0.113     0.6426     0.0336    1454.76 0.0000e+00
       1015 147.564804     -0.113     -0.114    11.7181   0.989339     0.2127 2.1344e+03 -9.990e-29 -9.990e-29     -0.113     0.6670     0.0528    1454.78 0.0000e+00
       1016 147.564819     -0.113     -0.114    11.7166   1.013531     0.2241 2.1498e+03 -9.990e-29 -9.990e-29     -0.113     0.6841     0.0663    1454.80 0.0000e+00
       1017 147.564819     -0.113     -0.114    11.7151   1.024876     0.2031 2.1209e+03 -9.990e-29 -9.990e-29     -0.113     0.6921     0.0727    1454.80 0.0000e+00
       1018 147.564819     -0.113     -0.114    11.7136   1.025662     0.2146 2.1209e+03 -9.990e-29 -9.990e-29     -0.113     0.6927     0.0733    1454.80 0.0000e+00
       1019 147.564819     -0.113     -0.114    11.7121   1.014130     0.1841 2.0928e+03 -9.990e-29 -9.990e-29     -0.113     0.6846     0.0672    1454.78 0.0000e+00
       1020 147.564819     -0.113     -0.114    11.7106   0.989885     0.1803 2.0773e+03 -9.990e-29 -9.990e-29     -0.113     0.6675     0.0540    1454.76 0.0000e+00
       1021 147.564819     -0.112     -0.113    11.7091   0.960698     0.1993 2.0728e+03 -9.990e-29 -9.990e-29     -0.112     0.6470     0.0382    1454.72 0.0000e+00
       1022 147.564835     -0.112     -0.113    11.7076   0.937357     0.1764 2.1015e+03 -9.990e-29 -9.990e-29     -0.112     0.6307     0.0256    1454.70 0.0000e+00
       1023 147.564835     -0.112     -0.113    11.7061   0.921808     0.1860 2.0828e+03 -9.990e-29 -9.990e-29     -0.112     0.6198     0.0173    1454.68 0.0000e+00
       1024 147.564835     -0.112     -0.113    11.7046   0.911886     0.4549 2.0823e+03 -9.990e-29 -9.990e-29     -0.112     0.6129     0.0120    1454.67 0.0000e+00
       1025 147.564835     -0.112     -0.113    11.7031   0.906752     0.4625 2.1103e+03 -9.990e-29 -9.990e-29     -0.112     0.6093     0.0094    1454.65 0.0000e+00
       1026 147.564835     -0.112     -0.113    11.7016   0.902554   123.8584 2.0512e+03 -9.990e-29 -9.990e-29     -0.112     0.6064     0.0073    1454.65 0.0000e+00
       1027 147.564850     -0.112     -0.113    11.7002   0.893747   123.8451 2.0378e+03 -9.990e-29 -9.990e-29     -0.112     0.6002     0.0026    1454.63 0.0000e+00
       1028 147.564850     -0.112     -0.113    11.6988   0.877151     0.6151 1.9678e+03 -9.990e-29 -9.990e-29     -0.112     0.5886    -0.0063    1454.61 0.0000e+00
       1029 147.564850     -0.112     -0.113    11.6976   0.853676     0.6113 1.9674e+03 -9.990e-29 -9.990e-29     -0.112     0.5722    -0.0189    1454.59 0.0000e+00
       1030 147.564850     -0.112     -0.113    11.6965   0.831706     0.3576 2.0832e+03 -9.990e-29 -9.990e-29     -0.112     0.5569    -0.0308    1454.57 0.0000e+00
       1031 147.564850     -0.112     -0.113    11.6957   0.818326     0.3748 2.0064e+03 -9.990e-29 -9.990e-29     -0.112     0.5476    -0.0380    1454.55 0.0000e+00
       1032 147.564865     -0.112     -0.113    11.6954   0.813890     0.3615 2.0205e+03 -9.990e-29 -9.990e-29     -0.112     0.5445    -0.0403    1454.55 0.0000e+00
       1033 147.564865     -0.112     -0.113 -9.990e-29 -9.990e-29     0.3672 2.0606e+03 -9.990e-29 -9.990e-29     -0.112 -9.990e-29 -9.990e-29 -9.990e-29 0.0000e+00
       1034 147.564865     -0.112     -0.113 -9.990e-29 -9.990e-29     0.2432 2.0360e+03 -9.990e-29 -9.990e-29     -0.112 -9.990e-29 -9.990e-29 -9.990e-29 0.0000e+00
