Loch_Etive/CTD_data/sbe55_sbe19p_5215_20250527_re5_1m.cnv
* Sea-Bird SBE 19plus Data File:
* FileName = C:\Data\sbe55_sbe19p_5215\2025-05-27\sbe55_sbe19p_5215_20250527_re5062.hex
* Software Version SeatermAF 2.1.4
* Temperature SN = 5215
* Conductivity SN = 5215
* System UpLoad Time = May 27 2025 09:01:13 (localtime) = May 27 2025 09:01:13 (UTC)
* ds
* SeacatPlus V 1.6b  SERIAL NO. 5215    27 May 2025  09:00:35
# nquan = 15
# nvalues = 269                         
# units = specified
# name 0 = scan: Scan Count
# name 1 = timeJ: Julian Days
# name 2 = depSM: Depth [salt water, m], lat = 56.00
# name 3 = prdM: Pressure, Strain Gauge [db]
# name 4 = tv290C: Temperature [ITS-90, deg C]
# name 5 = c0mS/cm: Conductivity [mS/cm]
# name 6 = flECO-AFL: Fluorescence, WET Labs ECO-AFL/FL [mg/m^3]
# name 7 = par/sat/log: PAR/Logarithmic, Satlantic [umol photons/m^2/sec]
# name 8 = sbeox0Mm/L: Oxygen, SBE 43 [umol/l]
# name 9 = sbeox0PS: Oxygen, SBE 43 [% saturation]
# name 10 = depSM: Depth [salt water, m], lat = 56
# name 11 = sal00: Salinity, Practical [PSU]
# name 12 = sigma-é00: Density [sigma-theta, kg/m^3]
# name 13 = svCM: Sound Velocity [Chen-Millero, m/s]
# name 14 = flag: flag
# span 0 =        346,       2936       
# span 1 = 147.359632, 147.367128       
# span 2 =      1.000,    135.000       
# span 3 =      1.009,    136.285       
# span 4 =    10.6549,    12.2570       
# span 5 =  23.330721,  32.662004       
# span 6 =     0.9444,     7.2570       
# span 7 = 5.3057e-02, 3.8725e+02       
# span 8 =    190.794,    289.904       
# span 9 =     65.801,     97.507       
# span 10 =      1.000,    135.000      
# span 11 =    19.1668,    28.0168      
# span 12 =    14.2863,    21.2086      
# span 13 =    1478.91,    1490.07      
# span 14 = 0.0000e+00, 0.0000e+00      
# interval = meters: 1                  
# start_time = May 27 2025 08:36:26 [Instrument's time stamp, header]
# bad_flag = -9.990e-29
*END*
[from data line 193]
       2135 147.364811     76.000     76.712    11.7733  32.520438     1.9354 5.3100e-02    261.338     91.991     76.000    27.9507    21.1625    1488.88 0.0000e+00
       2146 147.364840     75.000     75.703    11.7602  32.499176     1.9196 5.3130e-02    260.471     91.654     75.000    27.9406    21.1570    1488.81 0.0000e+00
       2156 147.364870     74.000     74.693    11.7431  32.477749     1.7824 5.3112e-02    259.964     91.456     74.000    27.9334    21.1543    1488.72 0.0000e+00
       2166 147.364899     73.000     73.683    11.7297  32.461365     1.9424 5.3106e-02    259.581     91.316     73.000    27.9282    21.1527    1488.65 0.0000e+00
       2176 147.364929     72.000     72.674    11.7229  32.454084     1.8806 5.3085e-02    259.455     91.262     72.000    27.9268    21.1527    1488.61 0.0000e+00
       2187 147.364959     71.000     71.665    11.7204  32.448444     1.7896 5.3066e-02    259.521     91.281     71.000    27.9237    21.1507    1488.58 0.0000e+00
       2197 147.364990     70.000     70.655    11.7174  32.440705     1.7453 5.3101e-02    259.234     91.175     70.000    27.9189    21.1475    1488.55 0.0000e+00
       2208 147.365021     69.000     69.645    11.7162  32.435671     1.7313 5.3072e-02    259.441     91.244     69.000    27.9154    21.1450    1488.52 0.0000e+00
       2219 147.365050     68.000     68.636    11.7144  32.431150     1.6575 5.3058e-02    259.253     91.177     68.000    27.9128    21.1433    1488.50 0.0000e+00
       2229 147.365082     67.000     67.626    11.7135  32.429321     1.6087 5.3111e-02    259.296     91.202     67.000    27.9121    21.1428    1488.48 0.0000e+00
       2239 147.365110     66.000     66.617    11.7146  32.430417     1.6475 5.3110e-02    259.074     91.117     66.000    27.9127    21.1431    1488.47 0.0000e+00
       2250 147.365142     65.000     65.607    11.7187  32.429968     1.6591 5.3101e-02    258.779     90.995     65.000    27.9095    21.1399    1488.46 0.0000e+00
       2260 147.365172     64.000     64.598    11.7142  32.419187     1.6872 5.3112e-02    258.440     90.862     64.000    27.9030    21.1355    1488.42 0.0000e+00
       2271 147.365203     63.000     63.588    11.7069  32.406764     1.5747 5.3093e-02    258.506     90.893     63.000    27.8970    21.1322    1488.37 0.0000e+00
       2282 147.365234     62.000     62.579    11.7039  32.398587     1.6047 5.3123e-02    258.275     90.821     62.000    27.8918    21.1287    1488.34 0.0000e+00
       2292 147.365265     61.000     61.569    11.7119  32.404785     1.5121 5.3096e-02    258.327     90.832     61.000    27.8921    21.1275    1488.35 0.0000e+00
       2303 147.365295     60.000     60.560    11.7125  32.399202     1.5288 5.3088e-02    258.163     90.773     60.000    27.8867    21.1232    1488.33 0.0000e+00
       2313 147.365324     59.000     59.550    11.7118  32.393819     1.4472 5.3079e-02    258.366     90.842     59.000    27.8825    21.1200    1488.30 0.0000e+00
       2324 147.365356     58.000     58.541    11.7118  32.389723     1.5055 5.3098e-02    258.218     90.790     58.000    27.8790    21.1173    1488.28 0.0000e+00
       2334 147.365385     57.000     57.531    11.7117  32.387336     1.5698 5.3125e-02    258.190     90.776     57.000    27.8771    21.1158    1488.26 0.0000e+00
       2345 147.365416     56.000     56.522    11.7116  32.384806     1.4905 5.3123e-02    258.367     90.837     56.000    27.8751    21.1142    1488.24 0.0000e+00
       2355 147.365446     55.000     55.513    11.7106  32.380778     1.4535 5.3081e-02    258.263     90.835     55.000    27.8724    21.1124    1488.22 0.0000e+00
       2366 147.365478     54.000     54.503    11.7138  32.384055     1.5384 5.3088e-02    258.613     91.003     54.000    27.8735    21.1126    1488.22 0.0000e+00
       2377 147.365510     53.000     53.494    11.7362  32.407860     1.3791 5.3075e-02    259.082     91.182     53.000    27.8798    21.1135    1488.29 0.0000e+00
       2388 147.365542     52.000     52.484    11.7516  32.418006     1.3647 5.3097e-02    259.971     91.532     52.000    27.8783    21.1097    1488.32 0.0000e+00
       2399 147.365573     51.000     51.475    11.7634  32.429119     1.2965 5.3109e-02    260.567     91.725     51.000    27.8804    21.1092    1488.35 0.0000e+00
       2410 147.365605     50.000     50.465    11.7752  32.431649     1.2876 5.3103e-02    260.396     91.671     50.000    27.8743    21.1024    1488.37 0.0000e+00
       2421 147.365636     49.000     49.456    11.7683  32.423121     1.2637 5.3068e-02    260.828     91.850     49.000    27.8717    21.1016    1488.32 0.0000e+00
       2432 147.365667     48.000     48.446    11.7768  32.432287     1.2280 5.3113e-02    261.684     92.146     48.000    27.8745    21.1022    1488.34 0.0000e+00
       2443 147.365700     47.000     47.437    11.7864  32.436177     1.2066 5.3083e-02    261.062     91.906     47.000    27.8713    21.0981    1488.35 0.0000e+00
       2454 147.365731     46.000     46.428    11.7813  32.426291     1.2461 5.3083e-02    260.628     91.738     46.000    27.8661    21.0949    1488.31 0.0000e+00
       2464 147.365761     45.000     45.418    11.7730  32.413586     1.1925 5.3083e-02    260.444     91.661     45.000    27.8606    21.0921    1488.26 0.0000e+00
       2474 147.365791     44.000     44.409    11.7686  32.402839     1.1359 5.3100e-02    260.098     91.486     44.000    27.8541    21.0878    1488.22 0.0000e+00
       2484 147.365820     43.000     43.399    11.7615  32.384971     1.1161 5.3107e-02    258.422     90.867     43.000    27.8427    21.0802    1488.17 0.0000e+00
       2495 147.365849     42.000     42.390    11.7385  32.351709     1.0703 5.3104e-02    258.209     90.790     42.000    27.8286    21.0733    1488.05 0.0000e+00
       2505 147.365878     41.000     41.381    11.7293  32.341105     1.1229 5.3093e-02    258.383     90.834     41.000    27.8258    21.0727    1488.00 0.0000e+00
       2515 147.365908     40.000     40.371    11.7281  32.332722     1.1760 5.3108e-02    258.169     90.745     40.000    27.8190    21.0676    1487.97 0.0000e+00
       2525 147.365939     39.000     39.362    11.7213  32.318290     1.1058 5.3074e-02    257.739     90.578     39.000    27.8108    21.0624    1487.92 0.0000e+00
       2536 147.365970     38.000     38.353    11.7158  32.309568     1.1527 5.3089e-02    257.582     90.494     38.000    27.8069    21.0603    1487.88 0.0000e+00
       2547 147.366000     37.000     37.343    11.7079  32.292981     1.1959 5.3088e-02    257.306     90.380     37.000    27.7974    21.0543    1487.82 0.0000e+00
       2558 147.366033     36.000     36.334    11.6968  32.273260     1.1563 5.3107e-02    257.106     90.294     36.000    27.7873    21.0483    1487.76 0.0000e+00
       2569 147.366064     35.000     35.325    11.6907  32.261484     1.1633 5.3112e-02    256.295     89.953     35.000    27.7810    21.0445    1487.71 0.0000e+00
       2580 147.366098     34.000     34.315    11.6800  32.243521     1.1713 5.3126e-02    254.301     89.187     34.000    27.7722    21.0395    1487.65 0.0000e+00
       2591 147.366131     33.000     33.306    11.6473  32.201552     1.0266 5.3105e-02    254.145     89.085     33.000    27.7571    21.0334    1487.50 0.0000e+00
       2603 147.366162     32.000     32.296    11.6231  32.169291     0.9947 5.3101e-02    254.896     89.289     32.000    27.7447    21.0280    1487.38 0.0000e+00
       2614 147.366196     31.000     31.287    11.5998  32.134382     0.9726 5.3102e-02    254.616     89.101     31.000    27.7292    21.0199    1487.26 0.0000e+00
       2625 147.366227     30.000     30.278    11.5698  32.089418     0.9643 5.3101e-02    254.280     88.937     30.000    27.7090    21.0094    1487.11 0.0000e+00
       2637 147.366261     29.000     29.268    11.5324  32.040726     1.0231 5.3110e-02    254.318     88.945     29.000    27.6908    21.0017    1486.95 0.0000e+00
       2648 147.366292     28.000     28.259    11.5214  32.026001     1.0564 5.3573e-02    254.564     88.993     28.000    27.6853    20.9993    1486.88 0.0000e+00
       2659 147.366324     27.000     27.250    11.5193  32.014136     1.0209 5.5020e-02    253.903     88.683     27.000    27.6758    20.9923    1486.85 0.0000e+00
       2669 147.366354     26.000     26.241    11.4963  31.975119     1.1426 6.4536e-02    253.181     88.324     26.000    27.6561    20.9809    1486.73 0.0000e+00
       2679 147.366385     25.000     25.231    11.4593  31.929121     1.0739 8.2479e-02    252.661     88.010     25.000    27.6400    20.9748    1486.56 0.0000e+00
       2690 147.366414     24.000     24.222    11.4061  31.862311     1.0662 1.0963e-01    252.139     87.636     24.000    27.6161    20.9652    1486.33 0.0000e+00
       2699 147.366443     23.000     23.213    11.3415  31.776266     1.1286 1.3904e-01    251.671     87.321     23.000    27.5821    20.9498    1486.04 0.0000e+00
       2709 147.366471     22.000     22.203    11.2580  31.669128     1.1877 1.7053e-01    251.788     87.176     22.000    27.5418    20.9326    1485.68 0.0000e+00
       2719 147.366498     21.000     21.194    11.1872  31.581928     1.3466 2.2021e-01    252.676     87.229     21.000    27.5111    20.9206    1485.37 0.0000e+00
       2729 147.366528     20.000     20.185    11.0885  31.453269     1.3774 2.8875e-01    253.834     87.567     20.000    27.4610    20.8982    1484.94 0.0000e+00
       2739 147.366556     19.000     19.175    10.9816  31.346856     1.4785 3.5029e-01    253.472     87.305     19.000    27.4383    20.8983    1484.52 0.0000e+00
       2749 147.366585     18.000     18.166    10.9499  31.307071     1.5997 3.5620e-01    253.774     87.052     18.000    27.4239    20.8923    1484.37 0.0000e+00
       2759 147.366615     17.000     17.157    10.8757  31.194004     1.6758 3.7235e-01    249.374     85.351     17.000    27.3700    20.8627    1484.02 0.0000e+00
       2769 147.366643     16.000     16.148    10.7156  30.970279     2.6572 4.5273e-01    241.022     82.492     16.000    27.2724    20.8128    1483.31 0.0000e+00
       2779 147.366671     15.000     15.138    10.6549  30.891062     3.3510 6.2998e-01    226.133     77.434     15.000    27.2409    20.7982    1483.04 0.0000e+00
       2789 147.366702     14.000     14.129    10.6664  30.846832     4.8211 9.8384e-01    214.463     73.495     14.000    27.1897    20.7565    1483.00 0.0000e+00
       2799 147.366731     13.000     13.120    10.7012  30.859191     6.0450 1.3665e+00    207.270     71.245     13.000    27.1762    20.7404    1483.10 0.0000e+00
       2809 147.366762     12.000     12.110    10.7541  30.907246     6.3266 2.0044e+00    190.794     65.801     12.000    27.1840    20.7379    1483.28 0.0000e+00
       2819 147.366789     11.000     11.101    10.8958  31.008694     7.2570 3.0837e+00    209.101     72.597     11.000    27.1778    20.7099    1483.77 0.0000e+00
       2830 147.366819     10.000     10.092    11.0997  31.152041     6.2377 4.5835e+00    247.709     86.296     10.000    27.1659    20.6670    1484.47 0.0000e+00
       2841 147.366851      9.000      9.083    11.4139  31.306131     4.0212 6.7750e+00    257.835     89.982      9.000    27.0835    20.5505    1485.47 0.0000e+00
       2852 147.366883      8.000      8.074    11.5742  31.373014     3.2188 1.0231e+01    258.650     90.261      8.000    27.0307    20.4824    1485.95 0.0000e+00
       2863 147.366915      7.000      7.064    11.6358  31.347131     3.2053 1.5728e+01    259.120     90.506      7.000    26.9616    20.4183    1486.08 0.0000e+00
       2874 147.366948      6.000      6.055    11.6689  31.295213     3.0925 3.0520e+01    265.488     92.721      6.000    26.8887    20.3561    1486.09 0.0000e+00
       2886 147.366983      5.000      5.046    11.8267  30.978279     2.9854 4.8774e+01    271.871     94.777      5.000    26.4764    20.0096    1486.13 0.0000e+00
       2898 147.367016      4.000      4.037    12.0044  30.306982     3.1563 6.0550e+01    275.874     95.410      4.000    25.7212    19.3943    1485.84 0.0000e+00
       2909 147.367048      3.000      3.028    12.0670  29.614338     3.3962 9.4015e+01    283.924     96.356      3.000    25.0321    18.8503    1485.23 0.0000e+00
       2921 147.367083      2.000      2.018    12.1448  26.817286     3.5332 1.7536e+02    289.904     97.507      2.000    22.4027    16.8043    1482.36 0.0000e+00
       2936 147.367128      1.000      1.009    12.2570  23.330721     3.1817 3.8725e+02    289.690     96.467      1.000    19.1668    14.2863    1478.91 0.0000e+00
