Loch_Etive/CTD_data/sbe55_sbe19p_5215_20250527_re3_1m.cnv
* Sea-Bird SBE 19plus Data File:
* FileName = C:\Data\sbe55_sbe19p_5215\2025-05-27\sbe55_sbe19p_5215_20250527_re3063.hex
* Software Version SeatermAF 2.1.4
* Temperature SN = 5215
* Conductivity SN = 5215
* System UpLoad Time = May 27 2025 09:55:24 (localtime) = May 27 2025 09:55:24 (UTC)
* ds
* SeacatPlus V 1.6b  SERIAL NO. 5215    27 May 2025  09:54:19
# nquan = 15
# nvalues = 197                         
# units = specified
# name 0 = scan: Scan Count
# name 1 = timeJ: Julian Days
# name 2 = depSM: Depth [salt water, m], lat = 56.00
# name 3 = prdM: Pressure, Strain Gauge [db]
# name 4 = tv290C: Temperature [ITS-90, deg C]
# name 5 = c0mS/cm: Conductivity [mS/cm]
# name 6 = flECO-AFL: Fluorescence, WET Labs ECO-AFL/FL [mg/m^3]
# name 7 = par/sat/log: PAR/Logarithmic, Satlantic [umol photons/m^2/sec]
# name 8 = sbeox0Mm/L: Oxygen, SBE 43 [umol/l]
# name 9 = sbeox0PS: Oxygen, SBE 43 [% saturation]
# name 10 = depSM: Depth [salt water, m], lat = 56
# name 11 = sal00: Salinity, Practical [PSU]
# name 12 = sigma-é00: Density [sigma-theta, kg/m^3]
# name 13 = svCM: Sound Velocity [Chen-Millero, m/s]
# name 14 = flag: flag
# span 0 =        335,       2096       
# span 1 = 147.398639, 147.403736       
# span 2 =      1.000,     99.000       
# span 3 =      1.009,     99.933       
# span 4 =    10.5470,    13.4215       
# span 5 =  11.644912,  32.627625       
# span 6 =     0.9065,    11.0455       
# span 7 = 5.3069e-02, 1.7821e+02       
# span 8 =    159.984,    318.337       
# span 9 =     54.937,    101.093       
# span 10 =      1.000,     99.000      
# span 11 =     9.2088,    27.9996      
# span 12 =     6.6947,    21.1908      
# span 13 =    1464.40,    1490.22      
# span 14 = 0.0000e+00, 0.0000e+00      
# interval = meters: 1                  
# start_time = May 27 2025 09:32:39 [Instrument's time stamp, header]
# bad_flag = -9.990e-29
*END*
        335 147.398639      1.000      1.009    11.5351  11.644912     5.5288 8.8382e+01    310.285    100.340      1.000     9.2088     6.6947    1464.40 0.0000e+00
        362 147.398718      2.000      2.018    12.2949  20.995850     5.6917 1.4674e+01    282.719    100.606      2.000    17.0628    12.6548    1476.56 0.0000e+00
        372 147.398748      3.000      3.028    13.1316  28.396320     4.4418 6.6943e+00    281.849    101.093      3.000    23.2348    17.2755    1486.80 0.0000e+00
        381 147.398773      4.000      4.036    13.3640  29.759736     3.8476 4.4094e+00    273.647     97.965      4.000    24.3185    18.0689    1488.89 0.0000e+00
        390 147.398799      5.000      5.046    13.4215  30.859295     4.0383 3.3218e+00    260.517     92.221      5.000    25.2739    18.7949    1490.22 0.0000e+00
        399 147.398825      6.000      6.055    13.0987  31.542157     3.7247 2.4108e+00    243.947     84.936      6.000    26.1115    19.5006    1490.12 0.0000e+00
        407 147.398845      7.000      7.064    12.5555  31.468444     3.6557 1.7921e+00    217.994     75.653      7.000    26.4201    19.8378    1488.64 0.0000e+00
        414 147.398868      8.000      8.074    11.8647  31.200820     6.3237 1.3535e+00    201.206     69.760      8.000    26.6583    20.1436    1486.53 0.0000e+00
        421 147.398888      9.000      9.083    11.4569  31.100595     8.6919 9.7777e-01    189.309     65.572      9.000    26.8559    20.3667    1485.35 0.0000e+00
        427 147.398908     10.000     10.092    11.3420  31.122530     9.3882 6.4948e-01    163.918     56.510     10.000    26.9600    20.4669    1485.08 0.0000e+00
        434 147.398927     11.000     11.101    11.2800  31.170096     9.4334 4.2095e-01    159.984     54.937     11.000    27.0505    20.5475    1484.99 0.0000e+00
        441 147.398948     12.000     12.110    11.1503  31.129483    10.0615 2.9036e-01    183.109     62.732     12.000    27.1063    20.6125    1484.61 0.0000e+00
        448 147.398968     13.000     13.120    10.9316  30.984679     8.4177 1.9148e-01    203.789     69.695     13.000    27.1273    20.6649    1483.87 0.0000e+00
        455 147.398988     14.000     14.129    10.7767  30.882487     9.3479 1.2819e-01    213.603     73.013     14.000    27.1425    20.7020    1483.34 0.0000e+00
        463 147.399010     15.000     15.138    10.6759  30.816073     6.7849 8.7350e-02    218.909     74.772     15.000    27.1522    20.7259    1483.01 0.0000e+00
        470 147.399028     16.000     16.147    10.6186  30.790917     6.4878 5.7702e-02    234.219     79.981     16.000    27.1700    20.7489    1482.84 0.0000e+00
        477 147.399052     17.000     17.157    10.5870  30.788054     5.7497 5.3069e-02    248.851     85.083     17.000    27.1903    20.7698    1482.77 0.0000e+00
        484 147.399072     18.000     18.166    10.5470  30.798437     4.9318 5.3130e-02    254.852     87.216     18.000    27.2299    20.8070    1482.69 0.0000e+00
        492 147.399092     19.000     19.176    10.5606  30.855730     4.4612 5.3120e-02    252.788     86.597     19.000    27.2753    20.8401    1482.81 0.0000e+00
        499 147.399115     20.000     20.185    10.6087  30.925192     3.2377 5.3096e-02    251.449     86.222     20.000    27.3068    20.8569    1483.03 0.0000e+00
        506 147.399135     21.000     21.194    10.6426  30.976797     3.0220 5.3158e-02    251.489     86.478     21.000    27.3313    20.8705    1483.20 0.0000e+00
        513 147.399157     22.000     22.203    10.6844  31.032607     2.8042 5.3106e-02    251.138     86.667     22.000    27.3542    20.8816    1483.40 0.0000e+00
        521 147.399178     23.000     23.213    10.7523  31.144134     2.5198 5.3140e-02    249.364     86.197     23.000    27.4115    20.9152    1483.73 0.0000e+00
        528 147.399196     24.000     24.222    10.8870  31.322718     2.0131 5.3105e-02    249.234     86.325     24.000    27.4838    20.9493    1484.32 0.0000e+00
        535 147.399220     25.000     25.231    10.9955  31.433585     1.7632 5.3095e-02    250.653     86.910     25.000    27.5097    20.9515    1484.75 0.0000e+00
        542 147.399240     26.000     26.240    11.0633  31.519616     1.6213 5.3114e-02    251.162     87.130     26.000    27.5417    20.9652    1485.05 0.0000e+00
        549 147.399258     27.000     27.250    11.1376  31.597095     1.3493 5.3087e-02    251.023     87.144     27.000    27.5605    20.9674    1485.36 0.0000e+00
        557 147.399283     28.000     28.259    11.1689  31.627708     1.1919 5.3091e-02    251.159     87.246     28.000    27.5663    20.9667    1485.49 0.0000e+00
        564 147.399302     29.000     29.269    11.1933  31.658716     1.2020 5.3122e-02    250.542     87.082     29.000    27.5775    20.9713    1485.61 0.0000e+00
        571 147.399323     30.000     30.278    11.2210  31.693660     1.1854 5.3085e-02    250.240     87.003     30.000    27.5902    20.9765    1485.74 0.0000e+00
        578 147.399345     31.000     31.287    11.2460  31.726846     1.2271 5.3102e-02    250.074     86.991     31.000    27.6030    20.9823    1485.86 0.0000e+00
        586 147.399363     32.000     32.296    11.2641  31.748223     1.1761 5.3123e-02    250.517     87.237     32.000    27.6097    20.9845    1485.95 0.0000e+00
        593 147.399389     33.000     33.306    11.2789  31.771152     1.1218 5.3103e-02    251.102     87.493     33.000    27.6203    20.9902    1486.03 0.0000e+00
        601 147.399408     34.000     34.315    11.3110  31.821520     1.1115 5.3104e-02    251.309     87.631     34.000    27.6443    21.0034    1486.19 0.0000e+00
        608 147.399429     35.000     35.325    11.3456  31.860483     1.0571 5.3148e-02    251.993     87.932     35.000    27.6555    21.0063    1486.34 0.0000e+00
        615 147.399452     36.000     36.334    11.3718  31.896367     1.0136 5.3096e-02    252.464     88.142     36.000    27.6700    21.0131    1486.47 0.0000e+00
        623 147.399473     37.000     37.343    11.4055  31.936387     1.0064 5.3095e-02    252.181     88.091     37.000    27.6827    21.0173    1486.62 0.0000e+00
        631 147.399496     38.000     38.352    11.4288  31.965542     0.9884 5.3107e-02    252.687     88.314     38.000    27.6929    21.0212    1486.73 0.0000e+00
        638 147.399516     39.000     39.362    11.4487  31.996068     0.9775 5.3100e-02    253.359     88.593     39.000    27.7070    21.0288    1486.84 0.0000e+00
        646 147.399540     40.000     40.371    11.4722  32.026054     0.9572 5.3103e-02    253.557     88.725     40.000    27.7176    21.0331    1486.95 0.0000e+00
        654 147.399561     41.000     41.381    11.4917  32.052479     0.9331 5.3100e-02    253.711     88.840     41.000    27.7280    21.0378    1487.04 0.0000e+00
        661 147.399585     42.000     42.390    11.5159  32.088917     0.9065 5.3127e-02    253.618     88.848     42.000    27.7444    21.0464    1487.17 0.0000e+00
        669 147.399605     43.000     43.400    11.5438  32.127652     0.9283 5.3114e-02    254.006     89.009     43.000    27.7602    21.0539    1487.30 0.0000e+00
        676 147.399630     44.000     44.409    11.5675  32.158829     0.9199 5.3113e-02    253.320     88.789     44.000    27.7719    21.0589    1487.42 0.0000e+00
        684 147.399650     45.000     45.418    11.5789  32.177982     0.9231 5.3117e-02    253.152     88.759     45.000    27.7813    21.0642    1487.48 0.0000e+00
        692 147.399671     46.000     46.428    11.5881  32.196067     0.9328 5.3091e-02    253.104     88.759     46.000    27.7913    21.0704    1487.54 0.0000e+00
        699 147.399693     47.000     47.437    11.5966  32.214465     1.0010 5.3118e-02    252.809     88.669     47.000    27.8021    21.0773    1487.60 0.0000e+00
        707 147.399714     48.000     48.446    11.6067  32.230244     0.9522 5.3111e-02    252.788     88.679     48.000    27.8092    21.0812    1487.66 0.0000e+00
        714 147.399739     49.000     49.456    11.6131  32.240655     0.9193 5.3099e-02    252.655     88.643     49.000    27.8141    21.0838    1487.71 0.0000e+00
        722 147.399758     50.000     50.465    11.6191  32.252162     0.9455 5.3126e-02    253.033     88.776     50.000    27.8202    21.0876    1487.75 0.0000e+00
        730 147.399782     51.000     51.475    11.6257  32.262584     0.9681 5.3104e-02    252.610     88.657     51.000    27.8248    21.0900    1487.80 0.0000e+00
        737 147.399805     52.000     52.484    11.6269  32.265268     0.9729 5.3104e-02    252.341     88.592     52.000    27.8261    21.0909    1487.82 0.0000e+00
        745 147.399827     53.000     53.494    11.6334  32.282718     0.9898 5.3092e-02    253.198     88.908     53.000    27.8375    21.0986    1487.88 0.0000e+00
        753 147.399850     54.000     54.503    11.6478  32.304884     1.0125 5.3070e-02    253.475     89.016     54.000    27.8475    21.1039    1487.95 0.0000e+00
        761 147.399871     55.000     55.512    11.6565  32.315648     1.0101 5.3104e-02    253.731     89.125     55.000    27.8509    21.1051    1488.00 0.0000e+00
        769 147.399895     56.000     56.522    11.6620  32.323401     0.9809 5.3113e-02    253.652     89.114     56.000    27.8538    21.1063    1488.05 0.0000e+00
        777 147.399918     57.000     57.532    11.6684  32.334462     0.9974 5.3081e-02    254.336     89.373     57.000    27.8592    21.1094    1488.09 0.0000e+00
        784 147.399940     58.000     58.541    11.6769  32.345818     0.9954 5.3121e-02    255.152     89.669     58.000    27.8632    21.1111    1488.14 0.0000e+00
        792 147.399965     59.000     59.550    11.6855  32.355269     1.0273 5.3097e-02    255.255     89.707     59.000    27.8655    21.1114    1488.19 0.0000e+00
        801 147.399987     60.000     60.560    11.6917  32.361180     1.0474 5.3120e-02    255.322     89.741     60.000    27.8661    21.1108    1488.23 0.0000e+00
        809 147.400012     61.000     61.570    11.6935  32.363415     1.0148 5.3089e-02    255.365     89.795     61.000    27.8665    21.1108    1488.25 0.0000e+00
        817 147.400033     62.000     62.579    11.6963  32.370753     1.0385 5.3087e-02    256.624     90.297     62.000    27.8710    21.1138    1488.29 0.0000e+00
        825 147.400058     63.000     63.588    11.7102  32.393350     1.0164 5.3108e-02    258.783     91.107     63.000    27.8817    21.1198    1488.36 0.0000e+00
        833 147.400080     64.000     64.598    11.7337  32.426699     1.0692 5.3118e-02    259.425     91.329     64.000    27.8955    21.1264    1488.48 0.0000e+00
        841 147.400106     65.000     65.607    11.7608  32.455502     1.0646 5.3081e-02    259.234     91.272     65.000    27.9022    21.1269    1488.60 0.0000e+00
        850 147.400129     66.000     66.617    11.7637  32.458132     1.0241 5.3112e-02    259.725     91.456     66.000    27.9022    21.1264    1488.63 0.0000e+00
        858 147.400153     67.000     67.626    11.7664  32.464358     1.0545 5.3108e-02    260.217     91.636     67.000    27.9058    21.1287    1488.66 0.0000e+00
        866 147.400177     68.000     68.636    11.7714  32.470383     1.0331 5.3131e-02    260.014     91.568     68.000    27.9074    21.1291    1488.69 0.0000e+00
        875 147.400200     69.000     69.645    11.7753  32.475454     1.0654 5.3080e-02    259.935     91.554     69.000    27.9089    21.1296    1488.72 0.0000e+00
        883 147.400227     70.000     70.655    11.7766  32.478972     1.0537 5.3090e-02    259.806     91.545     70.000    27.9109    21.1310    1488.75 0.0000e+00
        892 147.400252     71.000     71.664    11.7805  32.493308     1.0419 5.3106e-02    259.891     91.587     71.000    27.9212    21.1383    1488.79 0.0000e+00
        901 147.400277     72.000     72.674    11.7937  32.517462     1.0481 5.3121e-02    259.858     91.582     72.000    27.9340    21.1459    1488.87 0.0000e+00
        910 147.400305     73.000     73.684    11.8007  32.526125     1.0444 5.3118e-02    260.044     91.652     73.000    27.9366    21.1468    1488.91 0.0000e+00
        919 147.400330     74.000     74.693    11.8036  32.531244     1.0697 5.3087e-02    259.945     91.624     74.000    27.9389    21.1481    1488.94 0.0000e+00
        928 147.400357     75.000     75.703    11.8058  32.534451     1.0655 5.3098e-02    260.363     91.782     75.000    27.9400    21.1485    1488.97 0.0000e+00
        938 147.400384     76.000     76.712    11.8088  32.540618     1.0785 5.3108e-02    260.334     91.779     76.000    27.9432    21.1505    1489.00 0.0000e+00
        947 147.400414     77.000     77.722    11.8131  32.547715     1.0723 5.3083e-02    259.885     91.625     77.000    27.9463    21.1522    1489.03 0.0000e+00
        956 147.400438     78.000     78.731    11.8156  32.552352     1.0704 5.3096e-02    259.788     91.613     78.000    27.9485    21.1535    1489.06 0.0000e+00
        966 147.400464     79.000     79.741    11.8177  32.557842     1.0695 5.3107e-02    260.209     91.779     79.000    27.9518    21.1557    1489.09 0.0000e+00
        975 147.400490     80.000     80.750    11.8261  32.574625     1.1103 5.3085e-02    260.237     91.813     80.000    27.9610    21.1614    1489.15 0.0000e+00
        984 147.400520     81.000     81.760    11.8340  32.586660     1.1164 5.3080e-02    261.299     92.209     81.000    27.9662    21.1640    1489.20 0.0000e+00
        993 147.400544     82.000     82.770    11.8433  32.603258     1.0992 5.3103e-02    261.759     92.375     82.000    27.9746    21.1689    1489.26 0.0000e+00
       1003 147.400572     83.000     83.779    11.8518  32.616834     1.1101 5.3105e-02    261.445     92.263     83.000    27.9808    21.1723    1489.31 0.0000e+00
       1012 147.400597     84.000     84.789    11.8532  32.618949     1.1326 5.3125e-02    261.599     92.318     84.000    27.9814    21.1725    1489.33 0.0000e+00
       1021 147.400627     85.000     85.798    11.8523  32.620864     1.1469 5.3082e-02    261.222     92.184     85.000    27.9835    21.1743    1489.35 0.0000e+00
       1030 147.400650     86.000     86.808    11.8522  32.623074     1.1499 5.3118e-02    261.242     92.190     86.000    27.9853    21.1758    1489.37 0.0000e+00
       1039 147.400677     87.000     87.818    11.8514  32.623631     1.1705 5.3100e-02    261.118     92.145     87.000    27.9861    21.1765    1489.38 0.0000e+00
       1048 147.400702     88.000     88.827    11.8507  32.624053     1.1369 5.3077e-02    260.987     92.094     88.000    27.9866    21.1771    1489.40 0.0000e+00
       1057 147.400729     89.000     89.837    11.8495  32.625009     1.1533 5.3146e-02    260.542     91.929     89.000    27.9881    21.1785    1489.41 0.0000e+00
       1066 147.400755     90.000     90.847    11.8459  32.626324     1.1484 5.3103e-02    260.071     91.756     90.000    27.9917    21.1819    1489.42 0.0000e+00
       1075 147.400780     91.000     91.856    11.8410  32.625629     1.1488 5.3076e-02    259.863     91.677     91.000    27.9943    21.1848    1489.42 0.0000e+00
       1084 147.400809     92.000     92.866    11.8364  32.624840     1.1977 5.3130e-02    259.658     91.604     92.000    27.9966    21.1874    1489.43 0.0000e+00
       1094 147.400835     93.000     93.875    11.8334  32.624692     1.2259 5.3091e-02    259.632     91.594     93.000    27.9984    21.1894    1489.43 0.0000e+00
       1103 147.400862     94.000     94.885    11.8328  32.625350     1.2425 5.3105e-02    259.604     91.584     94.000    27.9991    21.1900    1489.45 0.0000e+00
       1112 147.400889     95.000     95.895    11.8328  32.625807     1.2320 5.3094e-02    259.776     91.647     95.000    27.9992    21.1901    1489.46 0.0000e+00
       1122 147.400917     96.000     96.904    11.8325  32.626316     1.2285 5.3143e-02    259.722     91.630     96.000    27.9995    21.1904    1489.48 0.0000e+00
