Loch_Etive/CTD_data/sbe55_sbe19p_5215_20250527_re3_1m.cnv
* Sea-Bird SBE 19plus Data File:
* FileName = C:\Data\sbe55_sbe19p_5215\2025-05-27\sbe55_sbe19p_5215_20250527_re3063.hex
* Software Version SeatermAF 2.1.4
* Temperature SN = 5215
* Conductivity SN = 5215
* System UpLoad Time = May 27 2025 09:55:24 (localtime) = May 27 2025 09:55:24 (UTC)
* ds
* SeacatPlus V 1.6b  SERIAL NO. 5215    27 May 2025  09:54:19
# nquan = 15
# nvalues = 197                         
# units = specified
# name 0 = scan: Scan Count
# name 1 = timeJ: Julian Days
# name 2 = depSM: Depth [salt water, m], lat = 56.00
# name 3 = prdM: Pressure, Strain Gauge [db]
# name 4 = tv290C: Temperature [ITS-90, deg C]
# name 5 = c0mS/cm: Conductivity [mS/cm]
# name 6 = flECO-AFL: Fluorescence, WET Labs ECO-AFL/FL [mg/m^3]
# name 7 = par/sat/log: PAR/Logarithmic, Satlantic [umol photons/m^2/sec]
# name 8 = sbeox0Mm/L: Oxygen, SBE 43 [umol/l]
# name 9 = sbeox0PS: Oxygen, SBE 43 [% saturation]
# name 10 = depSM: Depth [salt water, m], lat = 56
# name 11 = sal00: Salinity, Practical [PSU]
# name 12 = sigma-é00: Density [sigma-theta, kg/m^3]
# name 13 = svCM: Sound Velocity [Chen-Millero, m/s]
# name 14 = flag: flag
# span 0 =        335,       2096       
# span 1 = 147.398639, 147.403736       
# span 2 =      1.000,     99.000       
# span 3 =      1.009,     99.933       
# span 4 =    10.5470,    13.4215       
# span 5 =  11.644912,  32.627625       
# span 6 =     0.9065,    11.0455       
# span 7 = 5.3069e-02, 1.7821e+02       
# span 8 =    159.984,    318.337       
# span 9 =     54.937,    101.093       
# span 10 =      1.000,     99.000      
# span 11 =     9.2088,    27.9996      
# span 12 =     6.6947,    21.1908      
# span 13 =    1464.40,    1490.22      
# span 14 = 0.0000e+00, 0.0000e+00      
# interval = meters: 1                  
# start_time = May 27 2025 09:32:39 [Instrument's time stamp, header]
# bad_flag = -9.990e-29
*END*
[from data line 97]
       1140 147.400969     98.000     98.924    11.8346  32.627625     1.2451 5.3141e-02    259.282     91.467     98.000    27.9985    21.1893    1489.52 0.0000e+00
       1157 147.401018     99.000     99.933    11.8311  32.626440     1.3227 5.3110e-02    259.377     91.504     99.000    27.9996    21.1908    1489.53 0.0000e+00
       1172 147.401061     98.000     98.923    11.8322  32.626511     1.3382 5.3097e-02    259.740     91.635     98.000    27.9992    21.1903    1489.51 0.0000e+00
       1182 147.401092     97.000     97.914    11.8339  32.626728     1.3818 5.3093e-02    260.032     91.737     97.000    27.9985    21.1894    1489.50 0.0000e+00
       1194 147.401124     96.000     96.904    11.8342  32.625956     1.3520 5.3136e-02    259.582     91.578     96.000    27.9979    21.1889    1489.48 0.0000e+00
       1205 147.401157     95.000     95.895    11.8339  32.625637     1.3461 5.3111e-02    259.744     91.635     95.000    27.9982    21.1891    1489.47 0.0000e+00
       1217 147.401192     94.000     94.885    11.8336  32.625072     1.3430 5.3107e-02    260.015     91.730     94.000    27.9982    21.1892    1489.45 0.0000e+00
       1229 147.401227     93.000     93.876    11.8332  32.624532     1.3468 5.3094e-02    259.837     91.667     93.000    27.9984    21.1894    1489.43 0.0000e+00
       1240 147.401259     92.000     92.866    11.8333  32.624213     1.3553 5.3098e-02    259.740     91.633     92.000    27.9984    21.1893    1489.42 0.0000e+00
       1252 147.401293     91.000     91.856    11.8333  32.623264     1.3462 5.3115e-02    259.986     91.727     91.000    27.9979    21.1889    1489.40 0.0000e+00
       1263 147.401325     90.000     90.846    11.8350  32.623510     1.3528 5.3107e-02    260.283     91.840     90.000    27.9972    21.1881    1489.39 0.0000e+00
       1275 147.401360     89.000     89.837    11.8398  32.624614     1.2656 5.3075e-02    260.819     92.036     89.000    27.9950    21.1855    1489.39 0.0000e+00
       1286 147.401393     88.000     88.827    11.8448  32.624138     1.2687 5.3102e-02    261.220     92.181     88.000    27.9912    21.1817    1489.38 0.0000e+00
       1297 147.401425     87.000     87.818    11.8486  32.623270     1.2464 5.3088e-02    261.375     92.237     87.000    27.9879    21.1784    1489.37 0.0000e+00
       1308 147.401457     86.000     86.808    11.8502  32.622769     1.2223 5.3108e-02    261.421     92.253     86.000    27.9865    21.1770    1489.36 0.0000e+00
       1319 147.401487     85.000     85.798    11.8509  32.621792     1.2469 5.3105e-02    261.365     92.225     85.000    27.9855    21.1761    1489.35 0.0000e+00
       1330 147.401519     84.000     84.789    11.8513  32.618540     1.2434 5.3090e-02    260.912     92.048     84.000    27.9824    21.1736    1489.33 0.0000e+00
       1340 147.401547     83.000     83.779    11.8475  32.605268     1.1987 5.3108e-02    260.715     91.968     83.000    27.9731    21.1671    1489.29 0.0000e+00
       1350 147.401577     82.000     82.770    11.8419  32.595004     1.1793 5.3071e-02    260.429     91.858     82.000    27.9679    21.1640    1489.24 0.0000e+00
       1360 147.401604     81.000     81.760    11.8376  32.587797     1.1627 5.3113e-02    260.319     91.795     81.000    27.9646    21.1621    1489.21 0.0000e+00
       1369 147.401634     80.000     80.750    11.8337  32.580314     1.1402 5.3123e-02    259.702     91.553     80.000    27.9608    21.1598    1489.17 0.0000e+00
       1379 147.401660     79.000     79.741    11.8233  32.560730     1.1355 5.3103e-02    260.005     91.645     79.000    27.9503    21.1536    1489.11 0.0000e+00
       1389 147.401690     78.000     78.731    11.8138  32.545758     1.1152 5.3115e-02    259.699     91.527     78.000    27.9436    21.1500    1489.05 0.0000e+00
       1398 147.401716     77.000     77.722    11.8081  32.536400     1.1050 5.3088e-02    259.323     91.389     77.000    27.9394    21.1477    1489.01 0.0000e+00
       1408 147.401746     76.000     76.712    11.8040  32.530385     1.1040 5.3104e-02    259.695     91.518     76.000    27.9371    21.1466    1488.97 0.0000e+00
       1418 147.401772     75.000     75.703    11.8016  32.526842     1.0996 5.3105e-02    259.673     91.509     75.000    27.9359    21.1461    1488.95 0.0000e+00
       1428 147.401803     74.000     74.693    11.8007  32.524995     1.1172 5.3098e-02    259.661     91.504     74.000    27.9352    21.1457    1488.93 0.0000e+00
       1438 147.401832     73.000     73.684    11.8003  32.524188     1.0947 5.3110e-02    259.925     91.579     73.000    27.9350    21.1456    1488.91 0.0000e+00
       1449 147.401864     72.000     72.674    11.7993  32.521018     1.1410 5.3106e-02    259.486     91.377     72.000    27.9331    21.1443    1488.89 0.0000e+00
       1459 147.401892     71.000     71.664    11.7903  32.499424     1.1454 5.3087e-02    258.957     91.167     71.000    27.9198    21.1355    1488.82 0.0000e+00
       1469 147.401922     70.000     70.655    11.7722  32.469773     1.0852 5.3099e-02    258.944     91.156     70.000    27.9055    21.1276    1488.73 0.0000e+00
       1479 147.401949     69.000     69.645    11.7639  32.459692     1.0729 5.3107e-02    259.067     91.195     69.000    27.9024    21.1266    1488.68 0.0000e+00
       1488 147.401976     68.000     68.636    11.7611  32.455640     1.0829 5.3093e-02    258.897     91.130     68.000    27.9011    21.1260    1488.65 0.0000e+00
       1497 147.402002     67.000     67.626    11.7591  32.452271     1.1048 5.3089e-02    258.855     91.111     67.000    27.8997    21.1253    1488.62 0.0000e+00
       1507 147.402031     66.000     66.617    11.7573  32.448674     1.0647 5.3074e-02    258.667     91.034     66.000    27.8980    21.1243    1488.60 0.0000e+00
       1516 147.402057     65.000     65.607    11.7557  32.443421     1.0931 5.3113e-02    258.803     91.068     65.000    27.8946    21.1219    1488.57 0.0000e+00
       1525 147.402084     64.000     64.598    11.7516  32.436019     1.0675 5.3083e-02    258.044     90.785     64.000    27.8910    21.1198    1488.54 0.0000e+00
       1534 147.402109     63.000     63.588    11.7453  32.427141     1.0408 5.3091e-02    257.872     90.702     63.000    27.8876    21.1182    1488.49 0.0000e+00
       1543 147.402137     62.000     62.579    11.7379  32.417147     1.0574 5.3119e-02    256.963     90.355     62.000    27.8840    21.1167    1488.45 0.0000e+00
       1552 147.402160     61.000     61.569    11.7283  32.403997     1.0589 5.3088e-02    256.102     90.031     61.000    27.8791    21.1145    1488.39 0.0000e+00
       1561 147.402185     60.000     60.560    11.7164  32.389193     1.0483 5.3111e-02    255.560     89.801     60.000    27.8743    21.1129    1488.33 0.0000e+00
       1569 147.402212     59.000     59.551    11.7064  32.375719     1.0748 5.3093e-02    254.345     89.357     59.000    27.8692    21.1107    1488.27 0.0000e+00
       1578 147.402236     58.000     58.541    11.6903  32.353847     1.0403 5.3096e-02    253.971     89.210     58.000    27.8609    21.1070    1488.19 0.0000e+00
       1586 147.402261     57.000     57.532    11.6806  32.342990     1.0515 5.3118e-02    254.026     89.201     57.000    27.8582    21.1065    1488.13 0.0000e+00
       1595 147.402287     56.000     56.522    11.6744  32.330654     1.0287 5.3127e-02    253.212     88.889     56.000    27.8514    21.1023    1488.08 0.0000e+00
       1604 147.402311     55.000     55.513    11.6618  32.311468     0.9945 5.3099e-02    252.838     88.751     55.000    27.8429    21.0979    1488.02 0.0000e+00
       1613 147.402336     54.000     54.503    11.6505  32.295882     1.0082 5.3096e-02    253.094     88.837     54.000    27.8369    21.0952    1487.95 0.0000e+00
       1622 147.402364     53.000     53.494    11.6458  32.290725     1.0253 5.3122e-02    253.222     88.869     53.000    27.8358    21.0951    1487.92 0.0000e+00
       1631 147.402389     52.000     52.484    11.6446  32.286804     0.9996 5.3106e-02    252.858     88.714     52.000    27.8334    21.0934    1487.89 0.0000e+00
       1640 147.402414     51.000     51.475    11.6394  32.275468     0.9825 5.3099e-02    252.733     88.649     51.000    27.8268    21.0892    1487.85 0.0000e+00
       1649 147.402441     50.000     50.465    11.6286  32.256805     0.9773 5.3095e-02    252.821     88.669     50.000    27.8175    21.0838    1487.78 0.0000e+00
       1657 147.402467     49.000     49.456    11.6191  32.242856     0.9731 5.3112e-02    252.659     88.589     49.000    27.8117    21.0809    1487.73 0.0000e+00
       1666 147.402490     48.000     48.447    11.6141  32.234715     0.9808 5.3113e-02    253.138     88.717     48.000    27.8080    21.0789    1487.69 0.0000e+00
       1675 147.402520     47.000     47.437    11.6056  32.213384     0.9734 5.3080e-02    253.312     88.737     47.000    27.7944    21.0698    1487.63 0.0000e+00
       1684 147.402545     46.000     46.428    11.5904  32.181819     0.9210 5.3099e-02    253.993     88.940     46.000    27.7760    21.0582    1487.53 0.0000e+00
       1693 147.402571     45.000     45.418    11.5733  32.150910     0.9359 5.3104e-02    253.861     88.872     45.000    27.7596    21.0484    1487.44 0.0000e+00
       1702 147.402596     44.000     44.409    11.5586  32.128600     0.9522 5.3132e-02    253.662     88.785     44.000    27.7496    21.0431    1487.36 0.0000e+00
       1711 147.402622     43.000     43.400    11.5484  32.116146     0.9364 5.3108e-02    253.367     88.637     43.000    27.7458    21.0419    1487.30 0.0000e+00
       1721 147.402649     42.000     42.390    11.5391  32.101343     0.9616 5.3119e-02    253.251     88.547     42.000    27.7389    21.0382    1487.24 0.0000e+00
       1730 147.402677     41.000     41.381    11.5184  32.068086     0.9652 5.3082e-02    253.024     88.420     41.000    27.7230    21.0293    1487.13 0.0000e+00
       1740 147.402705     40.000     40.372    11.4963  32.037407     0.9798 5.3141e-02    252.888     88.317     40.000    27.7105    21.0234    1487.02 0.0000e+00
       1749 147.402732     39.000     39.362    11.4755  32.007514     0.9939 5.3074e-02    252.946     88.300     39.000    27.6979    21.0172    1486.92 0.0000e+00
       1758 147.402759     38.000     38.352    11.4524  31.973901     1.0253 5.3097e-02    252.403     88.055     38.000    27.6833    21.0097    1486.80 0.0000e+00
       1768 147.402785     37.000     37.343    11.4341  31.949559     1.0281 5.3093e-02    251.787     87.789     37.000    27.6740    21.0056    1486.71 0.0000e+00
       1777 147.402811     36.000     36.334    11.4099  31.916741     1.0631 5.3093e-02    251.431     87.607     36.000    27.6610    20.9997    1486.59 0.0000e+00
       1786 147.402838     35.000     35.324    11.3858  31.886863     1.0577 5.3096e-02    250.919     87.384     35.000    27.6507    20.9958    1486.48 0.0000e+00
       1795 147.402865     34.000     34.315    11.3598  31.853174     1.0613 5.3102e-02    251.056     87.368     34.000    27.6382    20.9905    1486.35 0.0000e+00
       1804 147.402889     33.000     33.306    11.3380  31.825729     1.1502 5.3081e-02    250.223     87.013     33.000    27.6285    20.9866    1486.25 0.0000e+00
       1813 147.402916     32.000     32.296    11.3096  31.784996     1.2148 5.3104e-02    249.931     86.861     32.000    27.6110    20.9778    1486.11 0.0000e+00
       1822 147.402942     31.000     31.287    11.2790  31.746901     1.2408 5.3076e-02    250.426     86.981     31.000    27.5976    20.9726    1485.97 0.0000e+00
       1831 147.402969     30.000     30.278    11.2559  31.714034     1.3358 5.3105e-02    251.033     87.120     30.000    27.5837    20.9656    1485.86 0.0000e+00
       1840 147.402993     29.000     29.269    11.2321  31.679566     1.3099 5.3133e-02    250.842     86.993     29.000    27.5687    20.9580    1485.73 0.0000e+00
       1849 147.403022     28.000     28.259    11.2001  31.636269     1.3424 5.3094e-02    250.667     86.868     28.000    27.5512    20.9498    1485.58 0.0000e+00
       1858 147.403048     27.000     27.250    11.1708  31.600808     1.5251 5.3114e-02    250.195     86.585     27.000    27.5394    20.9455    1485.45 0.0000e+00
       1867 147.403073     26.000     26.241    11.1397  31.558837     1.6678 5.3114e-02    249.796     86.301     26.000    27.5224    20.9375    1485.30 0.0000e+00
       1876 147.403099     25.000     25.231    11.0828  31.486739     1.8494 5.3108e-02    249.480     86.060     25.000    27.4957    20.9263    1485.05 0.0000e+00
       1885 147.403126     24.000     24.222    11.0138  31.400498     2.0111 5.3118e-02    248.543     85.678     24.000    27.4643    20.9132    1484.75 0.0000e+00
       1895 147.403153     23.000     23.213    10.9543  31.338203     2.1803 5.3119e-02    248.026     85.293     23.000    27.4489    20.9111    1484.50 0.0000e+00
       1904 147.403179     22.000     22.203    10.9203  31.287835     2.3661 5.3108e-02    248.961     85.411     22.000    27.4258    20.8988    1484.33 0.0000e+00
       1913 147.403206     21.000     21.194    10.8319  31.157697     2.8249 5.3094e-02    248.188     85.045     21.000    27.3660    20.8668    1483.93 0.0000e+00
       1922 147.403231     20.000     20.185    10.7351  31.048465     3.2359 5.3071e-02    250.815     85.840     20.000    27.3325    20.8565    1483.52 0.0000e+00
       1931 147.403258     19.000     19.175    10.6799  30.987175     3.6835 5.3113e-02    251.983     86.113     19.000    27.3144    20.8513    1483.29 0.0000e+00
       1941 147.403286     18.000     18.166    10.6279  30.916527     4.3134 5.3130e-02    248.033     84.715     18.000    27.2847    20.8367    1483.04 0.0000e+00
       1950 147.403314     17.000     17.157    10.5730  30.842092     5.3053 5.8432e-02    233.334     79.751     17.000    27.2534    20.8211    1482.79 0.0000e+00
       1959 147.403340     16.000     16.148    10.5630  30.808825     6.7669 8.0570e-02    213.682     73.148     16.000    27.2288    20.8036    1482.71 0.0000e+00
       1969 147.403368     15.000     15.138    10.6038  30.819481     7.6648 1.1814e-01    198.271     68.111     15.000    27.2092    20.7817    1482.82 0.0000e+00
       1978 147.403391     14.000     14.129    10.6745  30.871583     8.0162 1.7398e-01    176.341     60.832     14.000    27.2078    20.7692    1483.05 0.0000e+00
       1986 147.403420     13.000     13.120    10.8232  30.999815    10.3156 2.5138e-01    160.931     55.728     13.000    27.2222    20.7563    1483.59 0.0000e+00
       1995 147.403443     12.000     12.110    11.0180  31.142015    11.0455 3.9495e-01    171.313     59.410     12.000    27.2159    20.7195    1484.27 0.0000e+00
       2004 147.403470     11.000     11.101    11.2063  31.224768    11.0113 6.2185e-01    198.739     68.972     11.000    27.1571    20.6425    1484.85 0.0000e+00
       2013 147.403495     10.000     10.092    11.3171  31.187901     9.9075 9.9110e-01    213.704     74.259     10.000    27.0408    20.5337    1485.09 0.0000e+00
       2022 147.403522      9.000      9.083    11.3810  31.141420    10.7744 1.5408e+00    223.691     78.144      9.000    26.9500    20.4526    1485.19 0.0000e+00
       2031 147.403546      8.000      8.074    11.4566  31.142064     9.3975 2.3933e+00    238.557     84.267      8.000    26.8961    20.3979    1485.38 0.0000e+00
       2039 147.403571      7.000      7.064    11.6993  31.243342     8.6618 3.6588e+00    260.240     92.889      7.000    26.8172    20.2955    1486.13 0.0000e+00
       2047 147.403594      6.000      6.055    12.2320  31.405336     5.2358 5.5734e+00    273.970     97.830      6.000    26.5897    20.0265    1487.70 0.0000e+00
