Loch_Etive/CTD_data_2024/sbe19p_5262_20240514_re5b.cnv
* Sea-Bird SBE 19plus Data File:
* FileName = C:\Data\sbe55_sbe19p_5262\2024-05-14\sbe19p_5262_20240514_RE5b033.hex
* Software Version SeatermAF 2.1.4
* Temperature SN = 5262
* Conductivity SN = 5262
* System UpLoad Time = May 14 2024 11:07:13 (localtime) = May 14 2024 11:07:13 (UTC)
* ds
* SeacatPlus V 1.6b  SERIAL NO. 5262    14 May 2024  11:08:22
# nquan = 14                                
# nvalues = 5265                        
# units = specified
# name 0 = scan: Scan Count
# name 1 = timeJ: Julian Days
# name 2 = prdM: Pressure, Strain Gauge [db]
# name 3 = tv290C: Temperature [ITS-90, deg C]
# name 4 = c0mS/cm: Conductivity [mS/cm]
# name 5 = wetStar: Fluorescence, WET Labs WETstar [mg/m^3]
# name 6 = par: PAR/Irradiance, Biospherical/Licor [umol photons/m^2/sec]
# name 7 = sbeox0Mm/L: Oxygen, SBE 43 [umol/l]
# name 8 = sbeox0PS: Oxygen, SBE 43 [% saturation]
# name 9 = depSM: Depth [salt water, m], lat = 56
# name 10 = sal00: Salinity, Practical [PSU]
# name 11 = sigma-é00: Density [sigma-theta, kg/m^3]
# name 12 = svCM: Sound Velocity [Chen-Millero, m/s]
# name 13 = flag: flag
# span 0 =        301,       5565       
# span 1 = 135.445953, 135.461197       
# span 2 =     -0.296,    140.177       
# span 3 =     9.5550,    13.9667       
# span 4 =   0.959181,  34.727650       
# span 5 =     0.1343,     4.1119       
# span 6 = 1.0000e-12, 9.6766e+02       
# span 7 =     34.089,    272.211       
# span 8 =     12.510,     90.786       
# span 9 =     -0.293,    138.854       
# span 10 =     0.6229,    28.6900      
# span 11 =    -0.1500,    21.4174      
# span 12 =    1459.34,    1496.74      
# span 13 = 0.0000e+00, 0.0000e+00      
# interval = seconds: 0.25
# start_time = May 14 2024 10:40:56 [Instrument's time stamp, header]
# bad_flag = -9.990e-29
*END*
[from data line 4233]
       4534 135.458206     59.937    12.1422  32.045147     0.4964 1.0000e-12    110.537     38.920     59.383    27.2349    20.5430    1489.04 0.0000e+00
       4535 135.458206     59.868    12.1346  32.035622     0.4985 1.0000e-12    111.136     39.117     59.315    27.2315    20.5417    1489.01 0.0000e+00
       4536 135.458221     59.798    12.1278  32.027687     0.4918 1.0000e-12    111.467     39.226     59.246    27.2290    20.5409    1488.98 0.0000e+00
       4537 135.458221     59.728    12.1221  32.020229     0.4901 1.0000e-12    112.292     39.506     59.176    27.2262    20.5398    1488.96 0.0000e+00
       4538 135.458221     59.657    12.1171  32.011257     0.4888 1.0000e-12    112.921     39.719     59.106    27.2214    20.5369    1488.94 0.0000e+00
       4539 135.458221     59.586    12.1121  32.000061     0.4956 1.0000e-12    113.441     39.886     59.036    27.2145    20.5325    1488.91 0.0000e+00
       4540 135.458221     59.516    12.1061  31.987034     0.4951 1.0000e-12    114.036     40.087     58.966    27.2066    20.5274    1488.88 0.0000e+00
       4541 135.458237     59.445    12.0990  31.973602     0.4901 1.0000e-12    114.332     40.184     58.896    27.1992    20.5229    1488.84 0.0000e+00
       4542 135.458237     59.375    12.0912  31.960808     0.4981 1.0000e-12    114.911     40.378     58.826    27.1928    20.5194    1488.81 0.0000e+00
       4543 135.458237     59.305    12.0833  31.947548     0.4972 1.0000e-12    114.958     40.380     58.757    27.1861    20.5156    1488.77 0.0000e+00
       4544 135.458237     59.235    12.0753  31.932810     0.4981 1.0000e-12    115.506     40.548     58.688    27.1781    20.5108    1488.73 0.0000e+00
       4545 135.458237     59.166    12.0668  31.916580     0.4989 1.0000e-12    115.610     40.568     58.619    27.1690    20.5053    1488.69 0.0000e+00
       4546 135.458237     59.097    12.0575  31.899548     0.4926 1.0000e-12    115.972     40.678     58.551    27.1597    20.4997    1488.65 0.0000e+00
       4547 135.458252     59.027    12.0476  31.882778     0.4985 1.0000e-12    115.996     40.675     58.482    27.1512    20.4948    1488.60 0.0000e+00
       4548 135.458252     58.958    12.0376  31.866634     0.4968 1.0000e-12    116.148     40.725     58.413    27.1433    20.4905    1488.55 0.0000e+00
       4549 135.458252     58.889    12.0279  31.850687     0.4989 1.0000e-12    116.360     40.789     58.344    27.1353    20.4860    1488.51 0.0000e+00
       4550 135.458252     58.819    12.0186  31.834558     0.4964 1.0000e-12    116.553     40.852     58.275    27.1269    20.4811    1488.47 0.0000e+00
       4551 135.458252     58.749    12.0095  31.817665     0.4897 1.0000e-12    116.648     40.878     58.206    27.1176    20.4755    1488.42 0.0000e+00
       4552 135.458267     58.679    12.0002  31.799824     0.4897 1.0000e-12    116.885     40.952     58.137    27.1076    20.4693    1488.38 0.0000e+00
       4553 135.458267     58.609    11.9903  31.782721     0.4918 1.0000e-12    117.465     41.150     58.068    27.0986    20.4641    1488.33 0.0000e+00
       4554 135.458267     58.539    11.9803  31.766884     0.4972 1.0000e-12    117.917     41.300     57.998    27.0909    20.4599    1488.28 0.0000e+00
       4555 135.458267     58.468    11.9706  31.750675     0.4968 1.0000e-12    118.512     41.500     57.928    27.0827    20.4553    1488.24 0.0000e+00
       4556 135.458267     58.397    11.9608  31.733303     0.4947 1.0000e-12    119.123     41.711     57.858    27.0735    20.4498    1488.19 0.0000e+00
       4557 135.458282     58.326    11.9506  31.715967     0.4935 1.0000e-12    119.586     41.869     57.787    27.0645    20.4446    1488.15 0.0000e+00
       4558 135.458282     58.255    11.9402  31.699673     0.4876 1.0000e-12    120.068     42.034     57.717    27.0567    20.4404    1488.10 0.0000e+00
       4559 135.458282     58.184    11.9300  31.681915     0.4926 1.0000e-12    120.592     42.212     57.646    27.0474    20.4350    1488.05 0.0000e+00
       4560 135.458282     58.113    11.9196  31.660286     0.4926 1.0000e-12    120.804     42.281     57.576    27.0346    20.4269    1488.00 0.0000e+00
       4561 135.458282     58.043    11.9078  31.635660     0.4930 1.0000e-12    121.137     42.394     57.507    27.0198    20.4175    1487.94 0.0000e+00
       4562 135.458282     57.973    11.8944  31.611427     0.4947 1.0000e-12    121.496     42.511     57.438    27.0067    20.4096    1487.87 0.0000e+00
       4563 135.458298     57.904    11.8802  31.590786     0.5094 1.0000e-12    121.994     42.669     57.369    26.9975    20.4050    1487.81 0.0000e+00
       4564 135.458298     57.835    11.8667  31.573923     0.4972 1.0000e-12    122.550     42.844     57.301    26.9914    20.4026    1487.76 0.0000e+00
       4565 135.458298     57.766    11.8547  31.560589     0.4930 1.0000e-12    123.203     43.049     57.232    26.9875    20.4016    1487.71 0.0000e+00
       4566 135.458298     57.698    11.8445  31.549406     0.4947 1.0000e-12    123.734     43.221     57.165    26.9843    20.4010    1487.67 0.0000e+00
       4567 135.458298     57.630    11.8358  31.538467     0.4947 1.0000e-12    124.210     43.366     57.097    26.9802    20.3993    1487.63 0.0000e+00
       4568 135.458313     57.561    11.8281  31.527897     0.4972 1.0000e-12    124.632     43.505     57.030    26.9759    20.3972    1487.60 0.0000e+00
       4569 135.458313     57.493    11.8209  31.517401     0.4977 1.0000e-12    124.702     43.506     56.962    26.9712    20.3949    1487.57 0.0000e+00
       4570 135.458313     57.425    11.8138  31.507305     0.4826 1.0000e-12    124.861     43.552     56.894    26.9668    20.3927    1487.53 0.0000e+00
       4571 135.458313     57.356    11.8068  31.498190     0.4922 1.0000e-12    124.830     43.530     56.826    26.9632    20.3911    1487.50 0.0000e+00
       4572 135.458313     57.287    11.8002  31.489437     0.4897 1.0000e-12    125.058     43.589     56.758    26.9598    20.3896    1487.48 0.0000e+00
       4573 135.458328     57.218    11.7939  31.481613     0.4872 1.0000e-12    125.458     43.711     56.689    26.9570    20.3885    1487.45 0.0000e+00
       4574 135.458328     57.148    11.7881  31.474838     0.4897 1.0000e-12    126.289     43.963     56.620    26.9547    20.3878    1487.43 0.0000e+00
       4575 135.458328     57.079    11.7829  31.467663     0.4909 1.0000e-12    127.281     44.277     56.552    26.9517    20.3863    1487.40 0.0000e+00
       4576 135.458328     57.009    11.7779  31.459381     0.4914 1.0000e-12    128.676     44.744     56.483    26.9475    20.3840    1487.38 0.0000e+00
       4577 135.458328     56.939    11.7726  31.449957     0.4956 1.0000e-12    130.498     45.366     56.413    26.9425    20.3809    1487.35 0.0000e+00
       4578 135.458344     56.869    11.7669  31.438751     0.4914 1.0000e-12    132.502     46.052     56.344    26.9360    20.3769    1487.32 0.0000e+00
       4579 135.458344     56.799    11.7606  31.424032     0.4930 1.0000e-12    135.243     46.985     56.275    26.9266    20.3707    1487.29 0.0000e+00
       4580 135.458344     56.729    11.7529  31.404314     0.4884 1.0000e-12    138.481     48.083     56.205    26.9135    20.3619    1487.25 0.0000e+00
       4581 135.458344     56.660    11.7429  31.380804     0.4876 1.0000e-12    142.021     49.293     56.136    26.8986    20.3520    1487.19 0.0000e+00
       4582 135.458344     56.590    11.7302  31.356287     0.4951 1.0000e-12    145.704     50.548     56.068    26.8845    20.3434    1487.13 0.0000e+00
       4583 135.458344     56.521    11.7155  31.333166     0.4897 1.0000e-12    149.561     51.870     55.999    26.8732    20.3371    1487.06 0.0000e+00
       4584 135.458359     56.451    11.7002  31.311682     0.4989 1.0000e-12    152.714     52.972     55.930    26.8640    20.3326    1487.00 0.0000e+00
       4585 135.458359     56.381    11.6850  31.291044     0.4947 1.0000e-12    155.860     54.018     55.861    26.8554    20.3285    1486.93 0.0000e+00
       4586 135.458359     56.311    11.6701  31.270607     0.4964 1.0000e-12    158.798     54.994     55.791    26.8468    20.3244    1486.87 0.0000e+00
       4587 135.458359     56.241    11.6555  31.249565     0.4930 1.0000e-12    161.349     55.819     55.722    26.8374    20.3196    1486.80 0.0000e+00
       4588 135.458359     56.171    11.6407  31.228580     0.4930 1.0000e-12    163.570     56.552     55.652    26.8281    20.3149    1486.74 0.0000e+00
       4589 135.458374     56.100    11.6257  31.205812     0.4947 1.0000e-12    165.476     57.188     55.582    26.8174    20.3092    1486.67 0.0000e+00
       4590 135.458374     56.029    11.6095  31.179401     0.4947 1.0000e-12    167.372     57.811     55.511    26.8040    20.3016    1486.60 0.0000e+00
       4591 135.458374     55.958    11.5912  31.150240     0.4947 1.0000e-12    169.398     58.495     55.441    26.7895    20.2935    1486.51 0.0000e+00
       4592 135.458374     55.888    11.5708  31.120489     0.4897 1.0000e-12    171.775     59.317     55.372    26.7760    20.2864    1486.43 0.0000e+00
       4593 135.458374     55.818    11.5494  31.095491     0.4918 1.0000e-12    174.338     60.209     55.302    26.7676    20.2836    1486.34 0.0000e+00
       4594 135.458389     55.748    11.5291  31.076292     0.4964 1.0000e-12    177.237     61.203     55.234    26.7641    20.2843    1486.26 0.0000e+00
       4595 135.458389     55.680    11.5114  31.057955     0.4888 1.0000e-12    180.418     62.289     55.165    26.7594    20.2837    1486.19 0.0000e+00
       4596 135.458389     55.611    11.4956  31.037050     0.4884 1.0000e-12    183.798     63.397     55.098    26.7510    20.2798    1486.12 0.0000e+00
       4597 135.458389     55.543    11.4798  31.013697     0.4985 1.0000e-12    186.978     64.475     55.030    26.7401    20.2740    1486.05 0.0000e+00
       4598 135.458389     55.475    11.4632  30.990643     0.4909 1.0000e-12    189.576     65.345     54.963    26.7301    20.2691    1485.98 0.0000e+00
       4599 135.458405     55.407    11.4461  30.969095     0.4956 1.0000e-12    191.700     66.039     54.896    26.7219    20.2656    1485.91 0.0000e+00
       4600 135.458405     55.340    11.4295  30.948277     0.5082 1.0000e-12    193.345     66.598     54.829    26.7141    20.2624    1485.84 0.0000e+00
       4601 135.458405     55.273    11.4134  30.927771     0.5149 1.0000e-12    194.306     66.873     54.762    26.7062    20.2589    1485.77 0.0000e+00
       4602 135.458405     55.206    11.3977  30.900640     0.5258 1.0000e-12    195.095     67.121     54.696    26.6917    20.2503    1485.70 0.0000e+00
       4603 135.458405     55.139    11.3803  30.862795     0.5300 1.0000e-12    195.871     67.360     54.630    26.6681    20.2349    1485.61 0.0000e+00
       4604 135.458405     55.072    11.3583  30.823959     0.5245 1.0000e-12    196.560     67.602     54.563    26.6469    20.2221    1485.50 0.0000e+00
       4605 135.458420     55.005    11.3331  30.791662     0.5392 1.0000e-12    197.234     67.835     54.497    26.6342    20.2165    1485.40 0.0000e+00
       4606 135.458420     54.937    11.3087  30.765955     0.5384 1.0000e-12    198.612     68.301     54.430    26.6272    20.2152    1485.30 0.0000e+00
       4607 135.458420     54.870    11.2874  30.744675     0.5405 1.0000e-12    199.673     68.658     54.364    26.6222    20.2149    1485.22 0.0000e+00
       4608 135.458420     54.803    11.2696  30.727613     0.5543 1.0000e-12    201.585     69.306     54.297    26.6188    20.2152    1485.15 0.0000e+00
       4609 135.458420     54.735    11.2549  30.717016     0.5539 1.0000e-12    203.052     69.814     54.230    26.6192    20.2179    1485.10 0.0000e+00
       4610 135.458435     54.668    11.2440  30.709572     0.5531 1.0000e-12    203.921     70.118     54.163    26.6200    20.2203    1485.06 0.0000e+00
       4611 135.458435     54.601    11.2361  30.698133     0.5589 1.0000e-12    204.561     70.331     54.097    26.6147    20.2176    1485.02 0.0000e+00
       4612 135.458435     54.534    11.2284  30.680052     0.5673 1.0000e-12    204.891     70.428     54.031    26.6030    20.2097    1484.98 0.0000e+00
       4613 135.458435     54.468    11.2182  30.655849     0.5740 1.0000e-12    204.486     70.259     53.965    26.5872    20.1991    1484.92 0.0000e+00
       4614 135.458435     54.402    11.2046  30.629719     0.5887 1.0000e-12    203.780     69.992     53.900    26.5720    20.1896    1484.85 0.0000e+00
       4615 135.458450     54.337    11.1887  30.606960     0.6013 1.0000e-12    202.620     69.579     53.835    26.5616    20.1842    1484.78 0.0000e+00
       4616 135.458450     54.271    11.1726  30.584917     0.6059 1.0000e-12    201.123     69.049     53.770    26.5521    20.1795    1484.71 0.0000e+00
       4617 135.458450     54.206    11.1565  30.562914     0.5971 1.0000e-12    199.716     68.562     53.706    26.5426    20.1747    1484.64 0.0000e+00
       4618 135.458450     54.141    11.1406  30.541721     0.6068 1.0000e-12    198.336     68.080     53.642    26.5338    20.1705    1484.58 0.0000e+00
       4619 135.458450     54.076    11.1251  30.520237     0.6173 1.0000e-12    197.401     67.752     53.577    26.5243    20.1657    1484.51 0.0000e+00
       4620 135.458450     54.011    11.1108  30.503185     0.6244 1.0000e-12    196.841     67.553     53.512    26.5182    20.1634    1484.45 0.0000e+00
       4621 135.458466     53.945    11.0989  30.492886     0.6198 1.0000e-12    197.250     67.669     53.447    26.5169    20.1643    1484.40 0.0000e+00
       4622 135.458466     53.878    11.0906  30.486364     0.6256 1.0000e-12    197.639     67.799     53.381    26.5167    20.1655    1484.37 0.0000e+00
       4623 135.458466     53.812    11.0856  30.479294     0.6282 1.0000e-12    198.818     68.189     53.315    26.5135    20.1638    1484.35 0.0000e+00
       4624 135.458466     53.745    11.0822  30.470634     0.6366 1.0000e-12    200.204     68.660     53.249    26.5077    20.1599    1484.33 0.0000e+00
       4625 135.458466     53.679    11.0789  30.463005     0.6366 1.0000e-12    201.884     69.225     53.184    26.5027    20.1566    1484.31 0.0000e+00
       4626 135.458481     53.612    11.0759  30.457016     0.6454 1.0000e-12    203.286     69.682     53.118    26.4992    20.1543    1484.29 0.0000e+00
       4627 135.458481     53.546    11.0735  30.450966     0.6701 1.0000e-12    204.632     70.128     53.052    26.4951    20.1515    1484.28 0.0000e+00
       4628 135.458481     53.480    11.0715  30.442183     0.6634 1.0000e-12    206.083     70.610     52.986    26.4881    20.1465    1484.26 0.0000e+00
       4629 135.458481     53.414    11.0683  30.429287     0.6634 1.0000e-12    207.131     70.964     52.921    26.4780    20.1391    1484.24 0.0000e+00
       4630 135.458481     53.348    11.0629  30.413588     0.6571 1.0000e-12    208.160     71.312     52.856    26.4669    20.1314    1484.20 0.0000e+00
       4631 135.458496     53.283    11.0550  30.398214     0.6802 1.0000e-12    209.049     71.620     52.791    26.4578    20.1256    1484.16 0.0000e+00
       4632 135.458496     53.217    11.0455  30.386068     0.6659 1.0000e-12    210.003     71.933     52.726    26.4530    20.1234    1484.12 0.0000e+00
       4633 135.458496     53.152    11.0361  30.376854     0.6684 1.0000e-12    210.923     72.238     52.661    26.4509    20.1233    1484.09 0.0000e+00
       4634 135.458496     53.086    11.0280  30.368813     0.6617 1.0000e-12    212.271     72.702     52.596    26.4490    20.1232    1484.05 0.0000e+00
       4635 135.458496     53.020    11.0211  30.361597     0.6663 1.0000e-12    213.006     72.957     52.531    26.4471    20.1228    1484.03 0.0000e+00
