Loch_Etive/CTD_data_2024/sbe19p_5262_20240514_re5_1m.cnv
* Sea-Bird SBE 19plus Data File:
* FileName = C:\Data\sbe55_sbe19p_5262\2024-05-14\sbe19p_5262_20240514_RE5032.hex
* Software Version SeatermAF 2.1.4
* Temperature SN = 5262
* Conductivity SN = 5262
* System UpLoad Time = May 14 2024 10:13:20 (localtime) = May 14 2024 10:13:20 (UTC)
* ds
* SeacatPlus V 1.6b  SERIAL NO. 5262    14 May 2024  10:14:22
# nquan = 14
# nvalues = 279                         
# units = specified
# name 0 = scan: Scan Count
# name 1 = timeJ: Julian Days
# name 2 = prdM: Pressure, Strain Gauge [db]
# name 3 = tv290C: Temperature [ITS-90, deg C]
# name 4 = c0mS/cm: Conductivity [mS/cm]
# name 5 = wetStar: Fluorescence, WET Labs WETstar [mg/m^3]
# name 6 = par: PAR/Irradiance, Biospherical/Licor [umol photons/m^2/sec]
# name 7 = sbeox0Mm/L: Oxygen, SBE 43 [umol/l]
# name 8 = sbeox0PS: Oxygen, SBE 43 [% saturation]
# name 9 = depSM: Depth [salt water, m], lat = 56
# name 10 = sal00: Salinity, Practical [PSU]
# name 11 = sigma-é00: Density [sigma-theta, kg/m^3]
# name 12 = svCM: Sound Velocity [Chen-Millero, m/s]
# name 13 = flag: flag
# span 0 =        509,       5332       
# span 1 = 135.409978, 135.423933       
# span 2 =      1.000,    140.000       
# span 3 =     9.5808,    13.7867       
# span 4 =  24.807023,  34.730670       
# span 5 =     0.4646,     4.1877       
# span 6 = -1.251e-06, 2.3522e+02       
# span 7 =     33.824,    260.115       
# span 8 =     12.414,     90.572       
# span 9 =      0.991,    138.679       
# span 10 =    19.6884,    28.6920      
# span 11 =    14.4284,    21.4187      
# span 12 =    1475.36,    1496.74      
# span 13 = 0.0000e+00, 0.0000e+00      
# interval = decibars: 1                
# start_time = May 14 2024 09:48:15 [Instrument's time stamp, header]
# bad_flag = -9.990e-29
*END*
[from data line 104]
       2320 135.415216    105.000    13.4966  34.684594     0.4997 1.0000e-12     40.160     14.734    104.018    28.6689    21.4018    1496.11 0.0000e+00
       2338 135.415269    106.000    13.4976  34.686919     0.4982 1.0000e-12     40.007     14.679    105.009    28.6700    21.4024    1496.13 0.0000e+00
       2357 135.415322    107.000    13.4988  34.691435     0.4984 1.0000e-12     39.655     14.550    105.999    28.6729    21.4045    1496.15 0.0000e+00
       2376 135.415379    108.000    13.4997  34.696222     0.5009 1.0000e-12     38.919     14.280    106.989    28.6762    21.4069    1496.18 0.0000e+00
       2394 135.415432    109.000    13.5001  34.698281     0.5012 1.0000e-12     38.905     14.275    107.980    28.6775    21.4078    1496.20 0.0000e+00
       2413 135.415485    110.000    13.5002  34.699138     0.5025 1.0000e-12     38.879     14.266    108.970    28.6778    21.4081    1496.21 0.0000e+00
       2431 135.415537    111.000    13.5004  34.700368     0.5016 1.0000e-12     38.496     14.125    109.960    28.6784    21.4085    1496.23 0.0000e+00
       2450 135.415594    112.000    13.5006  34.702102     0.5020 1.0000e-12     38.264     14.041    110.951    28.6795    21.4094    1496.25 0.0000e+00
       2470 135.415652    113.000    13.5009  34.703646     0.5062 1.0000e-12     37.874     13.898    111.941    28.6803    21.4100    1496.27 0.0000e+00
       2492 135.415716    114.000    13.5010  34.705527     0.5043 1.0000e-12     37.393     13.721    112.931    28.6816    21.4110    1496.29 0.0000e+00
       2516 135.415785    115.000    13.5013  34.706959     0.5047 1.0000e-12     37.228     13.661    113.922    28.6824    21.4116    1496.30 0.0000e+00
       2541 135.415856    116.000    13.5015  34.708300     0.5074 1.0000e-12     37.026     13.587    114.912    28.6831    21.4120    1496.32 0.0000e+00
       2561 135.415915    117.000    13.5018  34.709428     0.5083 1.0000e-12     36.924     13.550    115.902    28.6836    21.4124    1496.34 0.0000e+00
       2581 135.415973    118.000    13.5020  34.710325     0.5099 1.0000e-12     36.655     13.451    116.893    28.6839    21.4126    1496.36 0.0000e+00
       2601 135.416029    119.000    13.5023  34.711493     0.5080 1.0000e-12     36.494     13.392    117.883    28.6844    21.4130    1496.38 0.0000e+00
       2619 135.416082    120.000    13.5024  34.712621     0.5098 1.0000e-12     36.249     13.302    118.873    28.6849    21.4134    1496.39 0.0000e+00
       2637 135.416133    121.000    13.5027  34.713818     0.5096 1.0000e-12     36.146     13.264    119.864    28.6855    21.4138    1496.41 0.0000e+00
       2655 135.416187    122.000    13.5028  34.714766     0.5113 1.0000e-12     36.043     13.226    120.854    28.6859    21.4142    1496.43 0.0000e+00
       2674 135.416240    123.000    13.5030  34.715746     0.5090 1.0000e-12     35.719     13.108    121.844    28.6864    21.4145    1496.45 0.0000e+00
       2693 135.416297    124.000    13.5032  34.717773     0.5110 1.0000e-12     35.125     12.890    122.835    28.6877    21.4155    1496.47 0.0000e+00
       2714 135.416357    125.000    13.5034  34.719656     0.5124 1.0000e-12     34.805     12.773    123.825    28.6889    21.4164    1496.48 0.0000e+00
       2733 135.416413    126.000    13.5036  34.720837     0.5133 1.0000e-12     34.695     12.732    124.815    28.6895    21.4169    1496.50 0.0000e+00
       2753 135.416471    127.000    13.5038  34.721510     0.5134 1.0000e-12     34.657     12.718    125.805    28.6896    21.4170    1496.52 0.0000e+00
       2774 135.416531    128.000    13.5039  34.722168     0.5128 1.0000e-12     34.575     12.688    126.796    28.6898    21.4171    1496.54 0.0000e+00
       2796 135.416593    129.000    13.5041  34.722733     0.5137 1.0000e-12     34.474     12.652    127.786    28.6898    21.4171    1496.55 0.0000e+00
       2818 135.416657    130.000    13.5042  34.723438     0.5135 1.0000e-12     34.521     12.669    128.776    28.6900    21.4173    1496.57 0.0000e+00
       2839 135.416720    131.000    13.5043  34.724158     0.5137 1.0000e-12     34.395     12.623    129.767    28.6902    21.4174    1496.59 0.0000e+00
       2861 135.416783    132.000    13.5045  34.724807     0.5140 1.0000e-12     34.254     12.571    130.757    28.6903    21.4175    1496.60 0.0000e+00
       2884 135.416850    133.000    13.5046  34.725779     0.5157 1.0000e-12     34.133     12.526    131.747    28.6908    21.4178    1496.62 0.0000e+00
       2908 135.416918    134.000    13.5048  34.726494     0.5142 1.0000e-12     34.117     12.521    132.738    28.6910    21.4180    1496.64 0.0000e+00
       2932 135.416986    135.000    13.5049  34.727158     0.5164 1.0000e-12     33.949     12.459    133.728    28.6911    21.4181    1496.66 0.0000e+00
       2954 135.417053    136.000    13.5050  34.727761     0.5170 1.0000e-12     33.938     12.455    134.718    28.6912    21.4182    1496.67 0.0000e+00
       2977 135.417119    137.000    13.5051  34.728145     0.5169 1.0000e-12     33.881     12.434    135.708    28.6912    21.4182    1496.69 0.0000e+00
       3000 135.417185    138.000    13.5052  34.728738     0.5167 1.0000e-12     33.824     12.414    136.699    28.6913    21.4183    1496.71 0.0000e+00
       3023 135.417250    139.000    13.5054  34.729385     0.5161 1.0000e-12     33.891     12.438    137.689    28.6914    21.4184    1496.73 0.0000e+00
       3177 135.417695    140.000    13.5057  34.730670     0.5137 1.0000e-12     34.159     12.536    138.679    28.6920    21.4187    1496.74 0.0000e+00
       3163 135.417656    139.000    13.5055  34.729701     0.5163 1.0000e-12     34.012     12.482    137.689    28.6916    21.4185    1496.73 0.0000e+00
       3195 135.417749    138.000    13.5051  34.728755     0.5160 1.0000e-12     33.858     12.426    136.699    28.6914    21.4183    1496.71 0.0000e+00
       3224 135.417833    137.000    13.5049  34.728126     0.5152 1.0000e-12     33.847     12.422    135.708    28.6913    21.4183    1496.69 0.0000e+00
       3251 135.417911    136.000    13.5050  34.727780     0.5157 1.0000e-12     33.846     12.421    134.718    28.6913    21.4183    1496.67 0.0000e+00
       3279 135.417993    135.000    13.5047  34.726923     0.5166 1.0000e-12     33.997     12.477    133.728    28.6911    21.4181    1496.66 0.0000e+00
       3306 135.418069    134.000    13.5046  34.726141     0.5162 1.0000e-12     34.050     12.496    132.738    28.6908    21.4179    1496.64 0.0000e+00
       3333 135.418149    133.000    13.5045  34.725317     0.5147 1.0000e-12     34.229     12.562    131.747    28.6905    21.4177    1496.62 0.0000e+00
       3360 135.418226    132.000    13.5044  34.724619     0.5150 1.0000e-12     34.260     12.573    130.757    28.6903    21.4175    1496.60 0.0000e+00
       3379 135.418282    131.000    13.5042  34.723916     0.5152 1.0000e-12     34.403     12.625    129.767    28.6901    21.4174    1496.59 0.0000e+00
       3396 135.418330    130.000    13.5040  34.723285     0.5178 1.0000e-12     34.333     12.600    128.776    28.6900    21.4172    1496.57 0.0000e+00
       3413 135.418380    129.000    13.5039  34.722629     0.5149 1.0000e-12     34.341     12.603    127.786    28.6899    21.4172    1496.55 0.0000e+00
       3431 135.418432    128.000    13.5037  34.722103     0.5148 1.0000e-12     34.386     12.619    126.796    28.6899    21.4172    1496.54 0.0000e+00
       3449 135.418483    127.000    13.5036  34.721358     0.5151 1.0000e-12     34.384     12.618    125.806    28.6896    21.4170    1496.52 0.0000e+00
       3466 135.418533    126.000    13.5035  34.720646     0.5162 1.0000e-12     34.712     12.739    124.815    28.6894    21.4168    1496.50 0.0000e+00
       3483 135.418583    125.000    13.5033  34.719947     0.5150 1.0000e-12     34.812     12.775    123.825    28.6892    21.4167    1496.48 0.0000e+00
       3500 135.418631    124.000    13.5032  34.718821     0.5164 1.0000e-12     35.103     12.882    122.835    28.6887    21.4162    1496.47 0.0000e+00
       3517 135.418680    123.000    13.5030  34.716878     0.5143 1.0000e-12     35.679     13.093    121.845    28.6874    21.4152    1496.45 0.0000e+00
       3534 135.418729    122.000    13.5028  34.715107     0.5105 1.0000e-12     36.032     13.222    120.854    28.6863    21.4144    1496.43 0.0000e+00
       3552 135.418782    121.000    13.5027  34.713934     0.5131 1.0000e-12     36.219     13.291    119.864    28.6856    21.4139    1496.41 0.0000e+00
       3570 135.418835    120.000    13.5024  34.712696     0.5103 1.0000e-12     36.346     13.338    118.873    28.6850    21.4135    1496.39 0.0000e+00
       3588 135.418887    119.000    13.5022  34.711692     0.5114 1.0000e-12     36.502     13.395    117.883    28.6846    21.4132    1496.38 0.0000e+00
       3607 135.418942    118.000    13.5020  34.710886     0.5098 1.0000e-12     36.544     13.410    116.893    28.6844    21.4130    1496.36 0.0000e+00
       3627 135.418998    117.000    13.5018  34.710225     0.5077 1.0000e-12     36.785     13.498    115.903    28.6843    21.4130    1496.34 0.0000e+00
       3645 135.419051    116.000    13.5016  34.709189     0.5098 1.0000e-12     36.905     13.542    114.912    28.6838    21.4126    1496.32 0.0000e+00
       3663 135.419104    115.000    13.5016  34.708391     0.5075 1.0000e-12     37.024     13.586    113.922    28.6835    21.4124    1496.31 0.0000e+00
       3680 135.419154    114.000    13.5014  34.707354     0.5064 1.0000e-12     37.287     13.682    112.931    28.6830    21.4120    1496.29 0.0000e+00
       3698 135.419203    113.000    13.5011  34.705728     0.5070 1.0000e-12     37.597     13.796    111.941    28.6821    21.4113    1496.27 0.0000e+00
       3714 135.419251    112.000    13.5008  34.704289     0.5066 1.0000e-12     37.873     13.897    110.951    28.6813    21.4107    1496.25 0.0000e+00
       3731 135.419300    111.000    13.5007  34.702850     0.5070 1.0000e-12     38.214     14.022    109.960    28.6805    21.4101    1496.23 0.0000e+00
       3747 135.419347    110.000    13.5006  34.701614     0.5026 1.0000e-12     38.454     14.110    108.970    28.6798    21.4095    1496.22 0.0000e+00
       3764 135.419394    109.000    13.5002  34.699540     0.5041 1.0000e-12     38.777     14.228    107.980    28.6785    21.4086    1496.20 0.0000e+00
       3780 135.419442    108.000    13.4994  34.695426     0.5046 1.0000e-12     38.830     14.246    106.989    28.6757    21.4066    1496.17 0.0000e+00
       3796 135.419488    107.000    13.4976  34.689761     0.5029 1.0000e-12     38.396     14.086    105.999    28.6723    21.4042    1496.15 0.0000e+00
       3811 135.419533    106.000    13.4960  34.684883     0.5023 1.0000e-12     38.809     14.238    105.009    28.6693    21.4022    1496.12 0.0000e+00
       3828 135.419580    105.000    13.4951  34.681386     0.5009 1.0000e-12     38.886     14.266    104.018    28.6671    21.4007    1496.10 0.0000e+00
       3845 135.419630    104.000    13.4946  34.679458     0.5004 1.0000e-12     39.126     14.353    103.028    28.6661    21.4000    1496.08 0.0000e+00
       3862 135.419680    103.000    13.4942  34.677501     0.5000 1.0000e-12     39.488     14.486    102.037    28.6649    21.3991    1496.06 0.0000e+00
       3879 135.419729    102.000    13.4937  34.674547     0.4983 1.0000e-12     39.761     14.586    101.047    28.6630    21.3977    1496.04 0.0000e+00
       3896 135.419777    101.000    13.4930  34.672271     0.4972 1.0000e-12     39.766     14.587    100.057    28.6617    21.3968    1496.02 0.0000e+00
       3912 135.419824    100.000    13.4923  34.669448     0.4971 1.0000e-12     40.293     14.780     99.066    28.6600    21.3956    1496.00 0.0000e+00
       3928 135.419870     99.000    13.4918  34.665983     0.4978 1.0000e-12     41.160     15.098     98.076    28.6576    21.3939    1495.98 0.0000e+00
       3944 135.419916     98.000    13.4924  34.664802     0.4963 1.0000e-12     42.619     15.633     97.085    28.6564    21.3928    1495.96 0.0000e+00
       3960 135.419961     97.000    13.4931  34.662796     0.4924 1.0000e-12     42.621     15.634     96.095    28.6544    21.3910    1495.95 0.0000e+00
       3975 135.420005     96.000    13.4919  34.658855     0.4921 1.0000e-12     42.818     15.705     95.104    28.6521    21.3895    1495.92 0.0000e+00
       3991 135.420051     95.000    13.4912  34.655738     0.4921 1.0000e-12     43.141     15.823     94.114    28.6501    21.3881    1495.90 0.0000e+00
       4007 135.420098     94.000    13.4904  34.651883     0.4921 1.0000e-12     43.732     16.040     93.124    28.6475    21.3862    1495.88 0.0000e+00
       4022 135.420142     93.000    13.4899  34.647367     0.4919 1.0000e-12     44.561     16.343     92.133    28.6441    21.3836    1495.86 0.0000e+00
       4038 135.420187     92.000    13.4883  34.640509     0.4900 1.0000e-12     44.605     16.358     91.143    28.6393    21.3802    1495.83 0.0000e+00
       4053 135.420232     91.000    13.4870  34.635613     0.4921 1.0000e-12     45.456     16.670     90.152    28.6362    21.3780    1495.81 0.0000e+00
       4068 135.420276     90.000    13.4867  34.631579     0.4873 1.0000e-12     45.561     16.707     89.162    28.6331    21.3757    1495.79 0.0000e+00
       4083 135.420319     89.000    13.4845  34.624318     0.4881 1.0000e-12     46.043     16.882     88.171    28.6284    21.3724    1495.76 0.0000e+00
       4098 135.420361     88.000    13.4832  34.616736     0.4858 1.0000e-12     46.797     17.157     87.181    28.6228    21.3683    1495.73 0.0000e+00
       4113 135.420404     87.000    13.4803  34.603415     0.4869 1.0000e-12     47.691     17.482     86.190    28.6131    21.3614    1495.69 0.0000e+00
       4128 135.420448     86.000    13.4759  34.587082     0.4834 1.0000e-12     48.275     17.692     85.200    28.6017    21.3534    1495.65 0.0000e+00
       4143 135.420491     85.000    13.4700  34.565150     0.4802 1.0000e-12     49.119     17.998     84.209    28.5864    21.3427    1495.59 0.0000e+00
       4158 135.420535     84.000    13.4648  34.548907     0.4775 1.0000e-12     49.425     18.107     83.219    28.5757    21.3354    1495.55 0.0000e+00
       4173 135.420579     83.000    13.4597  34.532437     0.4755 1.0000e-12     49.963     18.298     82.228    28.5648    21.3280    1495.50 0.0000e+00
       4189 135.420625     82.000    13.4517  34.508350     0.4738 1.0000e-12     50.619     18.531     81.238    28.5490    21.3173    1495.44 0.0000e+00
       4203 135.420667     81.000    13.4385  34.472526     0.4745 1.0000e-12     51.144     18.712     80.247    28.5264    21.3024    1495.35 0.0000e+00
       4218 135.420710     80.000    13.4207  34.427516     0.4723 1.0000e-12     52.004     19.015     79.257    28.4987    21.2844    1495.24 0.0000e+00
       4233 135.420751     79.000    13.3989  34.377999     0.4726 1.0000e-12     52.729     19.273     78.266    28.4699    21.2663    1495.12 0.0000e+00
       4247 135.420794     78.000    13.3851  34.345201     0.4711 1.0000e-12     53.225     19.448     77.275    28.4504    21.2539    1495.03 0.0000e+00
       4262 135.420836     77.000    13.3741  34.319110     0.4691 1.0000e-12     53.604     19.586     76.285    28.4350    21.2441    1494.96 0.0000e+00
       4277 135.420879     76.000    13.3707  34.308625     0.4710 1.0000e-12     54.218     19.807     75.295    28.4282    21.2395    1494.92 0.0000e+00
       4291 135.420920     75.000    13.3704  34.294325     0.4690 1.0000e-12     54.992     20.083     74.304    28.4157    21.2298    1494.89 0.0000e+00
       4306 135.420964     74.000    13.3603  34.265121     0.4663 1.0000e-12     55.728     20.339     73.313    28.3967    21.2171    1494.82 0.0000e+00
