Loch_Etive/CTD_data_2024/sbe19p_5262_20240514_re5b_1m.cnv
* Sea-Bird SBE 19plus Data File:
* FileName = C:\Data\sbe55_sbe19p_5262\2024-05-14\sbe19p_5262_20240514_RE5b033.hex
* Software Version SeatermAF 2.1.4
* Temperature SN = 5262
* Conductivity SN = 5262
* System UpLoad Time = May 14 2024 11:07:13 (localtime) = May 14 2024 11:07:13 (UTC)
* ds
* SeacatPlus V 1.6b  SERIAL NO. 5262    14 May 2024  11:08:22
# nquan = 14
# nvalues = 279                         
# units = specified
# name 0 = scan: Scan Count
# name 1 = timeJ: Julian Days
# name 2 = prdM: Pressure, Strain Gauge [db]
# name 3 = tv290C: Temperature [ITS-90, deg C]
# name 4 = c0mS/cm: Conductivity [mS/cm]
# name 5 = wetStar: Fluorescence, WET Labs WETstar [mg/m^3]
# name 6 = par: PAR/Irradiance, Biospherical/Licor [umol photons/m^2/sec]
# name 7 = sbeox0Mm/L: Oxygen, SBE 43 [umol/l]
# name 8 = sbeox0PS: Oxygen, SBE 43 [% saturation]
# name 9 = depSM: Depth [salt water, m], lat = 56
# name 10 = sal00: Salinity, Practical [PSU]
# name 11 = sigma-é00: Density [sigma-theta, kg/m^3]
# name 12 = svCM: Sound Velocity [Chen-Millero, m/s]
# name 13 = flag: flag
# span 0 =        454,       5442       
# span 1 = 135.446402, 135.460835       
# span 2 =      1.000,    140.000       
# span 3 =     9.6090,    13.9286       
# span 4 =  24.878826,  34.726949       
# span 5 =     0.4692,     3.9290       
# span 6 = -1.624e-05, 2.4561e+02       
# span 7 =     34.333,    259.999       
# span 8 =     12.600,     91.191       
# span 9 =      0.991,    138.679       
# span 10 =    19.6710,    28.6898      
# span 11 =    14.3899,    21.4173      
# span 12 =    1475.48,    1496.74      
# span 13 = 0.0000e+00, 0.0000e+00      
# interval = decibars: 1                
# start_time = May 14 2024 10:40:56 [Instrument's time stamp, header]
# bad_flag = -9.990e-29
*END*
[from data line 104]
       2400 135.452034    105.000    13.4988  34.691243     0.5030 1.0000e-12     39.747     14.584    104.018    28.6734    21.4048    1496.12 0.0000e+00
       2419 135.452089    106.000    13.4989  34.692803     0.5033 1.0000e-12     39.366     14.444    105.009    28.6744    21.4056    1496.14 0.0000e+00
       2438 135.452142    107.000    13.4988  34.693629     0.5045 1.0000e-12     38.772     14.226    105.999    28.6749    21.4060    1496.16 0.0000e+00
       2457 135.452199    108.000    13.4985  34.694414     0.5050 1.0000e-12     38.716     14.205    106.989    28.6754    21.4065    1496.17 0.0000e+00
       2477 135.452255    109.000    13.4985  34.695079     0.5031 1.0000e-12     38.008     13.946    107.980    28.6757    21.4068    1496.19 0.0000e+00
       2496 135.452311    110.000    13.4984  34.696396     0.5051 1.0000e-12     37.890     13.902    108.970    28.6767    21.4076    1496.21 0.0000e+00
       2515 135.452369    111.000    13.4990  34.698708     0.5069 1.0000e-12     37.509     13.763    109.960    28.6780    21.4085    1496.23 0.0000e+00
       2536 135.452427    112.000    13.4992  34.700372     0.5072 1.0000e-12     37.477     13.751    110.951    28.6790    21.4093    1496.24 0.0000e+00
       2556 135.452487    113.000    13.4997  34.702432     0.5065 1.0000e-12     37.121     13.621    111.941    28.6801    21.4101    1496.26 0.0000e+00
       2578 135.452548    114.000    13.5004  34.705965     0.5095 1.0000e-12     36.963     13.563    112.931    28.6825    21.4118    1496.29 0.0000e+00
       2600 135.452612    115.000    13.5007  34.707270     0.5100 1.0000e-12     36.815     13.509    113.922    28.6831    21.4122    1496.30 0.0000e+00
       2623 135.452679    116.000    13.5009  34.708249     0.5099 1.0000e-12     36.624     13.439    114.912    28.6835    21.4125    1496.32 0.0000e+00
       2647 135.452747    117.000    13.5012  34.709164     0.5104 1.0000e-12     36.609     13.433    115.902    28.6838    21.4127    1496.34 0.0000e+00
       2670 135.452815    118.000    13.5013  34.710145     0.5115 1.0000e-12     36.500     13.394    116.893    28.6842    21.4130    1496.36 0.0000e+00
       2691 135.452878    119.000    13.5014  34.710426     0.5108 1.0000e-12     36.358     13.342    117.883    28.6841    21.4129    1496.37 0.0000e+00
       2713 135.452940    120.000    13.5015  34.711164     0.5121 1.0000e-12     36.252     13.303    118.873    28.6843    21.4131    1496.39 0.0000e+00
       2734 135.453001    121.000    13.5017  34.712350     0.5127 1.0000e-12     36.200     13.284    119.864    28.6849    21.4135    1496.41 0.0000e+00
       2754 135.453060    122.000    13.5019  34.713248     0.5118 1.0000e-12     36.141     13.262    120.854    28.6852    21.4138    1496.42 0.0000e+00
       2775 135.453119    123.000    13.5022  34.714400     0.5122 1.0000e-12     36.103     13.249    121.844    28.6857    21.4141    1496.44 0.0000e+00
       2795 135.453178    124.000    13.5024  34.714973     0.5118 1.0000e-12     35.888     13.170    122.835    28.6857    21.4142    1496.46 0.0000e+00
       2816 135.453238    125.000    13.5024  34.715804     0.5118 1.0000e-12     35.814     13.143    123.825    28.6861    21.4145    1496.48 0.0000e+00
       2838 135.453300    126.000    13.5026  34.716611     0.5127 1.0000e-12     35.872     13.164    124.815    28.6864    21.4146    1496.50 0.0000e+00
       2859 135.453363    127.000    13.5029  34.717446     0.5141 1.0000e-12     35.798     13.137    125.806    28.6866    21.4148    1496.51 0.0000e+00
       2881 135.453425    128.000    13.5030  34.717917     0.5140 1.0000e-12     35.748     13.118    126.796    28.6866    21.4148    1496.53 0.0000e+00
       2902 135.453488    129.000    13.5031  34.718719     0.5127 1.0000e-12     35.673     13.091    127.786    28.6869    21.4150    1496.55 0.0000e+00
       2924 135.453551    130.000    13.5033  34.719477     0.5136 1.0000e-12     35.462     13.014    128.776    28.6871    21.4152    1496.56 0.0000e+00
       2947 135.453616    131.000    13.5033  34.721248     0.5145 1.0000e-12     34.798     12.770    129.767    28.6883    21.4161    1496.58 0.0000e+00
       2970 135.453684    132.000    13.5034  34.721985     0.5168 1.0000e-12     34.704     12.736    130.757    28.6886    21.4163    1496.60 0.0000e+00
       2994 135.453752    133.000    13.5036  34.723046     0.5155 1.0000e-12     34.681     12.727    131.747    28.6891    21.4167    1496.62 0.0000e+00
       3017 135.453819    134.000    13.5037  34.723483     0.5200 1.0000e-12     34.631     12.709    132.738    28.6890    21.4167    1496.63 0.0000e+00
       3040 135.453885    135.000    13.5038  34.724158     0.5166 1.0000e-12     34.665     12.721    133.728    28.6892    21.4168    1496.65 0.0000e+00
       3066 135.453960    136.000    13.5040  34.724525     0.5178 1.0000e-12     34.592     12.695    134.718    28.6891    21.4167    1496.67 0.0000e+00
       3093 135.454039    137.000    13.5041  34.725208     0.5194 1.0000e-12     34.631     12.709    135.708    28.6892    21.4168    1496.69 0.0000e+00
       3118 135.454113    138.000    13.5043  34.725662     0.5163 1.0000e-12     34.663     12.721    136.698    28.6892    21.4168    1496.70 0.0000e+00
       3142 135.454182    139.000    13.5044  34.725853     0.5179 1.0000e-12     34.819     12.778    137.689    28.6889    21.4166    1496.72 0.0000e+00
       3198 135.454343    140.000    13.5045  34.726949     0.5186 1.0000e-12     34.333     12.600    138.679    28.6895    21.4171    1496.74 0.0000e+00
       3227 135.454426    139.000    13.5043  34.726741     0.5188 1.0000e-12     34.427     12.634    137.689    28.6898    21.4173    1496.72 0.0000e+00
       3248 135.454487    138.000    13.5040  34.726135     0.5213 1.0000e-12     34.546     12.678    136.699    28.6898    21.4173    1496.70 0.0000e+00
       3268 135.454545    137.000    13.5039  34.724618     0.5193 1.0000e-12     34.991     12.841    135.708    28.6888    21.4166    1496.68 0.0000e+00
       3288 135.454604    136.000    13.5039  34.723533     0.5161 1.0000e-12     35.200     12.918    134.718    28.6882    21.4161    1496.67 0.0000e+00
       3308 135.454663    135.000    13.5038  34.723013     0.5148 1.0000e-12     35.352     12.973    133.728    28.6881    21.4160    1496.65 0.0000e+00
       3329 135.454720    134.000    13.5038  34.722389     0.5144 1.0000e-12     35.336     12.968    132.738    28.6880    21.4158    1496.63 0.0000e+00
       3349 135.454779    133.000    13.5036  34.721757     0.5141 1.0000e-12     35.592     13.061    131.747    28.6878    21.4158    1496.62 0.0000e+00
       3368 135.454836    132.000    13.5036  34.721290     0.5129 1.0000e-12     35.669     13.090    130.757    28.6878    21.4157    1496.60 0.0000e+00
       3388 135.454891    131.000    13.5035  34.720899     0.5157 1.0000e-12     35.661     13.087    129.767    28.6878    21.4157    1496.58 0.0000e+00
       3406 135.454946    130.000    13.5034  34.720403     0.5138 1.0000e-12     35.609     13.068    128.777    28.6878    21.4157    1496.57 0.0000e+00
       3425 135.454999    129.000    13.5033  34.719815     0.5149 1.0000e-12     35.841     13.153    127.786    28.6877    21.4156    1496.55 0.0000e+00
       3443 135.455054    128.000    13.5032  34.719066     0.5155 1.0000e-12     35.911     13.178    126.796    28.6875    21.4154    1496.53 0.0000e+00
       3463 135.455110    127.000    13.5030  34.718317     0.5148 1.0000e-12     35.913     13.179    125.806    28.6873    21.4153    1496.51 0.0000e+00
       3482 135.455164    126.000    13.5029  34.717496     0.5119 1.0000e-12     36.026     13.220    124.815    28.6870    21.4151    1496.50 0.0000e+00
       3500 135.455218    125.000    13.5026  34.716420     0.5111 1.0000e-12     36.088     13.243    123.825    28.6865    21.4147    1496.48 0.0000e+00
       3518 135.455270    124.000    13.5024  34.715282     0.5119 1.0000e-12     36.048     13.228    122.835    28.6860    21.4144    1496.46 0.0000e+00
       3536 135.455320    123.000    13.5021  34.714436     0.5118 1.0000e-12     35.978     13.202    121.844    28.6858    21.4142    1496.44 0.0000e+00
       3553 135.455371    122.000    13.5018  34.713544     0.5134 1.0000e-12     36.221     13.291    120.854    28.6856    21.4141    1496.43 0.0000e+00
       3570 135.455421    121.000    13.5017  34.712209     0.5140 1.0000e-12     36.573     13.421    119.864    28.6848    21.4135    1496.41 0.0000e+00
       3587 135.455469    120.000    13.5016  34.710996     0.5125 1.0000e-12     37.017     13.583    118.874    28.6841    21.4129    1496.39 0.0000e+00
       3604 135.455516    119.000    13.5013  34.708992     0.5108 1.0000e-12     37.231     13.662    117.883    28.6828    21.4120    1496.37 0.0000e+00
       3620 135.455563    118.000    13.5008  34.706925     0.5104 1.0000e-12     37.309     13.690    116.893    28.6817    21.4111    1496.35 0.0000e+00
       3636 135.455611    117.000    13.5003  34.704336     0.5087 1.0000e-12     37.758     13.854    115.903    28.6800    21.4099    1496.33 0.0000e+00
       3652 135.455658    116.000    13.4998  34.701404     0.5081 1.0000e-12     38.217     14.023    114.912    28.6781    21.4085    1496.31 0.0000e+00
       3669 135.455707    115.000    13.4997  34.700125     0.5058 1.0000e-12     38.448     14.107    113.922    28.6773    21.4079    1496.29 0.0000e+00
       3686 135.455756    114.000    13.4995  34.699221     0.5070 1.0000e-12     38.560     14.148    112.932    28.6770    21.4077    1496.28 0.0000e+00
       3703 135.455805    113.000    13.4994  34.698320     0.5071 1.0000e-12     38.691     14.196    111.941    28.6766    21.4073    1496.26 0.0000e+00
       3720 135.455852    112.000    13.4994  34.697484     0.5051 1.0000e-12     39.085     14.341    110.951    28.6762    21.4070    1496.24 0.0000e+00
       3736 135.455901    111.000    13.4992  34.695585     0.5059 1.0000e-12     39.289     14.415    109.961    28.6749    21.4061    1496.22 0.0000e+00
       3753 135.455949    110.000    13.4984  34.692768     0.5032 1.0000e-12     39.273     14.409    108.970    28.6733    21.4050    1496.20 0.0000e+00
       3769 135.455995    109.000    13.4978  34.690801     0.5036 1.0000e-12     39.355     14.439    107.980    28.6723    21.4043    1496.18 0.0000e+00
       3785 135.456041    108.000    13.4973  34.689097     0.5035 1.0000e-12     39.150     14.364    106.989    28.6715    21.4037    1496.16 0.0000e+00
       3800 135.456086    107.000    13.4968  34.687389     0.5046 1.0000e-12     39.090     14.342    105.999    28.6706    21.4031    1496.14 0.0000e+00
       3815 135.456130    106.000    13.4963  34.686383     0.5023 1.0000e-12     38.870     14.260    105.009    28.6704    21.4030    1496.12 0.0000e+00
       3830 135.456172    105.000    13.4960  34.685506     0.5033 1.0000e-12     38.795     14.233    104.018    28.6702    21.4029    1496.11 0.0000e+00
       3845 135.456215    104.000    13.4957  34.684394     0.5040 1.0000e-12     39.011     14.312    103.028    28.6698    21.4026    1496.09 0.0000e+00
       3860 135.456259    103.000    13.4952  34.681682     0.5038 1.0000e-12     39.371     14.443    102.037    28.6681    21.4014    1496.07 0.0000e+00
       3875 135.456304    102.000    13.4945  34.677974     0.5028 1.0000e-12     40.083     14.704    101.047    28.6654    21.3995    1496.05 0.0000e+00
       3892 135.456349    101.000    13.4940  34.674737     0.5017 1.0000e-12     40.201     14.748    100.056    28.6633    21.3978    1496.03 0.0000e+00
       3907 135.456396    100.000    13.4937  34.673509     0.5017 1.0000e-12     40.595     14.892     99.066    28.6627    21.3975    1496.01 0.0000e+00
       3923 135.456441     99.000    13.4940  34.673030     0.5009 1.0000e-12     41.260     15.136     98.076    28.6624    21.3971    1495.99 0.0000e+00
       3938 135.456484     98.000    13.4945  34.672427     0.4999 1.0000e-12     42.090     15.440     97.085    28.6618    21.3965    1495.98 0.0000e+00
       3953 135.456529     97.000    13.4948  34.669775     0.4986 1.0000e-12     43.144     15.826     96.095    28.6596    21.3947    1495.96 0.0000e+00
       3969 135.456573     96.000    13.4944  34.664988     0.4988 1.0000e-12     44.095     16.175     95.104    28.6557    21.3918    1495.94 0.0000e+00
       3984 135.456618     95.000    13.4935  34.658767     0.4957 1.0000e-12     44.626     16.369     94.114    28.6511    21.3884    1495.91 0.0000e+00
       4000 135.456664     94.000    13.4928  34.654901     0.4921 1.0000e-12     45.027     16.515     93.123    28.6485    21.3865    1495.89 0.0000e+00
       4016 135.456711     93.000    13.4919  34.650008     0.4907 1.0000e-12     45.489     16.684     92.133    28.6450    21.3839    1495.87 0.0000e+00
       4032 135.456758     92.000    13.4900  34.642042     0.4917 1.0000e-12     45.500     16.685     91.142    28.6394    21.3800    1495.84 0.0000e+00
       4048 135.456803     91.000    13.4854  34.627413     0.4911 1.0000e-12     45.416     16.652     90.152    28.6298    21.3734    1495.79 0.0000e+00
       4064 135.456848     90.000    13.4823  34.618456     0.4898 1.0000e-12     45.936     16.843     89.161    28.6243    21.3697    1495.76 0.0000e+00
       4079 135.456893     89.000    13.4817  34.614848     0.4912 1.0000e-12     46.328     16.986     88.171    28.6218    21.3679    1495.74 0.0000e+00
       4095 135.456940     88.000    13.4814  34.611703     0.4869 1.0000e-12     46.880     17.187     87.181    28.6195    21.3661    1495.72 0.0000e+00
       4111 135.456984     87.000    13.4801  34.604810     0.4874 1.0000e-12     47.362     17.361     86.190    28.6145    21.3625    1495.69 0.0000e+00
       4126 135.457029     86.000    13.4757  34.589197     0.4852 1.0000e-12     47.536     17.423     85.200    28.6038    21.3551    1495.65 0.0000e+00
       4142 135.457074     85.000    13.4710  34.575187     0.4846 1.0000e-12     48.224     17.672     84.209    28.5949    21.3491    1495.60 0.0000e+00
       4158 135.457120     84.000    13.4670  34.560425     0.4824 1.0000e-12     48.787     17.876     83.219    28.5847    21.3419    1495.56 0.0000e+00
       4173 135.457165     83.000    13.4632  34.546453     0.4799 1.0000e-12     49.490     18.129     82.228    28.5750    21.3352    1495.52 0.0000e+00
       4189 135.457211     82.000    13.4570  34.526323     0.4799 1.0000e-12     49.570     18.150     81.238    28.5615    21.3260    1495.47 0.0000e+00
       4205 135.457257     81.000    13.4427  34.491979     0.4765 1.0000e-12     50.358     18.432     80.247    28.5411    21.3129    1495.38 0.0000e+00
       4221 135.457302     80.000    13.4306  34.457653     0.4779 1.0000e-12     50.808     18.591     79.257    28.5190    21.2982    1495.30 0.0000e+00
       4237 135.457350     79.000    13.4175  34.430961     0.4762 1.0000e-12     50.942     18.635     78.266    28.5046    21.2896    1495.22 0.0000e+00
       4254 135.457398     78.000    13.4087  34.409611     0.4750 1.0000e-12     51.377     18.787     77.276    28.4919    21.2814    1495.16 0.0000e+00
       4271 135.457446     77.000    13.3971  34.380889     0.4756 1.0000e-12     52.365     19.140     76.285    28.4746    21.2702    1495.08 0.0000e+00
       4288 135.457496     76.000    13.3828  34.343992     0.4755 1.0000e-12     52.969     19.358     75.294    28.4517    21.2553    1494.99 0.0000e+00
       4305 135.457546     75.000    13.3773  34.332032     0.4728 1.0000e-12     53.199     19.437     74.304    28.4452    21.2513    1494.95 0.0000e+00
       4322 135.457595     74.000    13.3723  34.307283     0.4725 1.0000e-12     55.077     20.102     73.313    28.4265    21.2378    1494.90 0.0000e+00
