Loch_Etive/CTD_data_2024/sbe19p_5262_20240514_re5b_1m.cnv
* Sea-Bird SBE 19plus Data File:
* FileName = C:\Data\sbe55_sbe19p_5262\2024-05-14\sbe19p_5262_20240514_RE5b033.hex
* Software Version SeatermAF 2.1.4
* Temperature SN = 5262
* Conductivity SN = 5262
* System UpLoad Time = May 14 2024 11:07:13 (localtime) = May 14 2024 11:07:13 (UTC)
* ds
* SeacatPlus V 1.6b  SERIAL NO. 5262    14 May 2024  11:08:22
# nquan = 14
# nvalues = 279                         
# units = specified
# name 0 = scan: Scan Count
# name 1 = timeJ: Julian Days
# name 2 = prdM: Pressure, Strain Gauge [db]
# name 3 = tv290C: Temperature [ITS-90, deg C]
# name 4 = c0mS/cm: Conductivity [mS/cm]
# name 5 = wetStar: Fluorescence, WET Labs WETstar [mg/m^3]
# name 6 = par: PAR/Irradiance, Biospherical/Licor [umol photons/m^2/sec]
# name 7 = sbeox0Mm/L: Oxygen, SBE 43 [umol/l]
# name 8 = sbeox0PS: Oxygen, SBE 43 [% saturation]
# name 9 = depSM: Depth [salt water, m], lat = 56
# name 10 = sal00: Salinity, Practical [PSU]
# name 11 = sigma-é00: Density [sigma-theta, kg/m^3]
# name 12 = svCM: Sound Velocity [Chen-Millero, m/s]
# name 13 = flag: flag
# span 0 =        454,       5442       
# span 1 = 135.446402, 135.460835       
# span 2 =      1.000,    140.000       
# span 3 =     9.6090,    13.9286       
# span 4 =  24.878826,  34.726949       
# span 5 =     0.4692,     3.9290       
# span 6 = -1.624e-05, 2.4561e+02       
# span 7 =     34.333,    259.999       
# span 8 =     12.600,     91.191       
# span 9 =      0.991,    138.679       
# span 10 =    19.6710,    28.6898      
# span 11 =    14.3899,    21.4173      
# span 12 =    1475.48,    1496.74      
# span 13 = 0.0000e+00, 0.0000e+00      
# interval = decibars: 1                
# start_time = May 14 2024 10:40:56 [Instrument's time stamp, header]
# bad_flag = -9.990e-29
*END*
[from data line 207]
       4354 135.457688     72.000    13.3177  34.175582     0.4701 1.0000e-12     56.737     20.686     71.332    28.3468    21.1866    1494.58 0.0000e+00
       4370 135.457733     71.000    13.3031  34.136159     0.4692 1.0000e-12     58.022     21.132     70.342    28.3217    21.1701    1494.49 0.0000e+00
       4385 135.457778     70.000    13.2710  34.062067     0.4692 1.0000e-12     59.423     21.606     69.351    28.2778    21.1422    1494.31 0.0000e+00
       4400 135.457823     69.000    13.2123  33.946936     0.4724 1.0000e-12     61.084     22.185     68.361    28.2156    21.1054    1494.03 0.0000e+00
       4415 135.457865     68.000    13.1683  33.862819     0.4713 1.0000e-12     62.820     22.777     67.370    28.1711    21.0793    1493.81 0.0000e+00
       4430 135.457909     67.000    13.1159  33.746935     0.4717 1.0000e-12     65.503     23.710     66.380    28.1033    21.0368    1493.53 0.0000e+00
       4445 135.457952     66.000    13.0539  33.627559     0.4735 1.0000e-12     67.980     24.550     65.389    28.0393    20.9990    1493.23 0.0000e+00
       4460 135.457996     65.000    12.9753  33.467367     0.4737 1.0000e-12     71.445     25.734     64.398    27.9495    20.9443    1492.84 0.0000e+00
       4475 135.458039     64.000    12.8880  33.294439     0.4754 1.0000e-12     76.925     27.570     63.408    27.8540    20.8868    1492.41 0.0000e+00
       4490 135.458082     63.000    12.7226  32.987917     0.4779 1.0000e-12     84.132     30.016     62.417    27.6913    20.7914    1491.64 0.0000e+00
       4504 135.458123     62.000    12.5481  32.688729     0.4833 1.0000e-12     93.312     33.098     61.426    27.5408    20.7070    1490.85 0.0000e+00
       4519 135.458164     61.000    12.3522  32.352478     0.4829 1.0000e-12    108.606     38.370     60.436    27.3699    20.6100    1489.95 0.0000e+00
       4533 135.458206     60.000    12.1553  32.062680     0.4902 1.0000e-12    111.144     39.142     59.446    27.2418    20.5460    1489.10 0.0000e+00
       4547 135.458248     59.000    12.0427  31.875209     0.4952 1.0000e-12    116.052     40.706     58.455    27.1476    20.4929    1488.58 0.0000e+00
       4562 135.458288     58.000    11.8973  31.628006     0.4951 1.0000e-12    121.607     42.532     57.464    27.0202    20.4196    1487.90 0.0000e+00
       4576 135.458331     57.000    11.7741  31.444041     0.4908 1.0000e-12    132.163     45.966     56.474    26.9358    20.3755    1487.35 0.0000e+00
       4590 135.458373     56.000    11.5948  31.164814     0.4938 1.0000e-12    169.037     58.419     55.483    26.8007    20.3015    1486.54 0.0000e+00
       4605 135.458415     55.000    11.3356  30.815676     0.5332 1.0000e-12    198.125     68.157     54.492    26.6553    20.2324    1485.43 0.0000e+00
       4620 135.458458     54.000    11.1250  30.524539     0.6193 1.0000e-12    200.556     68.818     53.502    26.5285    20.1690    1484.51 0.0000e+00
       4635 135.458502     53.000    11.0225  30.361201     0.6518 1.0000e-12    213.011     72.964     52.511    26.4456    20.1215    1484.03 0.0000e+00
       4650 135.458547     52.000    10.9394  30.259208     0.6670 1.0000e-12    216.748     74.188     51.520    26.4075    20.1054    1483.67 0.0000e+00
       4666 135.458590     51.000    10.9117  30.215975     0.7108 1.0000e-12    221.806     75.843     50.530    26.3861    20.0933    1483.52 0.0000e+00
       4681 135.458635     50.000    10.8699  30.156404     0.7146 1.0000e-12    221.614     75.739     49.539    26.3590    20.0790    1483.33 0.0000e+00
       4697 135.458680     49.000    10.8580  30.102806     0.7275 1.0000e-12    211.059     72.057     48.548    26.3162    20.0476    1483.22 0.0000e+00
       4713 135.458727     48.000    10.8337  30.023326     0.6711 1.0000e-12    224.310     76.463     47.558    26.2573    20.0057    1483.04 0.0000e+00
       4728 135.458771     47.000    10.7758  29.927563     0.6830 1.0000e-12    231.789     78.979     46.567    26.2065    19.9756    1482.75 0.0000e+00
       4744 135.458816     46.000    10.7571  29.900749     0.7536 1.0000e-12    234.722     79.891     45.576    26.1944    19.9692    1482.66 0.0000e+00
       4759 135.458860     45.000    10.7271  29.823167     0.7724 1.0000e-12    238.130     80.995     44.585    26.1411    19.9326    1482.47 0.0000e+00
       4774 135.458905     44.000    10.7049  29.760064     0.8038 1.0000e-12    241.419     82.083     43.595    26.0962    19.9012    1482.32 0.0000e+00
       4790 135.458950     43.000    10.6945  29.718995     0.8502 1.0000e-12    241.765     82.183     42.604    26.0643    19.8780    1482.22 0.0000e+00
       4806 135.458996     42.000    10.6880  29.696691     0.8597 1.0000e-12    240.509     81.753     41.614    26.0477    19.8662    1482.16 0.0000e+00
       4822 135.459042     41.000    10.6881  29.689035     0.8611 1.0000e-12    236.275     80.303     40.623    26.0406    19.8606    1482.14 0.0000e+00
       4838 135.459088     40.000    10.6869  29.675055     0.7941 1.0000e-12    240.559     81.718     39.632    26.0282    19.8512    1482.10 0.0000e+00
       4854 135.459134     39.000    10.6808  29.617956     0.8036 1.0000e-12    242.829     82.475     38.642    25.9776    19.8128    1482.00 0.0000e+00
       4869 135.459178     38.000    10.6835  29.574149     0.8460 1.0000e-12    243.383     82.654     37.651    25.9337    19.7783    1481.94 0.0000e+00
       4884 135.459222     37.000    10.6833  29.553940     0.8719 1.0000e-12    243.556     82.692     36.660    25.9147    19.7635    1481.90 0.0000e+00
       4899 135.459265     36.000    10.6793  29.530316     0.8818 1.0000e-12    243.671     82.711     35.669    25.8950    19.7489    1481.85 0.0000e+00
       4914 135.459309     35.000    10.6737  29.503100     0.8709 1.0000e-12    243.082     82.494     34.679    25.8730    19.7326    1481.79 0.0000e+00
       4930 135.459354     34.000    10.6693  29.482929     0.8647 1.0000e-12    242.646     82.318     33.688    25.8570    19.7208    1481.73 0.0000e+00
       4945 135.459397     33.000    10.6613  29.453344     0.8494 1.0000e-12    242.102     82.118     32.697    25.8343    19.7045    1481.66 0.0000e+00
       4960 135.459442     32.000    10.6564  29.426893     0.8305 1.0000e-12    243.199     82.494     31.706    25.8126    19.6883    1481.60 0.0000e+00
       4975 135.459484     31.000    10.6613  29.420509     0.8554 1.0000e-12    243.873     82.701     30.716    25.8032    19.6803    1481.59 0.0000e+00
       4989 135.459526     30.000    10.6640  29.382695     0.8676 1.0000e-12    243.300     82.467     29.725    25.7652    19.6503    1481.54 0.0000e+00
       5003 135.459565     29.000    10.6549  29.335937     0.8690 1.0000e-12    242.683     82.225     28.734    25.7267    19.6218    1481.44 0.0000e+00
       5018 135.459609     28.000    10.6448  29.302199     0.8573 1.0000e-12    242.114     81.977     27.743    25.7015    19.6038    1481.36 0.0000e+00
       5033 135.459652     27.000    10.6217  29.248328     0.8421 1.0000e-12    241.918     81.899     26.753    25.6660    19.5799    1481.22 0.0000e+00
       5048 135.459696     26.000    10.6268  29.207290     0.8124 1.0000e-12    242.167     81.940     25.762    25.6231    19.5457    1481.17 0.0000e+00
       5063 135.459739     25.000    10.6168  29.159127     0.8260 4.1983e-04    242.300     81.923     24.771    25.5838    19.5168    1481.07 0.0000e+00
       5078 135.459782     24.000    10.5954  29.098885     0.8121 7.1744e-03    241.861     81.757     23.780    25.5408    19.4867    1480.92 0.0000e+00
       5092 135.459825     23.000    10.5858  29.067545     0.7939 1.9700e-02    241.930     81.810     22.790    25.5176    19.4701    1480.84 0.0000e+00
       5107 135.459868     22.000    10.6023  29.065781     0.7939 3.8778e-02    242.600     82.019     21.799    25.5047    19.4575    1480.87 0.0000e+00
       5122 135.459910     21.000    10.6086  29.044202     0.8304 6.6280e-02    241.647     81.540     20.808    25.4797    19.4371    1480.85 0.0000e+00
       5137 135.459953     20.000    10.5579  28.944861     0.8387 1.0634e-01    239.060     80.443     19.817    25.4193    19.3981    1480.57 0.0000e+00
       5151 135.459995     19.000    10.4596  28.793644     0.7691 1.5838e-01    236.371     79.261     18.826    25.3415    19.3529    1480.11 0.0000e+00
       5166 135.460037     18.000    10.3356  28.628386     0.7019 2.3741e-01    230.016     76.648     17.836    25.2674    19.3144    1479.54 0.0000e+00
       5181 135.460080     17.000    10.1027  28.349606     0.6342 3.4072e-01    223.548     74.364     16.845    25.1574    19.2642    1478.54 0.0000e+00
       5196 135.460124     16.000     9.9665  28.206211     0.5624 4.7543e-01    227.899     75.732     15.854    25.1119    19.2493    1477.97 0.0000e+00
       5210 135.460166     15.000     9.9671  28.170176     0.5480 6.6806e-01    217.979     72.177     14.863    25.0766    19.2216    1477.91 0.0000e+00
       5225 135.460208     14.000     9.8273  28.002756     0.5452 9.4169e-01    216.602     71.556     13.872    25.0093    19.1900    1477.29 0.0000e+00
       5239 135.460250     13.000     9.7327  27.845347     0.5330 1.3218e+00    223.583     73.910     12.881    24.9202    19.1344    1476.82 0.0000e+00
       5254 135.460292     12.000     9.7571  27.816207     0.5263 1.8482e+00    225.846     74.579     11.891    24.8750    19.0957    1476.84 0.0000e+00
       5269 135.460335     11.000     9.7431  27.737074     0.5304 2.6276e+00    226.491     74.888     10.900    24.8071    19.0448    1476.69 0.0000e+00
       5283 135.460377     10.000     9.7841  27.726055     0.5276 3.7158e+00    232.247     76.719      9.909    24.7684    19.0087    1476.77 0.0000e+00
       5298 135.460418      9.000     9.8109  27.650923     0.5425 5.2812e+00    231.020     76.062      8.918    24.6766    18.9333    1476.75 0.0000e+00
       5313 135.460462      8.000     9.7124  27.426867     0.5668 7.5268e+00    229.662     75.446      7.927    24.5239    18.8287    1476.18 0.0000e+00
       5328 135.460506      7.000     9.6333  27.256727     0.6546 1.0875e+01    227.075     74.534      6.936    24.4104    18.7518    1475.73 0.0000e+00
       5343 135.460551      6.000     9.6090  27.117771     0.8910 1.5790e+01    231.305     76.012      5.945    24.2903    18.6617    1475.48 0.0000e+00
       5358 135.460591      5.000     9.6796  27.080900     1.3821 2.3542e+01    229.810     75.534      4.954    24.2068    18.5865    1475.62 0.0000e+00
       5373 135.460636      4.000     9.7378  27.017024     1.8615 3.5948e+01    233.391     77.601      3.964    24.1054    18.4992    1475.70 0.0000e+00
       5395 135.460699      3.000    10.3706  27.427723     2.6757 5.5859e+01    242.605     81.808      2.973    24.0851    18.3896    1478.00 0.0000e+00
       5418 135.460768      2.000    11.4979  27.059564     3.4130 9.5452e+01    257.170     89.234      1.982    23.0307    17.3949    1480.80 0.0000e+00
       5442 135.460835      1.000    13.5346  25.304285     3.9290 1.9879e+02    257.065     89.932      0.991    20.2554    14.9092    1484.65 0.0000e+00
