Loch_Etive/CTD_data_2024/sbe19p_5262_20240514_re5_1m.cnv
* Sea-Bird SBE 19plus Data File:
* FileName = C:\Data\sbe55_sbe19p_5262\2024-05-14\sbe19p_5262_20240514_RE5032.hex
* Software Version SeatermAF 2.1.4
* Temperature SN = 5262
* Conductivity SN = 5262
* System UpLoad Time = May 14 2024 10:13:20 (localtime) = May 14 2024 10:13:20 (UTC)
* ds
* SeacatPlus V 1.6b  SERIAL NO. 5262    14 May 2024  10:14:22
# nquan = 14
# nvalues = 279                         
# units = specified
# name 0 = scan: Scan Count
# name 1 = timeJ: Julian Days
# name 2 = prdM: Pressure, Strain Gauge [db]
# name 3 = tv290C: Temperature [ITS-90, deg C]
# name 4 = c0mS/cm: Conductivity [mS/cm]
# name 5 = wetStar: Fluorescence, WET Labs WETstar [mg/m^3]
# name 6 = par: PAR/Irradiance, Biospherical/Licor [umol photons/m^2/sec]
# name 7 = sbeox0Mm/L: Oxygen, SBE 43 [umol/l]
# name 8 = sbeox0PS: Oxygen, SBE 43 [% saturation]
# name 9 = depSM: Depth [salt water, m], lat = 56
# name 10 = sal00: Salinity, Practical [PSU]
# name 11 = sigma-é00: Density [sigma-theta, kg/m^3]
# name 12 = svCM: Sound Velocity [Chen-Millero, m/s]
# name 13 = flag: flag
# span 0 =        509,       5332       
# span 1 = 135.409978, 135.423933       
# span 2 =      1.000,    140.000       
# span 3 =     9.5808,    13.7867       
# span 4 =  24.807023,  34.730670       
# span 5 =     0.4646,     4.1877       
# span 6 = -1.251e-06, 2.3522e+02       
# span 7 =     33.824,    260.115       
# span 8 =     12.414,     90.572       
# span 9 =      0.991,    138.679       
# span 10 =    19.6884,    28.6920      
# span 11 =    14.4284,    21.4187      
# span 12 =    1475.36,    1496.74      
# span 13 = 0.0000e+00, 0.0000e+00      
# interval = decibars: 1                
# start_time = May 14 2024 09:48:15 [Instrument's time stamp, header]
# bad_flag = -9.990e-29
*END*
        509 135.409978      1.000    13.7662  24.978462     3.5119 1.4393e+02    260.115     90.572      0.991    19.8471    14.5540    1484.97 0.0000e+00
        527 135.410028      2.000    13.0764  26.097707     3.9984 8.1205e+01    235.466     78.378      1.982    21.2140    15.7276    1484.21 0.0000e+00
        542 135.410073      3.000    10.7381  27.076512     4.1877 4.8545e+01    227.608     74.924      2.973    23.5137    17.8887    1478.64 0.0000e+00
        558 135.410120      4.000     9.8518  26.968922     3.4310 3.1268e+01    227.937     74.795      3.964    23.9826    18.3870    1475.97 0.0000e+00
        576 135.410172      5.000     9.6288  26.993500     2.2939 2.0993e+01    227.279     74.590      4.954    24.1550    18.5535    1475.37 0.0000e+00
        595 135.410224      6.000     9.5808  27.171437     1.3515 1.4997e+01    230.953     75.998      5.945    24.3622    18.7218    1475.46 0.0000e+00
        613 135.410276      7.000     9.6626  27.372411     0.7963 1.1104e+01    232.029     76.662      6.936    24.5044    18.8207    1475.95 0.0000e+00
        630 135.410328      8.000     9.7977  27.611187     0.6276 7.9744e+00    233.158     77.122      7.927    24.6469    18.9121    1476.64 0.0000e+00
        647 135.410376      9.000     9.8385  27.700551     0.5849 5.7633e+00    230.783     76.272      8.918    24.7065    18.9525    1476.88 0.0000e+00
        663 135.410421     10.000     9.7963  27.727092     0.5582 4.1672e+00    222.972     73.638      9.909    24.7611    19.0012    1476.81 0.0000e+00
        678 135.410467     11.000     9.7312  27.750511     0.5284 3.0512e+00    223.629     73.901     10.900    24.8285    19.0632    1476.67 0.0000e+00
        695 135.410515     12.000     9.7471  27.804850     0.5183 2.2120e+00    222.510     73.536     11.890    24.8707    19.0938    1476.80 0.0000e+00
        712 135.410563     13.000     9.7378  27.848484     0.5168 1.6102e+00    220.135     72.805     12.881    24.9197    19.1333    1476.84 0.0000e+00
        728 135.410610     14.000     9.7525  27.909473     0.5192 1.1619e+00    219.804     72.743     13.872    24.9693    19.1698    1476.97 0.0000e+00
        744 135.410656     15.000     9.7726  27.965599     0.5261 8.3867e-01    221.220     73.557     14.863    25.0103    19.1988    1477.11 0.0000e+00
        760 135.410703     16.000     9.9275  28.179501     0.5287 6.1450e-01    228.766     76.180     15.854    25.1128    19.2557    1477.82 0.0000e+00
        777 135.410752     17.000    10.0096  28.288249     0.5424 4.4119e-01    227.055     75.664     16.845    25.1621    19.2819    1478.20 0.0000e+00
        794 135.410802     18.000    10.0303  28.346142     0.5472 3.1418e-01    225.768     75.341     17.835    25.2041    19.3115    1478.35 0.0000e+00
        811 135.410850     19.000    10.0745  28.422412     0.5482 2.2070e-01    228.380     76.456     18.826    25.2476    19.3387    1478.58 0.0000e+00
        827 135.410898     20.000    10.1949  28.577232     0.5609 1.5442e-01    233.790     78.503     19.817    25.3147    19.3727    1479.12 0.0000e+00
        844 135.410948     21.000    10.3234  28.719585     0.6018 1.0262e-01    237.419     79.827     20.808    25.3635    19.3911    1479.67 0.0000e+00
        861 135.410997     22.000    10.3813  28.787580     0.6553 6.9246e-02    238.214     80.240     21.798    25.3890    19.4020    1479.92 0.0000e+00
        879 135.411047     23.000    10.4515  28.869723     0.6924 4.1812e-02    239.727     80.944     22.790    25.4196    19.4149    1480.23 0.0000e+00
        895 135.411094     24.000    10.5362  28.993407     0.7225 2.1825e-02    241.421     81.592     23.780    25.4800    19.4487    1480.63 0.0000e+00
        911 135.411141     25.000    10.5748  29.064730     0.7753 9.7973e-03    241.792     81.775     24.771    25.5219    19.4752    1480.84 0.0000e+00
        928 135.411190     26.000    10.5982  29.111694     0.7816 1.3681e-03    242.176     81.948     25.762    25.5506    19.4939    1480.98 0.0000e+00
        945 135.411238     27.000    10.6107  29.165162     0.7992 -1.251e-06    242.201     82.008     26.753    25.5932    19.5250    1481.09 0.0000e+00
        962 135.411289     28.000    10.6274  29.219278     0.8216 1.0000e-12    242.261     82.025     27.743    25.6335    19.5538    1481.21 0.0000e+00
        980 135.411340     29.000    10.6250  29.222906     0.8278 1.0000e-12    242.111     81.961     28.734    25.6383    19.5579    1481.23 0.0000e+00
        998 135.411392     30.000    10.6178  29.217324     0.8164 1.0000e-12    241.483     81.723     29.725    25.6376    19.5585    1481.22 0.0000e+00
       1017 135.411447     31.000    10.6042  29.213580     0.8075 1.0000e-12    241.615     81.833     30.716    25.6432    19.5650    1481.19 0.0000e+00
       1036 135.411502     32.000    10.6302  29.267566     0.7979 1.0000e-12    242.773     82.247     31.706    25.6769    19.5871    1481.34 0.0000e+00
       1054 135.411555     33.000    10.6317  29.296617     0.8464 1.0000e-12    238.395     80.708     32.697    25.7035    19.6075    1481.40 0.0000e+00
       1072 135.411605     34.000    10.5853  29.307915     0.7775 1.0000e-12    239.713     81.185     33.688    25.7468    19.6485    1481.30 0.0000e+00
       1088 135.411653     35.000    10.6006  29.348371     0.7562 1.0000e-12    237.042     80.279     34.679    25.7748    19.6679    1481.40 0.0000e+00
       1105 135.411702     36.000    10.5889  29.366597     0.7331 1.0000e-12    236.777     80.224     35.669    25.8004    19.6896    1481.41 0.0000e+00
       1121 135.411746     37.000    10.5951  29.411595     0.7209 1.0000e-12    235.626     79.901     36.660    25.8393    19.7189    1481.49 0.0000e+00
       1136 135.411790     38.000    10.6147  29.466888     0.7054 1.0000e-12    241.369     81.899     37.651    25.8786    19.7464    1481.63 0.0000e+00
       1151 135.411834     39.000    10.6525  29.507081     0.7516 1.0000e-12    238.007     80.738     38.641    25.8905    19.7496    1481.80 0.0000e+00
       1166 135.411878     40.000    10.6324  29.510550     0.7778 1.0000e-12    236.974     80.416     39.632    25.9077    19.7661    1481.76 0.0000e+00
       1181 135.411922     41.000    10.6410  29.540063     0.7324 1.0000e-12    239.243     81.224     40.623    25.9298    19.7820    1481.83 0.0000e+00
       1197 135.411968     42.000    10.6538  29.575017     0.7572 1.0000e-12    242.367     82.315     41.614    25.9542    19.7989    1481.93 0.0000e+00
       1213 135.412014     43.000    10.6655  29.612151     0.8135 1.0000e-12    241.470     82.051     42.604    25.9815    19.8183    1482.02 0.0000e+00
       1229 135.412060     44.000    10.6710  29.665762     0.8101 1.0000e-12    229.305     77.963     43.595    26.0291    19.8545    1482.11 0.0000e+00
       1245 135.412106     45.000    10.6850  29.731809     0.7492 1.0000e-12    222.863     75.819     44.586    26.0828    19.8940    1482.24 0.0000e+00
       1262 135.412155     46.000    10.7019  29.777590     0.6630 1.0000e-12    223.207     75.971     45.576    26.1146    19.9160    1482.36 0.0000e+00
       1279 135.412204     47.000    10.7190  29.815612     0.6711 1.0000e-12    226.640     77.160     46.567    26.1389    19.9322    1482.47 0.0000e+00
       1296 135.412253     48.000    10.7266  29.836544     0.6814 1.0000e-12    217.152     73.992     47.558    26.1533    19.9422    1482.53 0.0000e+00
       1313 135.412304     49.000    10.7468  29.909617     0.6591 1.0000e-12    223.416     76.361     48.548    26.2092    19.9824    1482.69 0.0000e+00
       1331 135.412355     50.000    10.8426  30.138452     0.7025 1.0000e-12    218.023     74.568     49.539    26.3613    20.0851    1483.23 0.0000e+00
       1349 135.412407     51.000    10.8739  30.176188     0.6986 1.0000e-12    209.483     71.732     50.530    26.3749    20.0907    1483.38 0.0000e+00
       1367 135.412458     52.000    10.9212  30.240038     0.6842 1.0000e-12    189.014     64.859     51.520    26.4022    20.1042    1483.60 0.0000e+00
       1385 135.412510     53.000    11.0079  30.342836     0.6078 1.0000e-12    161.001     55.475     52.511    26.4385    20.1183    1483.97 0.0000e+00
       1403 135.412563     54.000    11.1669  30.586384     0.5243 1.0000e-12    145.842     50.434     53.502    26.5577    20.1847    1484.70 0.0000e+00
       1421 135.412617     55.000    11.3075  30.780001     0.4963 1.0000e-12    138.103     47.871     54.492    26.6415    20.2264    1485.31 0.0000e+00
       1441 135.412672     56.000    11.4040  30.931921     0.4872 1.0000e-12    132.133     46.062     55.483    26.7166    20.2686    1485.76 0.0000e+00
       1460 135.412728     57.000    11.6299  31.306152     0.4852 1.0000e-12    109.515     38.444     56.474    26.9091    20.3795    1486.81 0.0000e+00
       1478 135.412780     58.000    11.8801  31.665983     0.4803 1.0000e-12    109.789     38.675     57.464    27.0686    20.4601    1487.90 0.0000e+00
       1496 135.412834     59.000    12.0106  31.893311     0.4810 1.0000e-12    104.303     36.952     58.455    27.1880    20.5298    1488.51 0.0000e+00
       1515 135.412887     60.000    12.2284  32.278245     0.4858 1.0000e-12     87.630     31.228     59.446    27.3908    20.6483    1489.53 0.0000e+00
       1533 135.412940     61.000    12.4513  32.605040     0.4788 1.0000e-12     83.718     29.942     60.436    27.5338    20.7191    1490.49 0.0000e+00
       1552 135.412994     62.000    12.5908  32.849202     0.4760 1.0000e-12     76.663     27.574     61.427    27.6591    20.7907    1491.13 0.0000e+00
       1570 135.413047     63.000    12.8012  33.230078     0.4738 1.0000e-12     69.865     25.235     62.417    27.8584    20.9062    1492.11 0.0000e+00
       1588 135.413099     64.000    12.9526  33.479539     0.4713 1.0000e-12     67.220     24.326     63.408    27.9778    20.9704    1492.78 0.0000e+00
       1607 135.413153     65.000    13.0298  33.611016     0.4683 1.0000e-12     66.175     23.974     64.398    28.0421    21.0056    1493.14 0.0000e+00
       1626 135.413208     66.000    13.0725  33.681068     0.4714 1.0000e-12     64.814     23.503     65.389    28.0750    21.0230    1493.34 0.0000e+00
       1646 135.413266     67.000    13.1090  33.760442     0.4710 1.0000e-12     62.511     22.708     66.380    28.1209    21.0517    1493.53 0.0000e+00
       1665 135.413323     68.000    13.1685  33.874869     0.4702 1.0000e-12     61.453     22.331     67.370    28.1821    21.0877    1493.82 0.0000e+00
       1683 135.413374     69.000    13.1797  33.893955     0.4676 1.0000e-12     61.550     22.373     68.361    28.1910    21.0925    1493.89 0.0000e+00
       1701 135.413425     70.000    13.1897  33.914623     0.4689 1.0000e-12     60.451     22.001     69.351    28.2024    21.0994    1493.95 0.0000e+00
       1718 135.413476     71.000    13.2309  34.008014     0.4682 1.0000e-12     58.510     21.322     70.342    28.2574    21.1342    1494.17 0.0000e+00
       1735 135.413525     72.000    13.2795  34.103285     0.4708 1.0000e-12     57.475     20.962     71.332    28.3087    21.1645    1494.41 0.0000e+00
       1752 135.413574     73.000    13.3088  34.164668     0.4677 1.0000e-12     56.397     20.580     72.323    28.3430    21.1855    1494.57 0.0000e+00
       1769 135.413625     74.000    13.3283  34.203810     0.4664 1.0000e-12     55.009     20.079     73.313    28.3642    21.1981    1494.67 0.0000e+00
       1787 135.413674     75.000    13.3377  34.236187     0.4657 1.0000e-12     53.882     19.689     74.304    28.3866    21.2137    1494.75 0.0000e+00
       1805 135.413726     76.000    13.3725  34.313917     0.4653 1.0000e-12     53.686     19.626     75.295    28.4318    21.2419    1494.93 0.0000e+00
       1823 135.413778     77.000    13.3899  34.347593     0.4654 1.0000e-12     53.423     19.531     76.285    28.4494    21.2521    1495.03 0.0000e+00
       1840 135.413828     78.000    13.3906  34.353272     0.4672 1.0000e-12     52.839     19.320     77.276    28.4537    21.2554    1495.05 0.0000e+00
       1857 135.413877     79.000    13.3943  34.370613     0.4699 1.0000e-12     52.209     19.094     78.266    28.4665    21.2646    1495.10 0.0000e+00
       1875 135.413929     80.000    13.4009  34.395037     0.4708 1.0000e-12     51.002     18.668     79.257    28.4836    21.2766    1495.16 0.0000e+00
       1892 135.413978     81.000    13.4265  34.460786     0.4715 1.0000e-12     50.354     18.433     80.247    28.5246    21.3033    1495.31 0.0000e+00
       1909 135.414028     82.000    13.4330  34.470455     0.4726 1.0000e-12     50.279     18.410     81.238    28.5283    21.3049    1495.35 0.0000e+00
       1927 135.414080     83.000    13.4391  34.487914     0.4725 1.0000e-12     50.148     18.366     82.228    28.5394    21.3123    1495.40 0.0000e+00
       1945 135.414131     84.000    13.4482  34.508476     0.4738 1.0000e-12     49.779     18.237     83.219    28.5511    21.3196    1495.46 0.0000e+00
       1962 135.414182     85.000    13.4577  34.533867     0.4721 1.0000e-12     49.174     18.018     84.209    28.5669    21.3301    1495.53 0.0000e+00
       1980 135.414234     86.000    13.4630  34.549010     0.4731 1.0000e-12     48.836     17.896     85.200    28.5765    21.3365    1495.57 0.0000e+00
       1998 135.414285     87.000    13.4662  34.559125     0.4750 1.0000e-12     48.444     17.755     86.190    28.5830    21.3409    1495.61 0.0000e+00
       2016 135.414338     88.000    13.4709  34.576107     0.4768 1.0000e-12     48.004     17.597     87.181    28.5947    21.3490    1495.65 0.0000e+00
       2035 135.414391     89.000    13.4763  34.592193     0.4760 1.0000e-12     47.296     17.340     88.171    28.6050    21.3560    1495.70 0.0000e+00
       2054 135.414448     90.000    13.4808  34.608561     0.4809 1.0000e-12     46.765     17.148     89.161    28.6164    21.3639    1495.75 0.0000e+00
       2073 135.414500     91.000    13.4832  34.618231     0.4830 1.0000e-12     46.582     17.082     90.152    28.6230    21.3686    1495.78 0.0000e+00
       2091 135.414554     92.000    13.4863  34.628797     0.4841 1.0000e-12     46.030     16.882     91.143    28.6301    21.3735    1495.81 0.0000e+00
       2109 135.414607     93.000    13.4897  34.641304     0.4874 1.0000e-12     45.783     16.792     92.133    28.6387    21.3795    1495.85 0.0000e+00
       2128 135.414661     94.000    13.4909  34.646167     0.4869 1.0000e-12     45.108     16.546     93.123    28.6418    21.3817    1495.88 0.0000e+00
       2146 135.414713     95.000    13.4923  34.653798     0.4871 1.0000e-12     43.972     16.130     94.114    28.6475    21.3858    1495.90 0.0000e+00
       2162 135.414759     96.000    13.4934  34.660224     0.4886 1.0000e-12     43.386     15.915     95.104    28.6521    21.3892    1495.93 0.0000e+00
       2177 135.414802     97.000    13.4943  34.665055     0.4904 1.0000e-12     42.960     15.760     96.095    28.6556    21.3917    1495.95 0.0000e+00
       2194 135.414853     98.000    13.4953  34.670767     0.4929 1.0000e-12     41.903     15.372     97.085    28.6597    21.3947    1495.98 0.0000e+00
       2213 135.414907     99.000    13.4952  34.674546     0.4950 1.0000e-12     40.608     14.897     98.076    28.6629    21.3973    1496.00 0.0000e+00
       2231 135.414959    100.000    13.4949  34.675962     0.4961 1.0000e-12     40.348     14.802     99.066    28.6640    21.3982    1496.01 0.0000e+00
       2249 135.415013    101.000    13.4949  34.676704     0.4963 1.0000e-12     40.222     14.756    100.057    28.6644    21.3985    1496.03 0.0000e+00
       2267 135.415063    102.000    13.4948  34.677981     0.4956 1.0000e-12     39.356     14.438    101.047    28.6653    21.3992    1496.05 0.0000e+00
       2284 135.415114    103.000    13.4947  34.679379     0.4991 1.0000e-12     39.234     14.394    102.037    28.6663    21.4001    1496.07 0.0000e+00
