Loch_Etive/CTD_data_2024/sbe19p_5262_20240514_re5b_1m.cnv
* Sea-Bird SBE 19plus Data File:
* FileName = C:\Data\sbe55_sbe19p_5262\2024-05-14\sbe19p_5262_20240514_RE5b033.hex
* Software Version SeatermAF 2.1.4
* Temperature SN = 5262
* Conductivity SN = 5262
* System UpLoad Time = May 14 2024 11:07:13 (localtime) = May 14 2024 11:07:13 (UTC)
* ds
* SeacatPlus V 1.6b  SERIAL NO. 5262    14 May 2024  11:08:22
# nquan = 14
# nvalues = 279                         
# units = specified
# name 0 = scan: Scan Count
# name 1 = timeJ: Julian Days
# name 2 = prdM: Pressure, Strain Gauge [db]
# name 3 = tv290C: Temperature [ITS-90, deg C]
# name 4 = c0mS/cm: Conductivity [mS/cm]
# name 5 = wetStar: Fluorescence, WET Labs WETstar [mg/m^3]
# name 6 = par: PAR/Irradiance, Biospherical/Licor [umol photons/m^2/sec]
# name 7 = sbeox0Mm/L: Oxygen, SBE 43 [umol/l]
# name 8 = sbeox0PS: Oxygen, SBE 43 [% saturation]
# name 9 = depSM: Depth [salt water, m], lat = 56
# name 10 = sal00: Salinity, Practical [PSU]
# name 11 = sigma-é00: Density [sigma-theta, kg/m^3]
# name 12 = svCM: Sound Velocity [Chen-Millero, m/s]
# name 13 = flag: flag
# span 0 =        454,       5442       
# span 1 = 135.446402, 135.460835       
# span 2 =      1.000,    140.000       
# span 3 =     9.6090,    13.9286       
# span 4 =  24.878826,  34.726949       
# span 5 =     0.4692,     3.9290       
# span 6 = -1.624e-05, 2.4561e+02       
# span 7 =     34.333,    259.999       
# span 8 =     12.600,     91.191       
# span 9 =      0.991,    138.679       
# span 10 =    19.6710,    28.6898      
# span 11 =    14.3899,    21.4173      
# span 12 =    1475.48,    1496.74      
# span 13 = 0.0000e+00, 0.0000e+00      
# interval = decibars: 1                
# start_time = May 14 2024 10:40:56 [Instrument's time stamp, header]
# bad_flag = -9.990e-29
*END*
        454 135.446402      1.000    13.9286  24.878826     2.7923 2.4561e+02    259.999     91.191      0.991    19.6710    14.3899    1485.32 0.0000e+00
        479 135.446475      2.000    12.9836  25.962980     3.7168 1.3113e+02    237.530     79.403      1.982    21.1632    15.7033    1483.81 0.0000e+00
        502 135.446542      3.000    10.2182  27.004629     3.5688 7.4598e+01    227.931     75.044      2.973    23.7749    18.1715    1477.06 0.0000e+00
        524 135.446605      4.000     9.8249  27.025625     2.6646 4.4587e+01    232.777     76.525      3.964    24.0557    18.4479    1475.96 0.0000e+00
        545 135.446666      5.000     9.6652  27.075792     1.9505 2.9984e+01    226.500     74.422      4.954    24.2115    18.5923    1475.57 0.0000e+00
        563 135.446717      6.000     9.6170  27.273202     1.1078 2.0061e+01    230.836     76.045      5.945    24.4380    18.7756    1475.68 0.0000e+00
        580 135.446769      7.000     9.6954  27.449224     0.6972 1.3485e+01    231.542     76.405      6.936    24.5577    18.8575    1476.14 0.0000e+00
        598 135.446819      8.000     9.7546  27.561032     0.6057 9.5879e+00    231.701     76.599      7.927    24.6271    18.9029    1476.46 0.0000e+00
        615 135.446871      9.000     9.8031  27.693716     0.5765 6.9796e+00    226.296     74.728      8.918    24.7240    18.9714    1476.77 0.0000e+00
        633 135.446921     10.000     9.7389  27.726832     0.5446 4.9632e+00    222.698     73.537      9.909    24.8003    19.0401    1476.64 0.0000e+00
        650 135.446971     11.000     9.7180  27.778056     0.5281 3.7433e+00    222.430     73.508     10.899    24.8648    19.0934    1476.66 0.0000e+00
        668 135.447022     12.000     9.7434  27.830879     0.5235 2.7621e+00    220.404     72.855     11.890    24.8989    19.1163    1476.81 0.0000e+00
        685 135.447072     13.000     9.7369  27.883699     0.5195 2.0199e+00    218.806     72.415     12.881    24.9551    19.1610    1476.87 0.0000e+00
        702 135.447122     14.000     9.7741  27.964455     0.5229 1.4613e+00    219.851     72.858     13.872    25.0085    19.1972    1477.09 0.0000e+00
        720 135.447173     15.000     9.8209  28.051832     0.5319 1.0592e+00    223.955     74.482     14.863    25.0617    19.2318    1477.35 0.0000e+00
        738 135.447224     16.000     9.9572  28.209627     0.5420 7.8609e-01    227.272     75.642     15.854    25.1218    19.2583    1477.94 0.0000e+00
        755 135.447275     17.000     9.9899  28.261154     0.5483 5.7173e-01    226.208     75.288     16.845    25.1492    19.2748    1478.11 0.0000e+00
        773 135.447325     18.000     9.9834  28.278261     0.5484 4.2965e-01    225.246     75.116     17.836    25.1701    19.2921    1478.13 0.0000e+00
        790 135.447377     19.000    10.0542  28.396652     0.5486 3.1140e-01    230.327     77.224     18.826    25.2365    19.3331    1478.49 0.0000e+00
        808 135.447426     20.000    10.2576  28.652094     0.5749 2.2475e-01    237.931     80.023     19.817    25.3440    19.3859    1479.38 0.0000e+00
        825 135.447477     21.000    10.3941  28.794661     0.6471 1.6055e-01    237.810     80.094     20.808    25.3873    19.3987    1479.95 0.0000e+00
        842 135.447527     22.000    10.4482  28.863767     0.6869 1.0486e-01    237.545     80.122     21.799    25.4164    19.4129    1480.20 0.0000e+00
        860 135.447578     23.000    10.5042  28.949067     0.6889 6.6492e-02    242.271     81.887     22.789    25.4597    19.4379    1480.48 0.0000e+00
        878 135.447630     24.000    10.5855  29.062949     0.7813 3.3191e-02    240.992     81.470     23.780    25.5130    19.4666    1480.85 0.0000e+00
        896 135.447682     25.000    10.5866  29.085186     0.7858 8.5074e-03    241.741     81.764     24.771    25.5334    19.4823    1480.90 0.0000e+00
        913 135.447732     26.000    10.6005  29.126091     0.7914 1.5093e-03    241.349     81.668     25.762    25.5629    19.5031    1481.00 0.0000e+00
        931 135.447782     27.000    10.6077  29.170646     0.7829 -1.624e-05    242.840     82.171     26.753    25.6006    19.5313    1481.09 0.0000e+00
        949 135.447835     28.000    10.6087  29.173129     0.8107 1.0000e-12    241.430     81.747     27.743    25.6019    19.5322    1481.11 0.0000e+00
        968 135.447890     29.000    10.6241  29.240226     0.7967 1.0000e-12    241.660     81.824     28.734    25.6558    19.5716    1481.25 0.0000e+00
        986 135.447945     30.000    10.6097  29.268972     0.8199 1.0000e-12    238.911     80.869     29.725    25.6933    19.6031    1481.25 0.0000e+00
       1005 135.447998     31.000    10.5879  29.289732     0.7638 1.0000e-12    239.253     81.040     30.716    25.7284    19.6337    1481.24 0.0000e+00
       1024 135.448052     32.000    10.6100  29.330055     0.7565 1.0000e-12    239.689     81.167     31.706    25.7515    19.6482    1481.36 0.0000e+00
       1042 135.448106     33.000    10.5961  29.333692     0.7584 1.0000e-12    237.916     80.578     32.697    25.7645    19.6605    1481.34 0.0000e+00
       1060 135.448157     34.000    10.5923  29.368290     0.7430 1.0000e-12    237.613     80.555     33.688    25.8004    19.6890    1481.38 0.0000e+00
       1078 135.448208     35.000    10.6223  29.438356     0.7254 1.0000e-12    238.974     81.039     34.679    25.8467    19.7203    1481.57 0.0000e+00
       1095 135.448259     36.000    10.6311  29.463944     0.7672 1.0000e-12    238.569     80.895     35.669    25.8648    19.7330    1481.64 0.0000e+00
       1113 135.448310     37.000    10.6238  29.472908     0.7567 1.0000e-12    236.583     80.238     36.660    25.8784    19.7447    1481.64 0.0000e+00
       1131 135.448361     38.000    10.6253  29.502150     0.7346 1.0000e-12    238.215     80.852     37.651    25.9053    19.7654    1481.70 0.0000e+00
       1149 135.448414     39.000    10.6499  29.550305     0.7468 1.0000e-12    241.306     81.941     38.641    25.9341    19.7839    1481.84 0.0000e+00
       1166 135.448464     40.000    10.6614  29.597019     0.8144 1.0000e-12    240.067     81.550     39.632    25.9708    19.8107    1481.94 0.0000e+00
       1184 135.448515     41.000    10.6707  29.633195     0.8030 1.0000e-12    239.824     81.498     40.623    25.9989    19.8310    1482.03 0.0000e+00
       1202 135.448567     42.000    10.6758  29.679920     0.8088 1.0000e-12    240.193     81.669     41.614    26.0401    19.8622    1482.11 0.0000e+00
       1220 135.448619     43.000    10.6848  29.747342     0.8354 1.0000e-12    226.153     76.943     42.604    26.0986    19.9062    1482.23 0.0000e+00
       1238 135.448671     44.000    10.7061  29.785523     0.7276 1.0000e-12    225.128     76.618     43.595    26.1200    19.9195    1482.35 0.0000e+00
       1256 135.448724     45.000    10.7167  29.808614     0.6823 1.0000e-12    222.069     75.616     44.586    26.1345    19.9291    1482.42 0.0000e+00
       1273 135.448774     46.000    10.7327  29.845731     0.6693 1.0000e-12    219.298     74.705     45.576    26.1586    19.9453    1482.52 0.0000e+00
       1291 135.448825     47.000    10.7462  29.878041     0.6486 1.0000e-12    217.264     74.031     46.567    26.1798    19.9596    1482.62 0.0000e+00
       1308 135.448874     48.000    10.7536  29.902297     0.6507 1.0000e-12    225.192     76.801     47.558    26.1977    19.9723    1482.68 0.0000e+00
       1325 135.448925     49.000    10.7672  30.003918     0.6979 1.0000e-12    224.126     76.637     48.549    26.2858    20.0386    1482.85 0.0000e+00
       1343 135.448977     50.000    10.8615  30.162843     0.7548 1.0000e-12    211.175     72.342     49.539    26.3712    20.0898    1483.31 0.0000e+00
       1361 135.449029     51.000    10.9383  30.269515     0.6684 1.0000e-12    177.389     60.972     50.530    26.4185    20.1141    1483.66 0.0000e+00
       1379 135.449081     52.000    11.0680  30.434137     0.5754 1.0000e-12    181.528     62.387     51.520    26.4834    20.1434    1484.22 0.0000e+00
       1397 135.449133     53.000    11.0603  30.444702     0.5559 1.0000e-12    195.130     67.111     52.511    26.4988    20.1565    1484.23 0.0000e+00
       1415 135.449183     54.000    11.0788  30.509593     0.6028 1.0000e-12    199.017     68.536     53.502    26.5474    20.1913    1484.37 0.0000e+00
       1433 135.449237     55.000    11.1206  30.610264     0.6548 1.0000e-12    193.342     66.755     54.492    26.6136    20.2358    1484.61 0.0000e+00
       1451 135.449289     56.000    11.2216  30.775536     0.6645 1.0000e-12    168.304     58.426     55.483    26.6988    20.2852    1485.09 0.0000e+00
       1469 135.449341     57.000    11.4360  31.058926     0.6061 1.0000e-12    130.691     45.613     56.474    26.8143    20.3389    1486.01 0.0000e+00
       1488 135.449394     58.000    11.6613  31.341984     0.5207 1.0000e-12    121.345     42.507     57.464    26.9202    20.3829    1486.95 0.0000e+00
       1507 135.449448     59.000    11.7978  31.586124     0.4947 1.0000e-12    119.699     42.160     58.455    27.0523    20.4617    1487.61 0.0000e+00
       1526 135.449505     60.000    12.0152  31.908813     0.5044 1.0000e-12    102.633     36.288     59.445    27.1988    20.5374    1488.56 0.0000e+00
       1546 135.449564     61.000    12.1680  32.174937     0.4877 1.0000e-12     96.197     34.216     60.436    27.3376    20.6179    1489.27 0.0000e+00
       1567 135.449622     62.000    12.3920  32.526166     0.4899 1.0000e-12     86.607     30.943     61.427    27.5031    20.7060    1490.26 0.0000e+00
       1586 135.449680     63.000    12.5640  32.810476     0.4845 1.0000e-12     77.417     27.817     62.417    27.6423    20.7826    1491.04 0.0000e+00
       1605 135.449735     64.000    12.7719  33.162124     0.4804 1.0000e-12     72.424     26.135     63.408    27.8166    20.8793    1491.97 0.0000e+00
       1624 135.449789     65.000    12.9226  33.439840     0.4768 1.0000e-12     67.374     24.380     64.398    27.9628    20.9644    1492.68 0.0000e+00
       1643 135.449842     66.000    13.0273  33.601930     0.4752 1.0000e-12     65.300     23.669     65.389    28.0352    21.0008    1493.14 0.0000e+00
       1661 135.449896     67.000    13.0865  33.724856     0.4750 1.0000e-12     62.999     22.864     66.379    28.1047    21.0434    1493.44 0.0000e+00
       1679 135.449947     68.000    13.1327  33.814550     0.4728 1.0000e-12     61.412     22.311     67.370    28.1530    21.0720    1493.66 0.0000e+00
       1697 135.450000     69.000    13.1688  33.884540     0.4705 1.0000e-12     60.015     21.821     68.361    28.1904    21.0941    1493.85 0.0000e+00
       1715 135.450052     70.000    13.1991  33.942054     0.4710 1.0000e-12     59.745     21.743     69.351    28.2207    21.1118    1494.00 0.0000e+00
       1734 135.450107     71.000    13.2337  34.015322     0.4703 1.0000e-12     58.132     21.193     70.342    28.2621    21.1372    1494.18 0.0000e+00
       1752 135.450159     72.000    13.2965  34.140330     0.4721 1.0000e-12     55.875     20.383     71.332    28.3301    21.1778    1494.49 0.0000e+00
       1771 135.450214     73.000    13.3177  34.186653     0.4703 1.0000e-12     55.474     20.240     72.323    28.3567    21.1943    1494.61 0.0000e+00
       1789 135.450266     74.000    13.3218  34.198409     0.4705 1.0000e-12     55.289     20.178     73.314    28.3640    21.1992    1494.65 0.0000e+00
       1807 135.450319     75.000    13.3302  34.225310     0.4703 1.0000e-12     53.610     19.588     74.304    28.3822    21.2117    1494.72 0.0000e+00
       1826 135.450372     76.000    13.3675  34.322641     0.4708 1.0000e-12     52.206     19.087     75.294    28.4435    21.2519    1494.93 0.0000e+00
       1844 135.450426     77.000    13.3901  34.369276     0.4733 1.0000e-12     51.561     18.858     76.285    28.4691    21.2674    1495.05 0.0000e+00
       1863 135.450479     78.000    13.4025  34.399415     0.4731 1.0000e-12     51.069     18.685     77.276    28.4872    21.2790    1495.13 0.0000e+00
       1881 135.450532     79.000    13.4149  34.431824     0.4745 1.0000e-12     50.479     18.481     78.266    28.5073    21.2921    1495.21 0.0000e+00
       1900 135.450586     80.000    13.4353  34.482669     0.4735 1.0000e-12     49.411     18.096     79.257    28.5385    21.3123    1495.34 0.0000e+00
       1920 135.450645     81.000    13.4470  34.512386     0.4780 1.0000e-12     48.924     17.921     80.247    28.5566    21.3241    1495.41 0.0000e+00
       1942 135.450710     82.000    13.4536  34.530315     0.4778 1.0000e-12     48.730     17.853     81.238    28.5678    21.3314    1495.47 0.0000e+00
       1966 135.450778     83.000    13.4587  34.540789     0.4798 1.0000e-12     48.666     17.831     82.228    28.5732    21.3347    1495.51 0.0000e+00
       1989 135.450846     84.000    13.4616  34.552544     0.4787 1.0000e-12     47.637     17.457     83.219    28.5815    21.3405    1495.54 0.0000e+00
       2011 135.450908     85.000    13.4663  34.568085     0.4812 1.0000e-12     47.383     17.366     84.209    28.5918    21.3476    1495.59 0.0000e+00
       2031 135.450967     86.000    13.4692  34.575558     0.4836 1.0000e-12     47.393     17.373     85.200    28.5961    21.3504    1495.62 0.0000e+00
       2050 135.451023     87.000    13.4752  34.592264     0.4828 1.0000e-12     47.392     17.376     86.190    28.6067    21.3574    1495.67 0.0000e+00
       2069 135.451076     88.000    13.4805  34.608447     0.4865 1.0000e-12     46.685     17.118     87.181    28.6172    21.3645    1495.71 0.0000e+00
       2088 135.451130     89.000    13.4829  34.617550     0.4881 1.0000e-12     45.977     16.859     88.171    28.6234    21.3689    1495.74 0.0000e+00
       2106 135.451183     90.000    13.4843  34.623204     0.4864 1.0000e-12     46.156     16.927     89.162    28.6272    21.3716    1495.77 0.0000e+00
       2125 135.451239     91.000    13.4869  34.634229     0.4871 1.0000e-12     45.618     16.731     90.152    28.6349    21.3771    1495.80 0.0000e+00
       2144 135.451295     92.000    13.4898  34.643259     0.4919 1.0000e-12     45.645     16.742     91.142    28.6407    21.3810    1495.84 0.0000e+00
       2164 135.451352     93.000    13.4916  34.649136     0.4899 1.0000e-12     45.335     16.629     92.133    28.6444    21.3835    1495.86 0.0000e+00
       2184 135.451409     94.000    13.4926  34.653287     0.4905 1.0000e-12     44.779     16.425     93.124    28.6472    21.3855    1495.89 0.0000e+00
       2203 135.451464     95.000    13.4927  34.654874     0.4903 1.0000e-12     44.526     16.333     94.114    28.6481    21.3862    1495.91 0.0000e+00
       2222 135.451518     96.000    13.4937  34.660158     0.4931 1.0000e-12     43.650     16.013     95.104    28.6519    21.3890    1495.93 0.0000e+00
       2240 135.451570     97.000    13.4949  34.668176     0.4937 1.0000e-12     42.485     15.586     96.095    28.6580    21.3935    1495.96 0.0000e+00
       2258 135.451624     98.000    13.4961  34.675259     0.4966 1.0000e-12     42.016     15.414     97.085    28.6632    21.3973    1495.98 0.0000e+00
       2277 135.451680     99.000    13.4966  34.677619     0.4988 1.0000e-12     41.916     15.378     98.076    28.6646    21.3983    1496.00 0.0000e+00
       2298 135.451738    100.000    13.4969  34.678877     0.4982 1.0000e-12     41.924     15.381     99.066    28.6652    21.3987    1496.02 0.0000e+00
       2318 135.451797    101.000    13.4971  34.679865     0.4997 1.0000e-12     41.479     15.218    100.057    28.6656    21.3991    1496.04 0.0000e+00
       2338 135.451855    102.000    13.4977  34.684040     0.5004 1.0000e-12     40.769     14.958    101.047    28.6687    21.4014    1496.06 0.0000e+00
       2359 135.451915    103.000    13.4981  34.686511     0.5030 1.0000e-12     40.473     14.849    102.037    28.6703    21.4025    1496.08 0.0000e+00
