Loch_Etive/CTD_data_2024/sbe19p_5262_20240514_re8.cnv
* Sea-Bird SBE 19plus Data File:
* FileName = C:\Data\sbe55_sbe19p_5262\2024-05-14\sbe19p_5262_20240514_RE8034.hex
* Software Version SeatermAF 2.1.4
* Temperature SN = 5262
* Conductivity SN = 5262
* System UpLoad Time = May 14 2024 13:11:51 (localtime) = May 14 2024 13:11:51 (UTC)
* ds
* SeacatPlus V 1.6b  SERIAL NO. 5262    14 May 2024  13:12:58
# nquan = 14                                
# nvalues = 2080                        
# units = specified
# name 0 = scan: Scan Count
# name 1 = timeJ: Julian Days
# name 2 = prdM: Pressure, Strain Gauge [db]
# name 3 = tv290C: Temperature [ITS-90, deg C]
# name 4 = c0mS/cm: Conductivity [mS/cm]
# name 5 = wetStar: Fluorescence, WET Labs WETstar [mg/m^3]
# name 6 = par: PAR/Irradiance, Biospherical/Licor [umol photons/m^2/sec]
# name 7 = sbeox0Mm/L: Oxygen, SBE 43 [umol/l]
# name 8 = sbeox0PS: Oxygen, SBE 43 [% saturation]
# name 9 = depSM: Depth [salt water, m], lat = 56
# name 10 = sal00: Salinity, Practical [PSU]
# name 11 = sigma-é00: Density [sigma-theta, kg/m^3]
# name 12 = svCM: Sound Velocity [Chen-Millero, m/s]
# name 13 = flag: flag
# span 0 =        301,       2380       
# span 1 = 135.542511, 135.548523       
# span 2 =     -0.335,     35.920       
# span 3 =     9.4574,    10.9785       
# span 4 =   1.503691,  36.141518       
# span 5 =     0.1288,     2.2676       
# span 6 = 1.8587e-01, 5.8876e+02       
# span 7 =    241.626,    294.695       
# span 8 =     70.720,     91.626       
# span 9 =     -0.332,     35.590       
# span 10 =     1.0804,    33.2902      
# span 11 =     0.5436,    25.7070      
# span 12 =    1448.95,    1487.12      
# span 13 = 0.0000e+00, 0.0000e+00      
# interval = seconds: 0.25
# start_time = May 14 2024 12:59:58 [Instrument's time stamp, header]
# bad_flag = -9.990e-29
*END*
[from data line 1859]
       2160 135.547897      4.053     9.7819  36.132721     1.1137 5.1802e+01    250.545     87.416      4.016    33.2022    25.5847    1486.92 0.0000e+00
       2161 135.547897      4.015     9.7819  36.132748     1.1376 5.4027e+01    250.578     87.428      3.978    33.2022    25.5847    1486.92 0.0000e+00
       2162 135.547897      3.977     9.7819  36.132904     1.2349 5.3866e+01    250.924     87.550      3.941    33.2024    25.5848    1486.92 0.0000e+00
       2163 135.547897      3.939     9.7820  36.133198     1.1733 5.3066e+01    251.151     87.630      3.903    33.2026    25.5850    1486.92 0.0000e+00
       2164 135.547897      3.899     9.7822  36.133629     1.1435 5.4323e+01    251.292     87.679      3.864    33.2029    25.5851    1486.92 0.0000e+00
       2165 135.547913      3.859     9.7826  36.134075     1.2605 5.5190e+01    251.544     87.768      3.824    33.2030    25.5851    1486.92 0.0000e+00
       2166 135.547913      3.818     9.7832  36.134460     1.0910 5.5687e+01    251.865     87.880      3.783    33.2029    25.5850    1486.92 0.0000e+00
       2167 135.547913      3.776     9.7837  36.134808     1.2232 5.6666e+01    251.862     87.879      3.742    33.2027    25.5848    1486.92 0.0000e+00
       2168 135.547913      3.734     9.7843  36.135117     1.0772 5.5933e+01    252.386     88.062      3.700    33.2026    25.5845    1486.92 0.0000e+00
       2169 135.547913      3.693     9.7848  36.135387     1.2114 5.6348e+01    252.210     88.002      3.659    33.2024    25.5843    1486.93 0.0000e+00
       2170 135.547913      3.652     9.7852  36.135574     1.0835 5.5953e+01    252.287     88.029      3.619    33.2022    25.5841    1486.93 0.0000e+00
       2171 135.547928      3.611     9.7856  36.135670     1.0767 5.7855e+01    252.340     88.049      3.578    33.2020    25.5839    1486.93 0.0000e+00
       2172 135.547928      3.571     9.7858  36.135727     1.1414 5.7026e+01    252.288     88.033      3.538    33.2018    25.5837    1486.93 0.0000e+00
       2173 135.547928      3.531     9.7860  36.135784     1.1972 5.8530e+01    252.205     88.005      3.499    33.2017    25.5836    1486.93 0.0000e+00
       2174 135.547928      3.492     9.7862  36.135887     1.3142 5.8737e+01    252.077     87.961      3.460    33.2017    25.5836    1486.93 0.0000e+00
       2175 135.547928      3.452     9.7863  36.136093     1.1363 5.8892e+01    252.183     88.000      3.420    33.2018    25.5836    1486.93 0.0000e+00
       2176 135.547943      3.412     9.7866  36.136375     1.1258 5.9758e+01    251.870     87.894      3.381    33.2019    25.5836    1486.93 0.0000e+00
       2177 135.547943      3.372     9.7870  36.136696     1.0914 6.1583e+01    252.095     87.975      3.341    33.2019    25.5835    1486.93 0.0000e+00
       2178 135.547943      3.332     9.7874  36.137062     1.3600 6.0329e+01    252.117     87.984      3.301    33.2018    25.5835    1486.93 0.0000e+00
       2179 135.547943      3.291     9.7879  36.137409     1.2849 6.1162e+01    252.341     88.063      3.261    33.2018    25.5833    1486.93 0.0000e+00
       2180 135.547943      3.249     9.7883  36.137680     1.3407 6.0733e+01    252.551     88.137      3.220    33.2017    25.5832    1486.93 0.0000e+00
       2181 135.547958      3.208     9.7888  36.137878     1.2740 6.2160e+01    253.023     88.302      3.178    33.2015    25.5829    1486.93 0.0000e+00
       2182 135.547958      3.166     9.7892  36.138000     1.2123 6.2665e+01    253.509     88.472      3.137    33.2012    25.5827    1486.93 0.0000e+00
       2183 135.547958      3.124     9.7895  36.138100     1.1170 6.5069e+01    253.970     88.635      3.096    33.2010    25.5825    1486.93 0.0000e+00
       2184 135.547958      3.083     9.7898  36.138237     1.1002 6.4989e+01    254.365     88.775      3.054    33.2009    25.5823    1486.93 0.0000e+00
       2185 135.547958      3.041     9.7902  36.138412     1.0239 6.4670e+01    254.594     88.858      3.013    33.2008    25.5822    1486.93 0.0000e+00
       2186 135.547958      3.000     9.7905  36.138626     1.0826 6.4171e+01    254.712     88.901      2.972    33.2007    25.5821    1486.93 0.0000e+00
       2187 135.547974      2.959     9.7910  36.138912     1.3873 6.6061e+01    254.765     88.922      2.932    33.2006    25.5819    1486.93 0.0000e+00
       2188 135.547974      2.919     9.7915  36.139275     2.1715 6.6352e+01    254.668     88.890      2.892    33.2006    25.5818    1486.93 0.0000e+00
       2189 135.547974      2.880     9.7921  36.139664     1.4217 6.7839e+01    254.745     88.917      2.853    33.2004    25.5815    1486.94 0.0000e+00
       2190 135.547974      2.841     9.7928  36.140041     1.2446 6.7245e+01    254.729     88.912      2.815    33.2001    25.5812    1486.94 0.0000e+00
       2191 135.547974      2.801     9.7937  36.140419     1.5899 6.6750e+01    254.785     88.930      2.776    33.1997    25.5808    1486.94 0.0000e+00
       2192 135.547989      2.762     9.7946  36.140816     1.2857 6.8402e+01    254.755     88.919      2.736    33.1993    25.5803    1486.94 0.0000e+00
       2193 135.547989      2.721     9.7957  36.141155     1.1451 6.9006e+01    254.714     88.908      2.696    33.1987    25.5796    1486.94 0.0000e+00
       2194 135.547989      2.679     9.7969  36.141369     1.1451 6.9628e+01    254.858     88.955      2.654    33.1978    25.5787    1486.95 0.0000e+00
       2195 135.547989      2.636     9.7981  36.141476     1.7108 7.0901e+01    255.003     88.995      2.612    33.1968    25.5778    1486.95 0.0000e+00
       2196 135.547989      2.594     9.7991  36.141518     1.2840 7.1126e+01    255.250     89.078      2.570    33.1960    25.5769    1486.95 0.0000e+00
       2197 135.548004      2.553     9.8000  36.141479     1.2597 7.2477e+01    255.139     89.026      2.530    33.1951    25.5761    1486.95 0.0000e+00
       2198 135.548004      2.513     9.8008  36.141354     1.4263 7.5151e+01    255.317     89.073      2.490    33.1943    25.5753    1486.95 0.0000e+00
       2199 135.548004      2.475     9.8016  36.141178     1.1816 7.3414e+01    255.340     89.071      2.453    33.1933    25.5744    1486.96 0.0000e+00
       2200 135.548004      2.438     9.8026  36.140968     1.1737 7.4664e+01    255.577     89.139      2.415    33.1922    25.5734    1486.96 0.0000e+00
       2201 135.548004      2.400     9.8038  36.140690     1.4049 7.4624e+01    255.729     89.181      2.378    33.1908    25.5721    1486.96 0.0000e+00
       2202 135.548019      2.360     9.8052  36.140331     1.3864 7.5178e+01    255.940     89.249      2.339    33.1892    25.5706    1486.96 0.0000e+00
       2203 135.548019      2.319     9.8068  36.139900     1.4510 7.5469e+01    255.505     89.102      2.298    33.1874    25.5689    1486.96 0.0000e+00
       2204 135.548019      2.276     9.8083  36.139317     1.2509 7.5802e+01    256.084     89.293      2.255    33.1854    25.5672    1486.97 0.0000e+00
       2205 135.548019      2.231     9.8097  36.138466     1.1682 7.6552e+01    255.953     89.235      2.211    33.1832    25.5652    1486.97 0.0000e+00
       2206 135.548019      2.187     9.8110  36.137211     1.0600 7.9237e+01    255.378     89.021      2.167    33.1808    25.5631    1486.97 0.0000e+00
       2207 135.548019      2.143     9.8122  36.135315     1.1057 7.9098e+01    256.152     89.275      2.124    33.1777    25.5605    1486.97 0.0000e+00
       2208 135.548035      2.101     9.8133  36.132530     1.1472 8.0984e+01    256.208     89.286      2.082    33.1739    25.5573    1486.97 0.0000e+00
       2209 135.548035      2.060     9.8144  36.128712     1.3684 8.1728e+01    256.035     89.219      2.041    33.1690    25.5533    1486.97 0.0000e+00
       2210 135.548035      2.019     9.8155  36.123848     1.4561 8.1226e+01    255.061     88.893      2.001    33.1630    25.5485    1486.96 0.0000e+00
       2211 135.548035      1.980     9.8167  36.117199     1.3377 8.2160e+01    255.758     89.115      1.962    33.1552    25.5421    1486.96 0.0000e+00
       2212 135.548035      1.941     9.8181  36.107006     1.4926 8.3573e+01    255.592     89.052      1.923    33.1435    25.5328    1486.95 0.0000e+00
       2213 135.548050      1.902     9.8200  36.092213     1.2421 8.4460e+01    255.492     89.007      1.884    33.1266    25.5193    1486.93 0.0000e+00
       2214 135.548050      1.861     9.8228  36.072666     1.8967 8.6840e+01    255.514     89.059      1.844    33.1042    25.5013    1486.91 0.0000e+00
       2215 135.548050      1.820     9.8263  36.048382     2.2676 8.6596e+01    255.246     88.972      1.804    33.0762    25.4789    1486.89 0.0000e+00
       2216 135.548050      1.779     9.8305  36.020702     1.5669 8.7468e+01    255.353     89.018      1.763    33.0441    25.4532    1486.87 0.0000e+00
       2217 135.548050      1.738     9.8352  35.991421     1.4284 8.9538e+01    255.620     89.080      1.722    33.0100    25.4257    1486.84 0.0000e+00
       2218 135.548065      1.697     9.8403  35.961624     1.4183 9.4040e+01    255.629     89.109      1.681    32.9749    25.3975    1486.82 0.0000e+00
       2219 135.548065      1.656     9.8458  35.932716     1.1636 9.1866e+01    255.157     88.917      1.641    32.9405    25.3697    1486.79 0.0000e+00
       2220 135.548065      1.616     9.8513  35.905972     1.1493 9.0328e+01    254.695     88.739      1.601    32.9081    25.3435    1486.77 0.0000e+00
       2221 135.548065      1.576     9.8568  35.880379     1.8992 9.2531e+01    254.447     88.596      1.561    32.8771    25.3184    1486.76 0.0000e+00
       2222 135.548065      1.536     9.8622  35.853302     1.2907 9.2759e+01    255.260     88.848      1.522    32.8446    25.2921    1486.73 0.0000e+00
       2223 135.548080      1.495     9.8677  35.823650     1.4019 9.2987e+01    255.364     88.897      1.482    32.8094    25.2638    1486.71 0.0000e+00
       2224 135.548080      1.454     9.8736  35.792171     1.0826 9.6400e+01    255.439     88.967      1.441    32.7720    25.2336    1486.69 0.0000e+00
       2225 135.548080      1.413     9.8800  35.760529     1.3075 9.7680e+01    254.735     88.714      1.401    32.7340    25.2029    1486.66 0.0000e+00
       2226 135.548080      1.372     9.8868  35.730850     1.7326 9.6519e+01    255.300     88.942      1.360    32.6977    25.1734    1486.64 0.0000e+00
       2227 135.548080      1.331     9.8937  35.704716     1.3021 9.7457e+01    255.597     89.071      1.319    32.6648    25.1466    1486.63 0.0000e+00
       2228 135.548080      1.291     9.9006  35.681316     1.0230 1.0061e+02    255.737     89.122      1.279    32.6349    25.1221    1486.61 0.0000e+00
       2229 135.548096      1.250     9.9071  35.659180     1.1787 1.0526e+02    255.749     89.089      1.239    32.6065    25.0988    1486.60 0.0000e+00
       2230 135.548096      1.209     9.9136  35.640179     1.1770 1.0068e+02    254.593     88.685      1.198    32.5814    25.0782    1486.59 0.0000e+00
       2231 135.548096      1.169     9.9199  35.628368     1.2051 1.0619e+02    255.368     88.960      1.158    32.5637    25.0633    1486.60 0.0000e+00
       2232 135.548096      1.129     9.9254  35.623974     1.4485 1.0390e+02    254.578     88.688      1.118    32.5543    25.0551    1486.60 0.0000e+00
       2233 135.548096      1.088     9.9296  35.621044     1.1552 1.0636e+02    255.533     88.982      1.078    32.5476    25.0491    1486.61 0.0000e+00
       2234 135.548111      1.047     9.9327  35.613338     1.2517 1.0832e+02    255.525     88.979      1.037    32.5369    25.0403    1486.61 0.0000e+00
       2235 135.548111      1.006     9.9357  35.599171     1.3075 1.1032e+02    255.450     88.966      0.996    32.5198    25.0265    1486.60 0.0000e+00
       2236 135.548111      0.964     9.9397  35.577354     1.7825 1.1335e+02    256.436     89.224      0.956    32.4941    25.0058    1486.58 0.0000e+00
       2237 135.548111      0.923     9.9455  35.543438     1.3105 1.1279e+02    256.273     89.140      0.915    32.4545    24.9739    1486.55 0.0000e+00
       2238 135.548111      0.882     9.9540  35.495102     0.9857 1.1376e+02    256.654     89.417      0.874    32.3978    24.9283    1486.51 0.0000e+00
       2239 135.548126      0.841     9.9661  35.436703     0.9848 1.1459e+02    256.598     89.477      0.833    32.3278    24.8716    1486.47 0.0000e+00
       2240 135.548126      0.799     9.9818  35.379562     1.2807 1.1646e+02    257.060     89.642      0.792    32.2559    24.8129    1486.44 0.0000e+00
       2241 135.548126      0.757     9.9990  35.335480     0.9886 1.1902e+02    257.467     89.716      0.750    32.1959    24.7633    1486.43 0.0000e+00
       2242 135.548126      0.714    10.0147  35.307400     1.2337 1.2058e+02    257.568     89.750      0.708    32.1535    24.7276    1486.43 0.0000e+00
       2243 135.548126      0.671    10.0266  35.292782     1.0197 1.2238e+02    257.294     89.768      0.665    32.1282    24.7059    1486.44 0.0000e+00
       2244 135.548126      0.628    10.0345  35.289368     0.9492 1.3019e+02    256.750     89.616      0.622    32.1177    24.6964    1486.46 0.0000e+00
       2245 135.548141      0.586    10.0389  35.291000     0.8967 1.3331e+02    256.349     89.459      0.581    32.1155    24.6939    1486.47 0.0000e+00
       2246 135.548141      0.545    10.0409  35.288353     0.9723 1.3217e+02    255.834     89.241      0.540    32.1110    24.6901    1486.47 0.0000e+00
       2247 135.548141      0.505    10.0427  35.277649     0.9765 1.3329e+02    254.217     88.687      0.500    32.0986    24.6802    1486.46 0.0000e+00
       2248 135.548141      0.465    10.0462  35.261021     0.9462 1.4043e+02    252.503     88.155      0.461    32.0788    24.6641    1486.45 0.0000e+00
       2249 135.548141      0.426    10.0519  35.238678     1.0155 1.4942e+02    250.260     87.405      0.422    32.0511    24.6416    1486.44 0.0000e+00
       2250 135.548157      0.388    10.0605  35.206154     1.2232 1.4257e+02    248.025     86.579      0.384    32.0107    24.6086    1486.42 0.0000e+00
       2251 135.548157      0.350    10.0730  35.160870     0.9769 1.6810e+02    246.424     85.977      0.346    31.9540    24.5623    1486.39 0.0000e+00
       2252 135.548157      0.312    10.0905  35.104900     0.9941 3.0006e+02    244.818     85.403      0.309    31.8821    24.5034    1486.37 0.0000e+00
       2253 135.548157      0.276    10.1136  35.036247     1.0180 4.0197e+02    243.851     85.058      0.273    31.7926    24.4297    1486.34 0.0000e+00
       2254 135.548157      0.240    10.1438  34.955051     1.3222 4.1452e+02    243.657     84.973      0.238    31.6843    24.3403    1486.32 0.0000e+00
       2255 135.548172      0.205    10.1821  34.878799     0.9089 4.1884e+02    244.681     85.298      0.203    31.5742    24.2481    1486.33 0.0000e+00
       2256 135.548172      0.171    10.2240  34.823036     0.8485 4.1884e+02    245.897     85.672      0.169    31.4818    24.1691    1486.36 0.0000e+00
       2257 135.548172      0.138    10.2622  34.779495     0.8455 4.1394e+02    249.010     86.045      0.136    31.4051    24.1030    1486.41 0.0000e+00
       2258 135.548172      0.105    10.2944  34.731277     0.8287 4.3169e+02    288.178     86.153      0.104    31.3289    24.0383    1486.43 0.0000e+00
       2259 135.548172      0.073    10.3246  34.675720     0.8157 4.3306e+02    294.695     85.827      0.073    31.2474    23.9698    1486.44 0.0000e+00
       2260 135.548187      0.043    10.3548  34.628071     0.8216 4.3934e+02    292.205     85.136      0.042    31.1738    23.9074    1486.46 0.0000e+00
       2261 135.548187      0.013    10.3814  34.600502     0.7775 4.4439e+02    286.173     83.874      0.013    31.1235    23.8638    1486.49 0.0000e+00
