Loch_Etive/CTD_data_2024/sbe19p_5262_20240514_re5b.cnv
* Sea-Bird SBE 19plus Data File:
* FileName = C:\Data\sbe55_sbe19p_5262\2024-05-14\sbe19p_5262_20240514_RE5b033.hex
* Software Version SeatermAF 2.1.4
* Temperature SN = 5262
* Conductivity SN = 5262
* System UpLoad Time = May 14 2024 11:07:13 (localtime) = May 14 2024 11:07:13 (UTC)
* ds
* SeacatPlus V 1.6b  SERIAL NO. 5262    14 May 2024  11:08:22
# nquan = 14                                
# nvalues = 5265                        
# units = specified
# name 0 = scan: Scan Count
# name 1 = timeJ: Julian Days
# name 2 = prdM: Pressure, Strain Gauge [db]
# name 3 = tv290C: Temperature [ITS-90, deg C]
# name 4 = c0mS/cm: Conductivity [mS/cm]
# name 5 = wetStar: Fluorescence, WET Labs WETstar [mg/m^3]
# name 6 = par: PAR/Irradiance, Biospherical/Licor [umol photons/m^2/sec]
# name 7 = sbeox0Mm/L: Oxygen, SBE 43 [umol/l]
# name 8 = sbeox0PS: Oxygen, SBE 43 [% saturation]
# name 9 = depSM: Depth [salt water, m], lat = 56
# name 10 = sal00: Salinity, Practical [PSU]
# name 11 = sigma-é00: Density [sigma-theta, kg/m^3]
# name 12 = svCM: Sound Velocity [Chen-Millero, m/s]
# name 13 = flag: flag
# span 0 =        301,       5565       
# span 1 = 135.445953, 135.461197       
# span 2 =     -0.296,    140.177       
# span 3 =     9.5550,    13.9667       
# span 4 =   0.959181,  34.727650       
# span 5 =     0.1343,     4.1119       
# span 6 = 1.0000e-12, 9.6766e+02       
# span 7 =     34.089,    272.211       
# span 8 =     12.510,     90.786       
# span 9 =     -0.293,    138.854       
# span 10 =     0.6229,    28.6900      
# span 11 =    -0.1500,    21.4174      
# span 12 =    1459.34,    1496.74      
# span 13 = 0.0000e+00, 0.0000e+00      
# interval = seconds: 0.25
# start_time = May 14 2024 10:40:56 [Instrument's time stamp, header]
# bad_flag = -9.990e-29
*END*
[from data line 826]
       1127 135.448349     37.782    10.6218  29.493252     0.7499 1.0000e-12    236.711     80.330     37.435    25.8992    19.7612    1481.67 0.0000e+00
       1128 135.448349     37.838    10.6223  29.495859     0.7339 1.0000e-12    236.593     80.300     37.490    25.9013    19.7628    1481.68 0.0000e+00
       1129 135.448349     37.893    10.6230  29.498705     0.7339 1.0000e-12    236.777     80.371     37.545    25.9036    19.7644    1481.69 0.0000e+00
       1130 135.448364     37.948    10.6239  29.501478     0.7394 1.0000e-12    237.022     80.460     37.599    25.9056    19.7659    1481.69 0.0000e+00
       1131 135.448364     38.003    10.6249  29.503847     0.7276 1.0000e-12    237.329     80.569     37.654    25.9072    19.7669    1481.70 0.0000e+00
       1132 135.448364     38.058    10.6259  29.505821     0.7385 1.0000e-12    237.706     80.699     37.708    25.9083    19.7677    1481.71 0.0000e+00
       1133 135.448364     38.113    10.6269  29.507584     0.7306 1.0000e-12    238.016     80.805     37.763    25.9094    19.7683    1481.71 0.0000e+00
       1134 135.448364     38.169    10.6277  29.509232     0.7331 1.0000e-12    238.861     81.091     37.818    25.9104    19.7690    1481.72 0.0000e+00
       1135 135.448380     38.224    10.6284  29.510756     0.7259 1.0000e-12    239.647     81.355     37.873    25.9113    19.7696    1481.72 0.0000e+00
       1136 135.448380     38.279    10.6291  29.512146     0.7196 1.0000e-12    240.530     81.653     37.928    25.9122    19.7702    1481.72 0.0000e+00
       1137 135.448380     38.335    10.6297  29.513535     0.7188 1.0000e-12    241.404     81.947     37.983    25.9131    19.7708    1481.73 0.0000e+00
       1138 135.448380     38.392    10.6303  29.515116     0.7175 1.0000e-12    242.092     82.180     38.039    25.9141    19.7715    1481.73 0.0000e+00
       1139 135.448380     38.448    10.6310  29.517096     0.7238 1.0000e-12    242.718     82.393     38.095    25.9156    19.7725    1481.74 0.0000e+00
       1140 135.448395     38.505    10.6319  29.519693     0.7314 1.0000e-12    243.080     82.516     38.151    25.9174    19.7738    1481.74 0.0000e+00
       1141 135.448395     38.562    10.6331  29.522991     0.7343 1.0000e-12    243.052     82.508     38.207    25.9197    19.7754    1481.75 0.0000e+00
       1142 135.448395     38.619    10.6349  29.527121     0.7318 1.0000e-12    242.734     82.404     38.264    25.9225    19.7772    1481.76 0.0000e+00
       1143 135.448395     38.676    10.6372  29.532301     0.7402 1.0000e-12    242.354     82.281     38.320    25.9258    19.7794    1481.78 0.0000e+00
       1144 135.448395     38.733    10.6404  29.538054     0.7335 1.0000e-12    241.572     82.020     38.377    25.9291    19.7815    1481.79 0.0000e+00
       1145 135.448410     38.790    10.6441  29.543467     0.7427 1.0000e-12    241.284     81.928     38.433    25.9317    19.7829    1481.81 0.0000e+00
       1146 135.448410     38.847    10.6480  29.548166     0.7343 1.0000e-12    241.157     81.889     38.490    25.9334    19.7837    1481.83 0.0000e+00
       1147 135.448410     38.904    10.6516  29.552048     0.7322 1.0000e-12    240.822     81.778     38.546    25.9346    19.7841    1481.84 0.0000e+00
       1148 135.448410     38.960    10.6546  29.554996     0.7318 1.0000e-12    240.782     81.767     38.602    25.9353    19.7841    1481.86 0.0000e+00
       1149 135.448410     39.016    10.6569  29.557053     0.7272 1.0000e-12    240.617     81.713     38.657    25.9356    19.7840    1481.87 0.0000e+00
       1150 135.448410     39.072    10.6584  29.558470     0.7347 1.0000e-12    240.701     81.742     38.713    25.9360    19.7840    1481.87 0.0000e+00
       1151 135.448425     39.129    10.6590  29.559574     0.7486 1.0000e-12    240.633     81.720     38.769    25.9366    19.7844    1481.88 0.0000e+00
       1152 135.448425     39.185    10.6590  29.560534     0.7473 1.0000e-12    240.683     81.738     38.825    25.9375    19.7851    1481.88 0.0000e+00
       1153 135.448425     39.241    10.6584  29.561434     0.7410 1.0000e-12    240.656     81.731     38.881    25.9388    19.7862    1481.88 0.0000e+00
       1154 135.448425     39.298    10.6575  29.562422     0.7507 1.0000e-12    240.565     81.701     38.937    25.9403    19.7875    1481.88 0.0000e+00
       1155 135.448425     39.355    10.6567  29.563644     0.7771 1.0000e-12    240.730     81.758     38.993    25.9421    19.7891    1481.88 0.0000e+00
       1156 135.448441     39.412    10.6560  29.565283     0.7918 1.0000e-12    240.726     81.757     39.050    25.9442    19.7908    1481.88 0.0000e+00
       1157 135.448441     39.469    10.6555  29.567408     0.8090 1.0000e-12    240.664     81.737     39.106    25.9465    19.7927    1481.88 0.0000e+00
       1158 135.448441     39.527    10.6554  29.570055     0.8245 1.0000e-12    240.533     81.693     39.164    25.9492    19.7947    1481.89 0.0000e+00
       1159 135.448441     39.585    10.6555  29.573503     0.8308 1.0000e-12    240.510     81.685     39.221    25.9524    19.7972    1481.89 0.0000e+00
       1160 135.448441     39.644    10.6560  29.577921     0.8334 1.0000e-12    240.481     81.676     39.279    25.9563    19.8002    1481.90 0.0000e+00
       1161 135.448456     39.702    10.6569  29.582823     0.8313 1.0000e-12    240.342     81.630     39.337    25.9604    19.8033    1481.91 0.0000e+00
       1162 135.448456     39.761    10.6580  29.587494     0.8229 1.0000e-12    240.329     81.628     39.395    25.9641    19.8060    1481.92 0.0000e+00
       1163 135.448456     39.820    10.6592  29.591688     0.8258 1.0000e-12    240.204     81.589     39.453    25.9673    19.8082    1481.93 0.0000e+00
       1164 135.448456     39.878    10.6604  29.595390     0.8250 1.0000e-12    240.304     81.625     39.511    25.9700    19.8102    1481.93 0.0000e+00
       1165 135.448456     39.936    10.6615  29.598526     0.8199 1.0000e-12    239.991     81.526     39.569    25.9723    19.8117    1481.94 0.0000e+00
       1166 135.448471     39.994    10.6624  29.601107     0.8254 1.0000e-12    239.868     81.486     39.626    25.9741    19.8130    1481.95 0.0000e+00
       1167 135.448471     40.051    10.6631  29.603212     0.8073 1.0000e-12    239.890     81.496     39.682    25.9756    19.8141    1481.95 0.0000e+00
       1168 135.448471     40.107    10.6637  29.604965     0.8073 1.0000e-12    239.857     81.484     39.738    25.9768    19.8149    1481.96 0.0000e+00
       1169 135.448471     40.163    10.6642  29.606583     0.7990 1.0000e-12    239.816     81.474     39.794    25.9780    19.8158    1481.96 0.0000e+00
       1170 135.448471     40.219    10.6646  29.608160     0.8078 1.0000e-12    239.842     81.484     39.849    25.9793    19.8167    1481.97 0.0000e+00
       1171 135.448471     40.274    10.6649  29.609598     0.7998 1.0000e-12    239.911     81.508     39.904    25.9804    19.8175    1481.97 0.0000e+00
       1172 135.448486     40.330    10.6652  29.610872     0.8052 1.0000e-12    239.894     81.503     39.959    25.9814    19.8182    1481.97 0.0000e+00
       1173 135.448486     40.386    10.6655  29.612034     0.8027 1.0000e-12    239.805     81.474     40.014    25.9823    19.8189    1481.98 0.0000e+00
       1174 135.448486     40.442    10.6658  29.613106     0.8019 1.0000e-12    239.714     81.444     40.070    25.9831    19.8195    1481.98 0.0000e+00
       1175 135.448486     40.498    10.6660  29.614119     0.8099 1.0000e-12    239.537     81.385     40.126    25.9839    19.8201    1481.98 0.0000e+00
       1176 135.448486     40.555    10.6663  29.615173     0.8107 1.0000e-12    239.707     81.444     40.182    25.9847    19.8207    1481.98 0.0000e+00
       1177 135.448502     40.612    10.6666  29.616425     0.8103 1.0000e-12    239.662     81.428     40.238    25.9857    19.8214    1481.99 0.0000e+00
       1178 135.448502     40.669    10.6669  29.618036     0.8027 1.0000e-12    239.587     81.404     40.295    25.9870    19.8223    1481.99 0.0000e+00
       1179 135.448502     40.727    10.6673  29.620180     0.8065 1.0000e-12    239.290     81.305     40.352    25.9888    19.8236    1482.00 0.0000e+00
       1180 135.448502     40.784    10.6679  29.622959     0.8157 1.0000e-12    239.265     81.298     40.409    25.9911    19.8253    1482.00 0.0000e+00
       1181 135.448502     40.842    10.6685  29.626196     0.8153 1.0000e-12    239.276     81.302     40.466    25.9937    19.8273    1482.01 0.0000e+00
       1182 135.448517     40.900    10.6694  29.629715     0.8099 1.0000e-12    239.083     81.241     40.523    25.9965    19.8293    1482.02 0.0000e+00
       1183 135.448517     40.957    10.6702  29.633198     0.8090 1.0000e-12    239.319     81.322     40.581    25.9992    19.8313    1482.02 0.0000e+00
       1184 135.448517     41.015    10.6712  29.636059     0.8002 1.0000e-12    239.515     81.394     40.638    26.0013    19.8328    1482.03 0.0000e+00
       1185 135.448517     41.072    10.6720  29.638224     0.8031 1.0000e-12    239.705     81.460     40.695    26.0028    19.8338    1482.04 0.0000e+00
       1186 135.448517     41.129    10.6726  29.640125     0.7985 1.0000e-12    239.823     81.503     40.751    26.0041    19.8348    1482.04 0.0000e+00
       1187 135.448517     41.185    10.6732  29.642019     0.7977 1.0000e-12    239.956     81.550     40.807    26.0056    19.8358    1482.05 0.0000e+00
       1188 135.448532     41.241    10.6737  29.643761     0.7985 1.0000e-12    240.195     81.633     40.862    26.0069    19.8367    1482.05 0.0000e+00
       1189 135.448532     41.297    10.6740  29.645275     0.7834 1.0000e-12    240.468     81.729     40.917    26.0081    19.8376    1482.05 0.0000e+00
       1190 135.448532     41.352    10.6743  29.646687     0.8010 1.0000e-12    240.721     81.820     40.972    26.0092    19.8384    1482.06 0.0000e+00
       1191 135.448532     41.407    10.6746  29.648100     0.7998 1.0000e-12    240.685     81.809     41.026    26.0104    19.8393    1482.06 0.0000e+00
       1192 135.448532     41.462    10.6748  29.649588     0.7864 1.0000e-12    240.707     81.819     41.081    26.0117    19.8403    1482.06 0.0000e+00
       1193 135.448547     41.517    10.6749  29.651159     0.7813 1.0000e-12    240.831     81.862     41.136    26.0131    19.8414    1482.07 0.0000e+00
       1194 135.448547     41.573    10.6750  29.652798     0.7990 1.0000e-12    241.043     81.936     41.190    26.0146    19.8425    1482.07 0.0000e+00
       1195 135.448547     41.628    10.6751  29.654541     0.7977 1.0000e-12    240.974     81.914     41.245    26.0161    19.8437    1482.07 0.0000e+00
       1196 135.448547     41.683    10.6753  29.656572     0.8082 1.0000e-12    240.913     81.894     41.300    26.0180    19.8451    1482.08 0.0000e+00
       1197 135.448547     41.739    10.6753  29.659046     0.8170 1.0000e-12    240.630     81.800     41.355    26.0203    19.8469    1482.08 0.0000e+00
       1198 135.448563     41.794    10.6754  29.662062     0.8048 1.0000e-12    240.755     81.845     41.410    26.0232    19.8491    1482.08 0.0000e+00
       1199 135.448563     41.850    10.6754  29.665775     0.8107 1.0000e-12    240.955     81.914     41.465    26.0267    19.8519    1482.09 0.0000e+00
       1200 135.448563     41.907    10.6755  29.670103     0.8094 1.0000e-12    240.900     81.899     41.521    26.0309    19.8551    1482.10 0.0000e+00
       1201 135.448563     41.963    10.6756  29.674847     0.8195 1.0000e-12    240.864     81.888     41.577    26.0354    19.8586    1482.10 0.0000e+00
       1202 135.448563     42.020    10.6757  29.679874     0.8023 1.0000e-12    240.882     81.897     41.633    26.0401    19.8623    1482.11 0.0000e+00
       1203 135.448578     42.077    10.6758  29.684788     0.8015 1.0000e-12    240.742     81.855     41.690    26.0448    19.8659    1482.12 0.0000e+00
       1204 135.448578     42.134    10.6760  29.689373     0.8078 1.0000e-12    240.712     81.850     41.746    26.0491    19.8692    1482.12 0.0000e+00
       1205 135.448578     42.190    10.6761  29.693785     0.8090 1.0000e-12    240.436     81.764     41.802    26.0532    19.8724    1482.13 0.0000e+00
       1206 135.448578     42.246    10.6763  29.698261     0.8245 1.0000e-12    239.833     81.565     41.857    26.0574    19.8756    1482.14 0.0000e+00
       1207 135.448578     42.301    10.6764  29.703003     0.8073 1.0000e-12    239.363     81.412     41.912    26.0619    19.8790    1482.14 0.0000e+00
       1208 135.448578     42.356    10.6766  29.707764     0.8115 1.0000e-12    238.720     81.196     41.967    26.0664    19.8825    1482.15 0.0000e+00
       1209 135.448593     42.411    10.6768  29.712076     0.8233 1.0000e-12    237.900     80.922     42.020    26.0704    19.8856    1482.16 0.0000e+00
       1210 135.448593     42.464    10.6769  29.715843     0.8220 1.0000e-12    236.971     80.609     42.074    26.0739    19.8883    1482.16 0.0000e+00
       1211 135.448593     42.518    10.6770  29.719193     0.8497 1.0000e-12    235.822     80.221     42.127    26.0771    19.8907    1482.17 0.0000e+00
       1212 135.448593     42.572    10.6772  29.722254     0.8334 1.0000e-12    234.617     79.813     42.180    26.0799    19.8929    1482.17 0.0000e+00
       1213 135.448593     42.626    10.6775  29.725121     0.8350 1.0000e-12    233.257     79.352     42.234    26.0824    19.8948    1482.18 0.0000e+00
       1214 135.448608     42.681    10.6778  29.727854     0.8464 1.0000e-12    231.633     78.801     42.288    26.0848    19.8966    1482.18 0.0000e+00
       1215 135.448608     42.735    10.6783  29.730547     0.8397 1.0000e-12    229.989     78.243     42.342    26.0871    19.8983    1482.19 0.0000e+00
       1216 135.448608     42.790    10.6789  29.733160     0.8451 1.0000e-12    228.485     77.733     42.397    26.0892    19.8998    1482.19 0.0000e+00
       1217 135.448608     42.846    10.6797  29.735777     0.8422 1.0000e-12    226.995     77.227     42.451    26.0911    19.9013    1482.20 0.0000e+00
       1218 135.448608     42.901    10.6806  29.738628     0.8350 1.0000e-12    225.618     76.760     42.507    26.0932    19.9027    1482.21 0.0000e+00
       1219 135.448624     42.957    10.6817  29.741812     0.8359 1.0000e-12    224.570     76.405     42.562    26.0955    19.9043    1482.21 0.0000e+00
       1220 135.448624     43.014    10.6829  29.745596     0.8451 1.0000e-12    223.511     76.046     42.618    26.0982    19.9063    1482.22 0.0000e+00
       1221 135.448624     43.070    10.6845  29.750067     0.8321 1.0000e-12    222.936     75.851     42.674    26.1015    19.9085    1482.23 0.0000e+00
       1222 135.448624     43.126    10.6863  29.754890     0.8405 1.0000e-12    222.437     75.682     42.729    26.1048    19.9108    1482.24 0.0000e+00
       1223 135.448624     43.182    10.6884  29.759647     0.8376 1.0000e-12    222.039     75.547     42.785    26.1079    19.9129    1482.26 0.0000e+00
       1224 135.448639     43.238    10.6907  29.763943     0.8304 1.0000e-12    221.892     75.498     42.840    26.1104    19.9145    1482.27 0.0000e+00
       1225 135.448639     43.294    10.6929  29.767628     0.8292 1.0000e-12    222.081     75.562     42.895    26.1124    19.9157    1482.28 0.0000e+00
       1226 135.448639     43.349    10.6949  29.770758     0.8183 1.0000e-12    222.337     75.650     42.950    26.1139    19.9165    1482.29 0.0000e+00
       1227 135.448639     43.404    10.6968  29.773457     0.8233 1.0000e-12    222.780     75.801     43.004    26.1152    19.9172    1482.30 0.0000e+00
       1228 135.448639     43.458    10.6984  29.775757     0.8111 1.0000e-12    223.079     75.903     43.058    26.1163    19.9178    1482.31 0.0000e+00
       1229 135.448639     43.513    10.6998  29.777628     0.8061 1.0000e-12    223.486     76.041     43.112    26.1170    19.9182    1482.31 0.0000e+00
