Loch_Etive/CTD_data_2024/sbe19p_5262_20240514_re5_1m.cnv
* Sea-Bird SBE 19plus Data File:
* FileName = C:\Data\sbe55_sbe19p_5262\2024-05-14\sbe19p_5262_20240514_RE5032.hex
* Software Version SeatermAF 2.1.4
* Temperature SN = 5262
* Conductivity SN = 5262
* System UpLoad Time = May 14 2024 10:13:20 (localtime) = May 14 2024 10:13:20 (UTC)
* ds
* SeacatPlus V 1.6b  SERIAL NO. 5262    14 May 2024  10:14:22
# nquan = 14
# nvalues = 279                         
# units = specified
# name 0 = scan: Scan Count
# name 1 = timeJ: Julian Days
# name 2 = prdM: Pressure, Strain Gauge [db]
# name 3 = tv290C: Temperature [ITS-90, deg C]
# name 4 = c0mS/cm: Conductivity [mS/cm]
# name 5 = wetStar: Fluorescence, WET Labs WETstar [mg/m^3]
# name 6 = par: PAR/Irradiance, Biospherical/Licor [umol photons/m^2/sec]
# name 7 = sbeox0Mm/L: Oxygen, SBE 43 [umol/l]
# name 8 = sbeox0PS: Oxygen, SBE 43 [% saturation]
# name 9 = depSM: Depth [salt water, m], lat = 56
# name 10 = sal00: Salinity, Practical [PSU]
# name 11 = sigma-é00: Density [sigma-theta, kg/m^3]
# name 12 = svCM: Sound Velocity [Chen-Millero, m/s]
# name 13 = flag: flag
# span 0 =        509,       5332       
# span 1 = 135.409978, 135.423933       
# span 2 =      1.000,    140.000       
# span 3 =     9.5808,    13.7867       
# span 4 =  24.807023,  34.730670       
# span 5 =     0.4646,     4.1877       
# span 6 = -1.251e-06, 2.3522e+02       
# span 7 =     33.824,    260.115       
# span 8 =     12.414,     90.572       
# span 9 =      0.991,    138.679       
# span 10 =    19.6884,    28.6920      
# span 11 =    14.4284,    21.4187      
# span 12 =    1475.36,    1496.74      
# span 13 = 0.0000e+00, 0.0000e+00      
# interval = decibars: 1                
# start_time = May 14 2024 09:48:15 [Instrument's time stamp, header]
# bad_flag = -9.990e-29
*END*
[from data line 207]
       4337 135.421052     72.000    13.3187  34.169787     0.4656 1.0000e-12     56.914     20.750     71.332    28.3407    21.1818    1494.58 0.0000e+00
       4352 135.421097     71.000    13.3027  34.136790     0.4655 1.0000e-12     57.485     20.940     70.342    28.3226    21.1708    1494.49 0.0000e+00
       4367 135.421140     70.000    13.2760  34.077237     0.4689 1.0000e-12     58.833     21.409     69.351    28.2881    21.1492    1494.34 0.0000e+00
       4382 135.421182     69.000    13.2391  34.000183     0.4670 1.0000e-12     60.085     21.838     68.361    28.2448    21.1228    1494.15 0.0000e+00
       4396 135.421224     68.000    13.2008  33.920844     0.4703 1.0000e-12     61.626     22.376     67.370    28.2005    21.0958    1493.95 0.0000e+00
       4410 135.421266     67.000    13.1595  33.842609     0.4675 1.0000e-12     63.095     22.872     66.379    28.1594    21.0718    1493.75 0.0000e+00
       4425 135.421308     66.000    13.1163  33.742423     0.4681 1.0000e-12     66.274     23.965     65.389    28.0992    21.0335    1493.51 0.0000e+00
       4439 135.421347     65.000    13.0333  33.573017     0.4729 1.0000e-12     70.378     25.370     64.398    28.0045    20.9759    1493.10 0.0000e+00
       4453 135.421388     64.000    12.9251  33.360481     0.4710 1.0000e-12     73.952     26.578     63.408    27.8879    20.9060    1492.58 0.0000e+00
       4467 135.421430     63.000    12.8191  33.162635     0.4742 1.0000e-12     79.444     28.423     62.417    27.7828    20.8444    1492.08 0.0000e+00
       4482 135.421472     62.000    12.6580  32.862287     0.4752 1.0000e-12     86.571     30.835     61.426    27.6221    20.7498    1491.32 0.0000e+00
       4496 135.421513     61.000    12.4854  32.577733     0.4776 1.0000e-12     96.060     34.052     60.436    27.4834    20.6739    1490.54 0.0000e+00
       4510 135.421556     60.000    12.3135  32.299103     0.4810 1.0000e-12    108.341     38.202     59.445    27.3485    20.6004    1489.77 0.0000e+00
       4525 135.421596     59.000    12.1095  31.965314     0.4857 1.0000e-12    114.568     40.263     58.455    27.1839    20.5092    1488.85 0.0000e+00
       4538 135.421636     58.000    11.9691  31.736396     0.4894 1.0000e-12    115.272     40.370     57.464    27.0705    20.4461    1488.21 0.0000e+00
       4552 135.421676     57.000    11.8466  31.529410     0.4872 1.0000e-12    119.826     41.775     56.474    26.9641    20.3849    1487.64 0.0000e+00
       4566 135.421715     56.000    11.6919  31.276102     0.4822 1.0000e-12    131.756     45.725     55.483    26.8363    20.3125    1486.93 0.0000e+00
       4579 135.421754     55.000    11.5119  31.012064     0.4875 1.0000e-12    158.141     54.622     54.492    26.7156    20.2496    1486.13 0.0000e+00
       4593 135.421796     54.000    11.3103  30.741101     0.5049 1.0000e-12    170.223     58.686     53.502    26.6026    20.1958    1485.26 0.0000e+00
       4607 135.421833     53.000    11.2138  30.607331     0.5516 1.0000e-12    165.801     56.946     52.511    26.5444    20.1667    1484.83 0.0000e+00
       4621 135.421874     52.000    11.1002  30.416534     0.5335 1.0000e-12    202.923     69.511     51.521    26.4434    20.1070    1484.29 0.0000e+00
       4635 135.421915     51.000    10.9642  30.255007     0.5685 1.0000e-12    217.968     74.542     50.530    26.3860    20.0847    1483.71 0.0000e+00
       4649 135.421954     50.000    10.8937  30.169000     0.6485 1.0000e-12    222.446     75.986     49.539    26.3541    20.0713    1483.41 0.0000e+00
       4662 135.421996     49.000    10.8515  30.078187     0.6996 1.0000e-12    217.674     74.255     48.548    26.2971    20.0339    1483.17 0.0000e+00
       4676 135.422034     48.000    10.8132  29.980376     0.6771 1.0000e-12    225.060     76.680     47.558    26.2305    19.9882    1482.93 0.0000e+00
       4690 135.422074     47.000    10.7672  29.899097     0.6754 1.0000e-12    235.330     80.099     46.567    26.1851    19.9604    1482.70 0.0000e+00
       4703 135.422112     46.000    10.7331  29.830138     0.7475 1.0000e-12    240.036     81.659     45.576    26.1432    19.9333    1482.51 0.0000e+00
       4717 135.422151     45.000    10.7099  29.778339     0.8062 1.0000e-12    240.590     81.826     44.586    26.1100    19.9112    1482.37 0.0000e+00
       4730 135.422191     44.000    10.7018  29.754091     0.8455 1.0000e-12    239.463     81.414     43.595    26.0927    19.8990    1482.30 0.0000e+00
       4744 135.422229     43.000    10.6958  29.721029     0.8372 1.0000e-12    238.760     81.149     42.604    26.0653    19.8786    1482.23 0.0000e+00
       4757 135.422269     42.000    10.6900  29.677293     0.8264 1.0000e-12    236.711     80.442     41.613    26.0275    19.8502    1482.15 0.0000e+00
       4770 135.422307     41.000    10.6871  29.655868     0.7800 1.0000e-12    239.659     81.407     40.623    26.0092    19.8364    1482.10 0.0000e+00
       4784 135.422346     40.000    10.6815  29.617326     0.7746 1.0000e-12    242.644     82.392     39.632    25.9762    19.8116    1482.02 0.0000e+00
       4797 135.422384     39.000    10.6786  29.563472     0.8115 1.0000e-12    242.981     82.480     38.641    25.9265    19.7735    1481.93 0.0000e+00
       4810 135.422423     38.000    10.6748  29.518485     0.8344 1.0000e-12    243.141     82.525     37.651    25.8860    19.7426    1481.85 0.0000e+00
       4824 135.422461     37.000    10.6713  29.495920     0.8425 1.0000e-12    243.659     82.685     36.660    25.8670    19.7284    1481.80 0.0000e+00
       4837 135.422502     36.000    10.6701  29.480279     0.8592 1.0000e-12    242.820     82.379     35.669    25.8531    19.7178    1481.77 0.0000e+00
       4851 135.422539     35.000    10.6644  29.448248     0.8782 1.0000e-12    243.398     82.568     34.679    25.8265    19.6980    1481.70 0.0000e+00
       4864 135.422578     34.000    10.6643  29.432074     0.8807 1.0000e-12    244.037     82.759     33.688    25.8113    19.6862    1481.66 0.0000e+00
       4878 135.422617     33.000    10.6657  29.388124     0.8762 1.0000e-12    243.751     82.641     32.697    25.7682    19.6524    1481.60 0.0000e+00
       4891 135.422655     32.000    10.6618  29.355217     0.8752 1.0000e-12    243.240     82.429     31.706    25.7394    19.6307    1481.53 0.0000e+00
       4905 135.422696     31.000    10.6498  29.319111     0.8644 1.0000e-12    243.251     82.418     30.716    25.7133    19.6122    1481.44 0.0000e+00
       4918 135.422735     30.000    10.6467  29.281192     0.8438 1.0000e-12    243.701     82.562     29.725    25.6792    19.5862    1481.37 0.0000e+00
       4932 135.422775     29.000    10.6492  29.264385     0.8459 1.0000e-12    243.111     82.316     28.734    25.6615    19.5721    1481.34 0.0000e+00
       4945 135.422812     28.000    10.6410  29.219310     0.8549 1.0000e-12    242.076     81.869     27.743    25.6241    19.5443    1481.25 0.0000e+00
       4959 135.422852     27.000    10.6156  29.136088     0.8500 1.0000e-12    241.590     81.683     26.753    25.5617    19.4998    1481.07 0.0000e+00
       4972 135.422891     26.000    10.5899  29.082563     0.8247 2.9307e-04    242.153     81.894     25.762    25.5281    19.4778    1480.92 0.0000e+00
       4985 135.422928     25.000    10.6069  29.081316     0.8023 5.7813e-03    242.475     81.937     24.771    25.5155    19.4652    1480.95 0.0000e+00
       4998 135.422966     24.000    10.6041  29.051913     0.8222 1.8043e-02    240.142     80.954     23.780    25.4893    19.4453    1480.89 0.0000e+00
       5011 135.423005     23.000    10.5291  28.920730     0.8195 3.7404e-02    238.754     80.314     22.789    25.4149    19.3992    1480.51 0.0000e+00
       5024 135.423042     22.000    10.4502  28.799244     0.7451 6.2361e-02    235.968     79.198     21.799    25.3524    19.3628    1480.13 0.0000e+00
       5037 135.423080     21.000    10.3600  28.682811     0.6924 1.0133e-01    234.207     78.501     20.808    25.3023    19.3379    1479.73 0.0000e+00
       5050 135.423116     20.000    10.2957  28.615051     0.6542 1.5115e-01    231.338     77.289     19.817    25.2815    19.3315    1479.45 0.0000e+00
       5063 135.423154     19.000    10.1952  28.490110     0.6294 2.2134e-01    227.612     75.903     18.826    25.2298    19.3066    1479.00 0.0000e+00
       5076 135.423191     18.000    10.0908  28.376535     0.5896 3.1933e-01    227.307     75.645     17.835    25.1918    19.2928    1478.55 0.0000e+00
       5089 135.423231     17.000    10.0147  28.272854     0.5643 4.4944e-01    225.628     75.098     16.845    25.1435    19.2667    1478.20 0.0000e+00
       5103 135.423268     16.000     9.9899  28.238224     0.5527 6.2519e-01    227.507     75.527     15.854    25.1271    19.2576    1478.07 0.0000e+00
       5116 135.423307     15.000     9.9630  28.140961     0.5507 8.6976e-01    221.154     73.203     14.863    25.0507    19.2022    1477.86 0.0000e+00
       5129 135.423345     14.000     9.8281  27.981992     0.5488 1.2015e+00    218.603     72.215     13.872    24.9884    19.1736    1477.27 0.0000e+00
       5142 135.423384     13.000     9.7423  27.852208     0.5315 1.6385e+00    220.746     72.855     12.881    24.9204    19.1332    1476.85 0.0000e+00
       5155 135.423419     12.000     9.7104  27.766671     0.5221 2.2814e+00    221.842     73.223     11.890    24.8584    19.0896    1476.64 0.0000e+00
       5167 135.423457     11.000     9.7024  27.726302     0.5161 3.1669e+00    224.141     73.982     10.900    24.8245    19.0643    1476.55 0.0000e+00
       5180 135.423492     10.000     9.7175  27.706658     0.5175 4.2552e+00    226.399     74.857      9.909    24.7951    19.0392    1476.56 0.0000e+00
       5192 135.423527      9.000     9.7651  27.722733     0.5144 5.8489e+00    231.887     76.654      8.918    24.7786    19.0194    1476.70 0.0000e+00
       5205 135.423565      8.000     9.8229  27.712424     0.5255 8.1441e+00    232.281     76.572      7.927    24.7291    18.9724    1476.84 0.0000e+00
       5218 135.423600      7.000     9.7750  27.546371     0.5409 1.1607e+01    230.590     75.842      6.936    24.5991    18.8781    1476.49 0.0000e+00
       5233 135.423645      6.000     9.6731  27.340972     0.5816 1.5778e+01    228.417     74.960      5.945    24.4667    18.7898    1475.93 0.0000e+00
       5249 135.423694      5.000     9.6002  27.154307     0.7165 2.3956e+01    227.887     74.763      4.954    24.3326    18.6959    1475.48 0.0000e+00
       5266 135.423743      4.000     9.6281  27.001578     1.1910 4.0050e+01    227.980     75.272      3.964    24.1637    18.5603    1475.36 0.0000e+00
       5283 135.423792      3.000     9.9723  27.032507     2.1517 6.7833e+01    243.393     82.605      2.973    23.9653    18.3557    1476.38 0.0000e+00
       5306 135.423857      2.000    12.3019  25.973090     3.5769 1.2327e+02    259.715     90.461      1.982    21.5715    16.1327    1481.89 0.0000e+00
       5332 135.423933      1.000    13.7867  24.807023     3.8943 2.3522e+02    257.214     89.858      0.991    19.6884    14.4284    1484.85 0.0000e+00
