Loch_Etive/CTD_data_2024/sbe19p_5262_20240514_re8.cnv
* Sea-Bird SBE 19plus Data File:
* FileName = C:\Data\sbe55_sbe19p_5262\2024-05-14\sbe19p_5262_20240514_RE8034.hex
* Software Version SeatermAF 2.1.4
* Temperature SN = 5262
* Conductivity SN = 5262
* System UpLoad Time = May 14 2024 13:11:51 (localtime) = May 14 2024 13:11:51 (UTC)
* ds
* SeacatPlus V 1.6b  SERIAL NO. 5262    14 May 2024  13:12:58
# nquan = 14                                
# nvalues = 2080                        
# units = specified
# name 0 = scan: Scan Count
# name 1 = timeJ: Julian Days
# name 2 = prdM: Pressure, Strain Gauge [db]
# name 3 = tv290C: Temperature [ITS-90, deg C]
# name 4 = c0mS/cm: Conductivity [mS/cm]
# name 5 = wetStar: Fluorescence, WET Labs WETstar [mg/m^3]
# name 6 = par: PAR/Irradiance, Biospherical/Licor [umol photons/m^2/sec]
# name 7 = sbeox0Mm/L: Oxygen, SBE 43 [umol/l]
# name 8 = sbeox0PS: Oxygen, SBE 43 [% saturation]
# name 9 = depSM: Depth [salt water, m], lat = 56
# name 10 = sal00: Salinity, Practical [PSU]
# name 11 = sigma-é00: Density [sigma-theta, kg/m^3]
# name 12 = svCM: Sound Velocity [Chen-Millero, m/s]
# name 13 = flag: flag
# span 0 =        301,       2380       
# span 1 = 135.542511, 135.548523       
# span 2 =     -0.335,     35.920       
# span 3 =     9.4574,    10.9785       
# span 4 =   1.503691,  36.141518       
# span 5 =     0.1288,     2.2676       
# span 6 = 1.8587e-01, 5.8876e+02       
# span 7 =    241.626,    294.695       
# span 8 =     70.720,     91.626       
# span 9 =     -0.332,     35.590       
# span 10 =     1.0804,    33.2902      
# span 11 =     0.5436,    25.7070      
# span 12 =    1448.95,    1487.12      
# span 13 = 0.0000e+00, 0.0000e+00      
# interval = seconds: 0.25
# start_time = May 14 2024 12:59:58 [Instrument's time stamp, header]
# bad_flag = -9.990e-29
*END*
[from data line 930]
       1231 135.545197     32.117     9.4899  35.957825     0.4523 4.1234e-01    248.032     86.006     31.822    33.2805    25.6941    1486.41 0.0000e+00
       1232 135.545212     32.171     9.4898  35.957760     0.7574 3.9583e-01    247.989     85.990     31.876    33.2805    25.6942    1486.42 0.0000e+00
       1233 135.545212     32.225     9.4896  35.957642     0.4847 3.8357e-01    248.065     86.014     31.929    33.2805    25.6942    1486.42 0.0000e+00
       1234 135.545212     32.279     9.4894  35.957394     0.4326 3.8283e-01    247.618     85.858     31.983    33.2804    25.6942    1486.42 0.0000e+00
       1235 135.545212     32.333     9.4892  35.957058     0.4733 3.7914e-01    247.591     85.848     32.036    33.2803    25.6941    1486.42 0.0000e+00
       1236 135.545212     32.386     9.4889  35.956730     0.4616 3.7971e-01    247.619     85.858     32.089    33.2802    25.6941    1486.42 0.0000e+00
       1237 135.545227     32.438     9.4885  35.956413     0.4498 3.7800e-01    247.759     85.906     32.141    33.2802    25.6941    1486.41 0.0000e+00
       1238 135.545227     32.490     9.4882  35.956085     0.4511 3.7890e-01    247.706     85.885     32.192    33.2802    25.6942    1486.41 0.0000e+00
       1239 135.545227     32.541     9.4878  35.955772     0.5405 3.7395e-01    247.804     85.916     32.243    33.2801    25.6942    1486.41 0.0000e+00
       1240 135.545227     32.592     9.4875  35.955509     0.4758 3.7194e-01    247.924     85.955     32.293    33.2801    25.6943    1486.41 0.0000e+00
       1241 135.545227     32.642     9.4872  35.955303     0.4830 3.7057e-01    248.051     85.997     32.342    33.2802    25.6943    1486.41 0.0000e+00
       1242 135.545227     32.692     9.4869  35.955128     0.5170 3.7767e-01    248.070     86.002     32.392    33.2802    25.6944    1486.41 0.0000e+00
       1243 135.545242     32.742     9.4867  35.954880     0.4884 3.6881e-01    247.914     85.946     32.441    33.2802    25.6944    1486.41 0.0000e+00
       1244 135.545242     32.792     9.4864  35.954472     0.5082 3.5981e-01    247.808     85.907     32.491    33.2800    25.6944    1486.41 0.0000e+00
       1245 135.545242     32.844     9.4860  35.953884     0.4502 3.5841e-01    247.737     85.879     32.542    33.2798    25.6942    1486.41 0.0000e+00
       1246 135.545242     32.896     9.4854  35.953140     0.4993 3.5693e-01    247.677     85.856     32.594    33.2795    25.6941    1486.41 0.0000e+00
       1247 135.545242     32.949     9.4847  35.952374     0.4788 3.4923e-01    247.387     85.754     32.646    33.2794    25.6941    1486.41 0.0000e+00
       1248 135.545258     33.002     9.4839  35.951599     0.5358 3.5022e-01    247.251     85.706     32.699    33.2793    25.6942    1486.41 0.0000e+00
       1249 135.545258     33.056     9.4830  35.950806     0.5350 3.4884e-01    247.045     85.635     32.752    33.2793    25.6943    1486.40 0.0000e+00
       1250 135.545258     33.108     9.4821  35.950096     0.4570 3.4211e-01    246.676     85.506     32.805    33.2793    25.6945    1486.40 0.0000e+00
       1251 135.545258     33.161     9.4812  35.949558     0.4519 3.3327e-01    246.475     85.436     32.856    33.2796    25.6949    1486.40 0.0000e+00
       1252 135.545258     33.212     9.4804  35.949158     0.4469 3.2067e-01    246.212     85.345     32.907    33.2799    25.6952    1486.40 0.0000e+00
       1253 135.545273     33.263     9.4797  35.948811     0.4570 3.2569e-01    245.933     85.248     32.958    33.2802    25.6956    1486.40 0.0000e+00
       1254 135.545273     33.315     9.4791  35.948349     0.4788 3.2677e-01    245.485     85.092     33.009    33.2803    25.6957    1486.39 0.0000e+00
       1255 135.545273     33.366     9.4784  35.947670     0.4679 3.1500e-01    245.439     85.076     33.060    33.2802    25.6958    1486.39 0.0000e+00
       1256 135.545273     33.418     9.4775  35.946838     0.4532 3.2031e-01    245.311     85.031     33.111    33.2802    25.6959    1486.39 0.0000e+00
       1257 135.545273     33.470     9.4764  35.945992     0.4326 3.1122e-01    245.480     85.089     33.163    33.2803    25.6962    1486.39 0.0000e+00
       1258 135.545288     33.522     9.4752  35.945244     0.4225 3.0727e-01    245.706     85.167     33.214    33.2806    25.6966    1486.38 0.0000e+00
       1259 135.545288     33.573     9.4740  35.944557     0.4356 3.0514e-01    245.743     85.180     33.265    33.2810    25.6971    1486.38 0.0000e+00
       1260 135.545288     33.625     9.4729  35.943848     0.4402 3.0030e-01    245.961     85.255     33.316    33.2813    25.6975    1486.38 0.0000e+00
       1261 135.545288     33.676     9.4718  35.943031     0.4574 3.0350e-01    246.162     85.325     33.367    33.2814    25.6978    1486.38 0.0000e+00
       1262 135.545288     33.727     9.4706  35.942188     0.4616 2.9996e-01    246.521     85.449     33.417    33.2816    25.6982    1486.37 0.0000e+00
       1263 135.545288     33.779     9.4694  35.941475     0.4578 2.9619e-01    246.600     85.476     33.469    33.2819    25.6986    1486.37 0.0000e+00
       1264 135.545303     33.831     9.4683  35.940960     0.4595 2.9565e-01    246.648     85.493     33.521    33.2824    25.6991    1486.37 0.0000e+00
       1265 135.545303     33.884     9.4674  35.940632     0.4339 2.8679e-01    246.630     85.486     33.573    33.2829    25.6997    1486.36 0.0000e+00
       1266 135.545303     33.937     9.4667  35.940441     0.4330 2.8994e-01    246.624     85.484     33.625    33.2834    25.7002    1486.36 0.0000e+00
       1267 135.545303     33.990     9.4661  35.940300     0.4154 2.7928e-01    246.712     85.514     33.678    33.2837    25.7005    1486.36 0.0000e+00
       1268 135.545303     34.041     9.4657  35.940151     0.4574 2.7692e-01    246.736     85.522     33.729    33.2839    25.7007    1486.36 0.0000e+00
       1269 135.545319     34.092     9.4654  35.940006     0.6978 2.7622e-01    246.285     85.365     33.779    33.2840    25.7009    1486.36 0.0000e+00
       1270 135.545319     34.142     9.4651  35.939873     0.4708 2.6528e-01    246.194     85.332     33.829    33.2841    25.7010    1486.36 0.0000e+00
       1271 135.545319     34.192     9.4649  35.939754     0.4305 2.6987e-01    246.059     85.285     33.878    33.2842    25.7011    1486.36 0.0000e+00
       1272 135.545319     34.241     9.4647  35.939667     0.4322 2.6246e-01    245.890     85.226     33.927    33.2843    25.7012    1486.36 0.0000e+00
       1273 135.545319     34.291     9.4644  35.939602     0.4868 2.6429e-01    245.703     85.161     33.976    33.2844    25.7014    1486.36 0.0000e+00
       1274 135.545334     34.340     9.4642  35.939533     0.4712 2.6417e-01    245.712     85.164     34.025    33.2845    25.7015    1486.36 0.0000e+00
       1275 135.545334     34.390     9.4640  35.939472     0.4628 2.5640e-01    245.826     85.203     34.074    33.2846    25.7016    1486.36 0.0000e+00
       1276 135.545334     34.439     9.4638  35.939438     0.4175 2.5151e-01    245.875     85.220     34.122    33.2847    25.7017    1486.36 0.0000e+00
       1277 135.545334     34.488     9.4637  35.939419     0.4217 2.4974e-01    245.849     85.211     34.171    33.2849    25.7018    1486.36 0.0000e+00
       1278 135.545334     34.536     9.4635  35.939404     0.4188 2.5080e-01    245.821     85.202     34.219    33.2850    25.7019    1486.36 0.0000e+00
       1279 135.545334     34.584     9.4634  35.939377     0.4146 2.4775e-01    245.770     85.185     34.267    33.2850    25.7020    1486.36 0.0000e+00
       1280 135.545349     34.632     9.4633  35.939327     0.4225 2.4524e-01    245.561     85.113     34.314    33.2850    25.7020    1486.36 0.0000e+00
       1281 135.545349     34.679     9.4632  35.939274     0.4402 2.4241e-01    245.554     85.111     34.360    33.2851    25.7021    1486.36 0.0000e+00
       1282 135.545349     34.725     9.4630  35.939213     0.4620 2.3829e-01    245.268     85.013     34.407    33.2852    25.7022    1486.37 0.0000e+00
       1283 135.545349     34.771     9.4628  35.939125     0.4322 2.3495e-01    245.128     84.966     34.452    33.2852    25.7023    1486.37 0.0000e+00
       1284 135.545349     34.815     9.4626  35.939018     0.4175 2.3478e-01    244.991     84.918     34.495    33.2853    25.7023    1486.37 0.0000e+00
       1285 135.545364     34.858     9.4624  35.938885     0.4246 2.3344e-01    245.079     84.950     34.538    33.2853    25.7024    1486.37 0.0000e+00
       1286 135.545364     34.900     9.4622  35.938770     0.5107 2.3126e-01    245.073     84.947     34.579    33.2854    25.7025    1486.37 0.0000e+00
       1287 135.545364     34.940     9.4619  35.938694     0.5862 2.2987e-01    245.055     84.939     34.619    33.2856    25.7027    1486.37 0.0000e+00
       1288 135.545364     34.980     9.4616  35.938637     0.5803 2.2439e-01    245.382     85.051     34.659    33.2858    25.7029    1486.36 0.0000e+00
       1289 135.545364     35.018     9.4613  35.938564     0.5623 2.2531e-01    245.473     85.082     34.697    33.2859    25.7030    1486.36 0.0000e+00
       1290 135.545380     35.055     9.4611  35.938484     0.5203 2.2335e-01    245.702     85.160     34.733    33.2860    25.7032    1486.36 0.0000e+00
       1291 135.545380     35.090     9.4609  35.938408     0.5056 2.2103e-01    245.747     85.176     34.768    33.2861    25.7033    1486.36 0.0000e+00
       1292 135.545380     35.122     9.4608  35.938381     0.5409 2.2200e-01    245.882     85.223     34.800    33.2862    25.7034    1486.36 0.0000e+00
       1293 135.545380     35.151     9.4607  35.938446     0.4595 2.2114e-01    245.981     85.258     34.829    33.2863    25.7035    1486.37 0.0000e+00
       1294 135.545380     35.177     9.4607  35.938572     0.4884 2.1867e-01    245.996     85.263     34.854    33.2864    25.7036    1486.37 -9.990e-29
       1295 135.545395     35.198     9.4608  35.938725     0.4855 2.1527e-01    246.103     85.299     34.875    33.2865    25.7036    1486.37 -9.990e-29
       1296 135.545395     35.216     9.4609  35.938919     0.5426 2.1438e-01    245.964     85.251     34.892    33.2866    25.7037    1486.37 -9.990e-29
       1297 135.545395     35.230     9.4611  35.939175     0.4721 2.1296e-01    246.000     85.263     34.907    33.2867    25.7037    1486.37 -9.990e-29
       1298 135.545395     35.243     9.4613  35.939468     0.4821 2.1233e-01    246.036     85.275     34.919    33.2867    25.7037    1486.37 -9.990e-29
       1299 135.545395     35.254     9.4616  35.939739     0.4578 2.1496e-01    245.831     85.203     34.930    33.2867    25.7036    1486.37 -9.990e-29
       1300 135.545395     35.264     9.4620  35.939945     0.4473 2.1475e-01    245.669     85.147     34.940    33.2866    25.7035    1486.37 -9.990e-29
       1301 135.545410     35.275     9.4623  35.940037     0.4469 2.1207e-01    245.670     85.147     34.951    33.2865    25.7033    1486.37 -9.990e-29
       1302 135.545410     35.286     9.4625  35.939995     0.4238 2.1270e-01    245.500     85.088     34.962    33.2862    25.7031    1486.37 -9.990e-29
       1303 135.545410     35.299     9.4626  35.939804     0.4087 2.1375e-01    245.330     85.029     34.975    33.2859    25.7029    1486.37 -9.990e-29
       1304 135.545410     35.315     9.4625  35.939465     0.4112 2.1207e-01    245.115     84.955     34.991    33.2857    25.7027    1486.37 -9.990e-29
       1305 135.545410     35.334     9.4622  35.939114     0.4146 2.0999e-01    244.986     84.909     35.009    33.2856    25.7027    1486.37 -9.990e-29
       1306 135.545425     35.355     9.4617  35.938881     0.4536 2.1030e-01    244.681     84.803     35.030    33.2857    25.7028    1486.37 -9.990e-29
       1307 135.545425     35.377     9.4613  35.938778     0.4758 2.1144e-01    245.042     84.928     35.052    33.2860    25.7031    1486.37 -9.990e-29
       1308 135.545425     35.401     9.4610  35.938778     0.4897 2.1004e-01    244.789     84.840     35.075    33.2863    25.7034    1486.37 -9.990e-29
       1309 135.545425     35.424     9.4608  35.938862     0.4200 2.0541e-01    244.752     84.827     35.099    33.2866    25.7037    1486.37 -9.990e-29
       1310 135.545425     35.449     9.4606  35.938957     0.4364 2.0307e-01    244.637     84.787     35.123    33.2868    25.7039    1486.37 -9.990e-29
       1311 135.545441     35.474     9.4605  35.939003     0.4570 2.0434e-01    244.690     84.806     35.148    33.2869    25.7040    1486.37 0.0000e+00
       1312 135.545441     35.501     9.4604  35.938992     0.5350 2.0669e-01    244.674     84.800     35.175    33.2870    25.7041    1486.37 0.0000e+00
       1313 135.545441     35.530     9.4602  35.938938     0.4653 2.0551e-01    244.552     84.758     35.203    33.2871    25.7042    1486.37 0.0000e+00
       1314 135.545441     35.559     9.4600  35.938866     0.4519 2.0536e-01    244.423     84.713     35.233    33.2872    25.7043    1486.37 0.0000e+00
       1315 135.545441     35.590     9.4597  35.938805     0.4276 2.0256e-01    244.305     84.672     35.263    33.2874    25.7045    1486.37 0.0000e+00
       1316 135.545456     35.620     9.4595  35.938782     0.4293 2.0459e-01    244.460     84.727     35.293    33.2876    25.7047    1486.37 0.0000e+00
       1317 135.545456     35.651     9.4592  35.938801     0.5199 1.9904e-01    244.532     84.751     35.323    33.2878    25.7049    1486.37 0.0000e+00
       1318 135.545456     35.680     9.4590  35.938889     0.4326 1.9671e-01    244.503     84.741     35.352    33.2881    25.7051    1486.37 0.0000e+00
       1319 135.545456     35.708     9.4588  35.939034     0.4456 1.9785e-01    244.668     84.798     35.380    33.2884    25.7054    1486.37 0.0000e+00
       1320 135.545456     35.736     9.4587  35.939186     0.4653 1.9839e-01    244.828     84.853     35.408    33.2887    25.7057    1486.37 0.0000e+00
       1321 135.545456     35.763     9.4585  35.939266     0.4410 1.9666e-01    244.776     84.835     35.434    33.2889    25.7059    1486.37 0.0000e+00
       1322 135.545471     35.789     9.4583  35.939243     0.4305 1.9562e-01    244.836     84.856     35.460    33.2891    25.7060    1486.37 0.0000e+00
       1323 135.545471     35.814     9.4581  35.939178     0.5757 1.9277e-01    244.829     84.854     35.485    33.2892    25.7061    1486.37 -9.990e-29
       1324 135.545471     35.838     9.4579  35.939133     0.4255 1.9444e-01    244.876     84.871     35.508    33.2893    25.7063    1486.37 -9.990e-29
       1325 135.545471     35.858     9.4577  35.939156     0.4196 1.8769e-01    244.975     84.906     35.529    33.2895    25.7065    1486.37 -9.990e-29
       1326 135.545471     35.875     9.4575  35.939213     0.4935 1.8903e-01    245.030     84.926     35.546    33.2897    25.7067    1486.37 -9.990e-29
       1327 135.545486     35.888     9.4574  35.939266     0.5165 1.9053e-01    244.994     84.913     35.559    33.2899    25.7068    1486.37 -9.990e-29
       1328 135.545486     35.899     9.4574  35.939266     0.4574 1.8774e-01    244.829     84.856     35.569    33.2899    25.7068    1486.37 -9.990e-29
       1329 135.545486     35.906     9.4574  35.939232     0.4381 1.8942e-01    244.730     84.823     35.576    33.2898    25.7068    1486.37 -9.990e-29
       1330 135.545486     35.912     9.4574  35.939205     0.4364 1.9068e-01    244.898     84.881     35.582    33.2898    25.7067    1486.37 -9.990e-29
       1331 135.545486     35.916     9.4575  35.939209     0.4603 1.8918e-01    244.748     84.829     35.586    33.2898    25.7067    1486.37 -9.990e-29
       1332 135.545502     35.919     9.4575  35.939236     0.5035 1.9029e-01    244.790     84.844     35.589    33.2898    25.7067    1486.37 -9.990e-29
