Loch_Etive/CTD_data_2024/sbe19p_5262_20240514_re8.cnv
* Sea-Bird SBE 19plus Data File:
* FileName = C:\Data\sbe55_sbe19p_5262\2024-05-14\sbe19p_5262_20240514_RE8034.hex
* Software Version SeatermAF 2.1.4
* Temperature SN = 5262
* Conductivity SN = 5262
* System UpLoad Time = May 14 2024 13:11:51 (localtime) = May 14 2024 13:11:51 (UTC)
* ds
* SeacatPlus V 1.6b  SERIAL NO. 5262    14 May 2024  13:12:58
# nquan = 14                                
# nvalues = 2080                        
# units = specified
# name 0 = scan: Scan Count
# name 1 = timeJ: Julian Days
# name 2 = prdM: Pressure, Strain Gauge [db]
# name 3 = tv290C: Temperature [ITS-90, deg C]
# name 4 = c0mS/cm: Conductivity [mS/cm]
# name 5 = wetStar: Fluorescence, WET Labs WETstar [mg/m^3]
# name 6 = par: PAR/Irradiance, Biospherical/Licor [umol photons/m^2/sec]
# name 7 = sbeox0Mm/L: Oxygen, SBE 43 [umol/l]
# name 8 = sbeox0PS: Oxygen, SBE 43 [% saturation]
# name 9 = depSM: Depth [salt water, m], lat = 56
# name 10 = sal00: Salinity, Practical [PSU]
# name 11 = sigma-é00: Density [sigma-theta, kg/m^3]
# name 12 = svCM: Sound Velocity [Chen-Millero, m/s]
# name 13 = flag: flag
# span 0 =        301,       2380       
# span 1 = 135.542511, 135.548523       
# span 2 =     -0.335,     35.920       
# span 3 =     9.4574,    10.9785       
# span 4 =   1.503691,  36.141518       
# span 5 =     0.1288,     2.2676       
# span 6 = 1.8587e-01, 5.8876e+02       
# span 7 =    241.626,    294.695       
# span 8 =     70.720,     91.626       
# span 9 =     -0.332,     35.590       
# span 10 =     1.0804,    33.2902      
# span 11 =     0.5436,    25.7070      
# span 12 =    1448.95,    1487.12      
# span 13 = 0.0000e+00, 0.0000e+00      
# interval = seconds: 0.25
# start_time = May 14 2024 12:59:58 [Instrument's time stamp, header]
# bad_flag = -9.990e-29
*END*
[from data line 1549]
       1850 135.546997     16.502     9.5973  36.026031     0.7293 6.0373e+00    250.680     87.134     16.351    33.2580    25.6588    1486.52 0.0000e+00
       1851 135.546997     16.462     9.5973  36.026077     0.7998 6.0255e+00    250.326     87.011     16.311    33.2580    25.6588    1486.52 0.0000e+00
       1852 135.546997     16.421     9.5973  36.026058     0.6676 6.0019e+00    250.503     87.072     16.271    33.2580    25.6588    1486.52 0.0000e+00
       1853 135.546997     16.380     9.5973  36.025993     0.7557 6.0190e+00    250.470     87.062     16.231    33.2580    25.6588    1486.52 0.0000e+00
       1854 135.547012     16.340     9.5974  36.025879     0.6626 6.1688e+00    250.548     87.089     16.190    33.2579    25.6587    1486.52 0.0000e+00
       1855 135.547012     16.300     9.5974  36.025768     0.7251 6.0664e+00    250.649     87.125     16.151    33.2577    25.6586    1486.52 0.0000e+00
       1856 135.547012     16.260     9.5974  36.025761     0.7415 6.1098e+00    250.524     87.081     16.111    33.2577    25.6586    1486.52 0.0000e+00
       1857 135.547012     16.220     9.5975  36.025837     0.6773 6.1240e+00    250.534     87.084     16.072    33.2578    25.6586    1486.52 0.0000e+00
       1858 135.547012     16.181     9.5975  36.025925     0.7146 6.1964e+00    250.270     86.993     16.033    33.2578    25.6586    1486.52 0.0000e+00
       1859 135.547012     16.141     9.5976  36.026035     0.7582 6.2540e+00    250.458     87.057     15.993    33.2579    25.6587    1486.52 0.0000e+00
       1860 135.547028     16.101     9.5977  36.026245     0.7817 6.3618e+00    250.286     86.997     15.953    33.2580    25.6587    1486.52 0.0000e+00
       1861 135.547028     16.060     9.5979  36.026550     0.7876 6.3111e+00    250.007     86.900     15.913    33.2582    25.6588    1486.52 0.0000e+00
       1862 135.547028     16.019     9.5982  36.026882     0.7838 6.3834e+00    250.152     86.951     15.873    33.2583    25.6588    1486.52 0.0000e+00
       1863 135.547028     15.978     9.5986  36.027176     0.7973 6.4005e+00    250.229     86.978     15.832    33.2582    25.6588    1486.52 0.0000e+00
       1864 135.547028     15.937     9.5989  36.027328     0.7834 6.4176e+00    250.464     87.060     15.792    33.2581    25.6586    1486.52 0.0000e+00
       1865 135.547043     15.897     9.5992  36.027271     0.9240 6.5247e+00    250.452     87.056     15.751    33.2578    25.6583    1486.52 0.0000e+00
       1866 135.547043     15.856     9.5994  36.027050     0.9609 6.5842e+00    250.859     87.197     15.711    33.2574    25.6580    1486.52 0.0000e+00
       1867 135.547043     15.816     9.5994  36.026829     0.7482 6.6466e+00    250.891     87.209     15.671    33.2572    25.6578    1486.52 0.0000e+00
       1868 135.547043     15.775     9.5993  36.026749     0.7234 6.6430e+00    251.150     87.298     15.631    33.2572    25.6578    1486.52 0.0000e+00
       1869 135.547043     15.735     9.5993  36.026798     0.6789 6.8312e+00    251.236     87.329     15.591    33.2573    25.6579    1486.52 0.0000e+00
       1870 135.547058     15.695     9.5993  36.026913     0.6504 6.8372e+00    251.175     87.309     15.551    33.2574    25.6580    1486.52 0.0000e+00
       1871 135.547058     15.655     9.5995  36.026962     0.6378 6.8824e+00    251.002     87.251     15.512    33.2574    25.6579    1486.52 0.0000e+00
       1872 135.547058     15.615     9.5996  36.026920     0.6638 6.8946e+00    250.878     87.208     15.473    33.2572    25.6577    1486.52 0.0000e+00
       1873 135.547058     15.576     9.5998  36.026840     0.6668 6.9822e+00    250.809     87.185     15.434    33.2570    25.6576    1486.51 0.0000e+00
       1874 135.547058     15.537     9.5998  36.026722     0.6571 7.0071e+00    250.660     87.133     15.395    33.2568    25.6574    1486.51 0.0000e+00
       1875 135.547073     15.499     9.5998  36.026558     0.7436 7.0484e+00    250.606     87.114     15.357    33.2567    25.6573    1486.51 0.0000e+00
       1876 135.547073     15.461     9.5997  36.026417     0.6458 7.1075e+00    250.565     87.099     15.320    33.2566    25.6573    1486.51 0.0000e+00
       1877 135.547073     15.423     9.5996  36.026302     0.7465 7.1722e+00    250.811     87.185     15.282    33.2566    25.6573    1486.51 0.0000e+00
       1878 135.547073     15.384     9.5996  36.026234     0.7071 7.1914e+00    250.760     87.167     15.244    33.2566    25.6573    1486.51 0.0000e+00
       1879 135.547073     15.346     9.5996  36.026199     0.7368 7.2801e+00    250.895     87.214     15.206    33.2566    25.6573    1486.51 0.0000e+00
       1880 135.547073     15.307     9.5996  36.026218     0.7050 7.2286e+00    251.064     87.274     15.168    33.2566    25.6573    1486.51 0.0000e+00
       1881 135.547089     15.268     9.5997  36.026299     0.8531 7.4186e+00    251.157     87.306     15.129    33.2566    25.6573    1486.51 0.0000e+00
       1882 135.547089     15.229     9.5998  36.026375     0.8002 7.3256e+00    251.344     87.371     15.090    33.2566    25.6573    1486.51 0.0000e+00
       1883 135.547089     15.189     9.6000  36.026386     0.7163 7.3896e+00    251.157     87.306     15.050    33.2565    25.6572    1486.51 0.0000e+00
       1884 135.547089     15.148     9.6001  36.026405     0.7704 7.4662e+00    251.156     87.306     15.009    33.2565    25.6571    1486.51 0.0000e+00
       1885 135.547089     15.105     9.6002  36.026543     0.7029 7.5529e+00    250.926     87.226     14.967    33.2565    25.6571    1486.51 0.0000e+00
       1886 135.547104     15.062     9.6003  36.026829     0.6663 7.4968e+00    250.729     87.158     14.925    33.2567    25.6573    1486.51 0.0000e+00
       1887 135.547104     15.018     9.6006  36.027206     0.6622 7.6162e+00    250.554     87.098     14.881    33.2569    25.6573    1486.51 0.0000e+00
       1888 135.547104     14.975     9.6009  36.027565     0.7360 7.6542e+00    250.209     86.978     14.838    33.2569    25.6573    1486.51 0.0000e+00
       1889 135.547104     14.932     9.6013  36.027843     0.6953 7.7734e+00    250.042     86.922     14.796    33.2568    25.6572    1486.51 0.0000e+00
       1890 135.547104     14.890     9.6017  36.028023     0.7054 7.8567e+00    250.036     86.920     14.754    33.2567    25.6570    1486.51 0.0000e+00
       1891 135.547119     14.850     9.6020  36.028061     0.8434 7.9057e+00    250.141     86.957     14.714    33.2565    25.6568    1486.51 0.0000e+00
       1892 135.547119     14.810     9.6021  36.028015     0.8313 7.8874e+00    250.394     87.047     14.675    33.2563    25.6567    1486.51 0.0000e+00
       1893 135.547119     14.771     9.6022  36.027988     0.7280 7.9296e+00    250.600     87.119     14.636    33.2562    25.6566    1486.51 0.0000e+00
       1894 135.547119     14.732     9.6023  36.027977     0.7226 8.0530e+00    250.800     87.190     14.598    33.2562    25.6565    1486.51 0.0000e+00
       1895 135.547119     14.692     9.6023  36.027981     0.7192 8.0702e+00    251.100     87.295     14.558    33.2562    25.6565    1486.51 0.0000e+00
       1896 135.547119     14.652     9.6024  36.028034     0.7574 8.2264e+00    251.181     87.325     14.518    33.2562    25.6565    1486.51 0.0000e+00
       1897 135.547134     14.612     9.6025  36.028133     0.7775 8.2469e+00    251.180     87.325     14.478    33.2562    25.6565    1486.51 0.0000e+00
       1898 135.547134     14.572     9.6026  36.028152     0.6794 8.2556e+00    251.254     87.351     14.438    33.2561    25.6564    1486.51 0.0000e+00
       1899 135.547134     14.532     9.6028  36.028076     0.6836 8.4318e+00    251.366     87.391     14.399    33.2559    25.6562    1486.51 0.0000e+00
       1900 135.547134     14.493     9.6029  36.028011     0.6760 8.4513e+00    251.264     87.357     14.360    33.2557    25.6561    1486.51 0.0000e+00
       1901 135.547134     14.454     9.6030  36.028004     0.6508 8.4020e+00    251.198     87.335     14.322    33.2556    25.6560    1486.51 0.0000e+00
       1902 135.547150     14.416     9.6032  36.028049     0.6659 8.5539e+00    251.139     87.316     14.285    33.2556    25.6559    1486.51 0.0000e+00
       1903 135.547150     14.378     9.6033  36.028107     0.6991 8.4468e+00    251.074     87.295     14.247    33.2555    25.6558    1486.51 0.0000e+00
       1904 135.547150     14.339     9.6036  36.028236     0.8145 8.4289e+00    251.150     87.322     14.208    33.2554    25.6557    1486.51 0.0000e+00
       1905 135.547150     14.300     9.6038  36.028500     0.8006 8.6164e+00    251.131     87.315     14.169    33.2555    25.6557    1486.51 0.0000e+00
       1906 135.547150     14.259     9.6042  36.028809     0.7935 8.7086e+00    251.049     87.286     14.129    33.2555    25.6557    1486.51 0.0000e+00
       1907 135.547165     14.218     9.6046  36.029076     0.7209 8.7163e+00    251.244     87.353     14.089    33.2554    25.6555    1486.51 0.0000e+00
       1908 135.547165     14.177     9.6051  36.029320     0.7012 8.7846e+00    251.316     87.379     14.048    33.2552    25.6553    1486.51 0.0000e+00
       1909 135.547165     14.136     9.6056  36.029587     0.6697 8.8786e+00    251.223     87.348     14.007    33.2550    25.6551    1486.51 0.0000e+00
       1910 135.547165     14.096     9.6062  36.029858     0.7335 9.0118e+00    251.170     87.330     13.967    33.2548    25.6548    1486.51 0.0000e+00
       1911 135.547165     14.056     9.6068  36.030125     0.8086 8.9259e+00    250.996     87.271     13.927    33.2546    25.6545    1486.51 0.0000e+00
       1912 135.547180     14.017     9.6074  36.030430     0.7100 9.0166e+00    250.992     87.272     13.889    33.2543    25.6542    1486.51 0.0000e+00
       1913 135.547180     13.978     9.6080  36.030781     0.6936 9.0326e+00    251.073     87.302     13.850    33.2542    25.6540    1486.52 0.0000e+00
       1914 135.547180     13.938     9.6086  36.031105     0.7280 9.0150e+00    250.929     87.253     13.811    33.2539    25.6537    1486.52 0.0000e+00
       1915 135.547180     13.899     9.6092  36.031338     0.7696 9.1406e+00    251.052     87.296     13.772    33.2536    25.6534    1486.52 0.0000e+00
       1916 135.547180     13.858     9.6097  36.031559     0.7532 9.2679e+00    251.020     87.286     13.732    33.2533    25.6531    1486.52 0.0000e+00
       1917 135.547180     13.817     9.6103  36.031853     0.7763 9.2761e+00    251.188     87.345     13.691    33.2532    25.6528    1486.52 0.0000e+00
       1918 135.547195     13.774     9.6109  36.032204     0.7524 9.3886e+00    251.092     87.312     13.649    33.2530    25.6526    1486.52 0.0000e+00
       1919 135.547195     13.732     9.6115  36.032566     0.7742 9.5075e+00    251.211     87.353     13.606    33.2528    25.6524    1486.52 0.0000e+00
       1920 135.547195     13.689     9.6121  36.032864     0.7326 9.6023e+00    251.326     87.394     13.564    33.2525    25.6521    1486.52 0.0000e+00
       1921 135.547195     13.647     9.6127  36.033009     0.7272 9.6964e+00    251.426     87.428     13.522    33.2522    25.6517    1486.52 0.0000e+00
       1922 135.547195     13.605     9.6131  36.033024     0.7990 9.8018e+00    251.520     87.461     13.481    33.2518    25.6513    1486.52 0.0000e+00
       1923 135.547211     13.565     9.6134  36.033001     0.7058 9.7222e+00    251.624     87.497     13.441    33.2516    25.6511    1486.52 0.0000e+00
       1924 135.547211     13.525     9.6135  36.033024     0.7574 9.8610e+00    251.586     87.484     13.402    33.2515    25.6510    1486.52 0.0000e+00
       1925 135.547211     13.486     9.6137  36.033138     0.8443 9.9048e+00    251.714     87.530     13.362    33.2515    25.6510    1486.52 0.0000e+00
       1926 135.547211     13.446     9.6140  36.033386     0.7457 9.8436e+00    251.691     87.523     13.323    33.2515    25.6509    1486.52 0.0000e+00
       1927 135.547211     13.406     9.6143  36.033764     0.7423 9.9013e+00    251.653     87.512     13.283    33.2516    25.6509    1486.53 0.0000e+00
       1928 135.547226     13.365     9.6148  36.034248     0.7217 1.0009e+01    251.563     87.482     13.243    33.2516    25.6509    1486.53 0.0000e+00
       1929 135.547226     13.324     9.6155  36.034744     0.7901 1.0098e+01    251.390     87.424     13.203    33.2515    25.6507    1486.53 0.0000e+00
       1930 135.547226     13.283     9.6162  36.035225     0.6928 1.0080e+01    251.486     87.458     13.162    33.2514    25.6505    1486.53 0.0000e+00
       1931 135.547226     13.243     9.6170  36.035660     0.7188 1.0408e+01    251.547     87.480     13.122    33.2511    25.6502    1486.53 0.0000e+00
       1932 135.547226     13.202     9.6176  36.035980     0.7033 1.0361e+01    251.630     87.509     13.082    33.2509    25.6498    1486.53 0.0000e+00
       1933 135.547241     13.162     9.6182  36.036201     0.7608 1.0381e+01    251.707     87.536     13.042    33.2506    25.6495    1486.53 0.0000e+00
       1934 135.547241     13.123     9.6187  36.036346     0.7310 1.0596e+01    251.728     87.544     13.003    33.2503    25.6492    1486.54 0.0000e+00
       1935 135.547241     13.083     9.6191  36.036369     0.9018 1.0436e+01    251.868     87.593     12.964    33.2500    25.6489    1486.54 0.0000e+00
       1936 135.547241     13.044     9.6194  36.036278     0.8401 1.0591e+01    251.963     87.626     12.925    33.2496    25.6486    1486.54 0.0000e+00
       1937 135.547241     13.005     9.6196  36.036209     1.1334 1.0713e+01    251.957     87.625     12.886    33.2494    25.6484    1486.54 0.0000e+00
       1938 135.547241     12.966     9.6197  36.036282     0.8069 1.0849e+01    251.944     87.621     12.848    33.2494    25.6483    1486.54 0.0000e+00
       1939 135.547256     12.927     9.6198  36.036427     0.7847 1.0801e+01    252.025     87.650     12.809    33.2494    25.6483    1486.54 0.0000e+00
       1940 135.547256     12.888     9.6199  36.036625     0.7620 1.1465e+01    251.938     87.610     12.770    33.2495    25.6484    1486.54 0.0000e+00
       1941 135.547256     12.848     9.6201  36.036930     0.7276 1.1222e+01    251.739     87.551     12.731    33.2497    25.6485    1486.54 0.0000e+00
       1942 135.547256     12.808     9.6204  36.037361     0.7784 1.1194e+01    251.734     87.548     12.691    33.2499    25.6486    1486.54 0.0000e+00
       1943 135.547256     12.767     9.6208  36.037880     0.7914 1.1182e+01    251.432     87.443     12.650    33.2501    25.6487    1486.54 0.0000e+00
       1944 135.547272     12.725     9.6213  36.038406     0.7734 1.1262e+01    251.234     87.376     12.609    33.2501    25.6487    1486.54 0.0000e+00
       1945 135.547272     12.682     9.6220  36.038910     0.7734 1.1418e+01    251.065     87.318     12.566    33.2501    25.6485    1486.54 0.0000e+00
       1946 135.547272     12.639     9.6227  36.039368     0.9567 1.1512e+01    251.084     87.325     12.523    33.2499    25.6483    1486.54 0.0000e+00
       1947 135.547272     12.595     9.6234  36.039734     0.7939 1.1522e+01    251.021     87.304     12.480    33.2497    25.6480    1486.54 0.0000e+00
       1948 135.547272     12.551     9.6240  36.039963     0.7767 1.1546e+01    251.234     87.379     12.437    33.2494    25.6476    1486.54 0.0000e+00
       1949 135.547287     12.508     9.6244  36.040081     0.8237 1.1711e+01    251.398     87.436     12.394    33.2491    25.6473    1486.54 0.0000e+00
       1950 135.547287     12.465     9.6248  36.040176     0.7822 1.1744e+01    251.297     87.402     12.351    33.2489    25.6471    1486.55 0.0000e+00
       1951 135.547287     12.423     9.6251  36.040287     0.7520 1.2670e+01    251.550     87.490     12.309    33.2488    25.6470    1486.55 0.0000e+00
