Loch_Etive/CTD_data_2024/sbe19p_5262_20240514_re8_1m.cnv
* Sea-Bird SBE 19plus Data File:
* FileName = C:\Data\sbe55_sbe19p_5262\2024-05-14\sbe19p_5262_20240514_RE8034.hex
* Software Version SeatermAF 2.1.4
* Temperature SN = 5262
* Conductivity SN = 5262
* System UpLoad Time = May 14 2024 13:11:51 (localtime) = May 14 2024 13:11:51 (UTC)
* ds
* SeacatPlus V 1.6b  SERIAL NO. 5262    14 May 2024  13:12:58
# nquan = 14
# nvalues = 71                          
# units = specified
# name 0 = scan: Scan Count
# name 1 = timeJ: Julian Days
# name 2 = prdM: Pressure, Strain Gauge [db]
# name 3 = tv290C: Temperature [ITS-90, deg C]
# name 4 = c0mS/cm: Conductivity [mS/cm]
# name 5 = wetStar: Fluorescence, WET Labs WETstar [mg/m^3]
# name 6 = par: PAR/Irradiance, Biospherical/Licor [umol photons/m^2/sec]
# name 7 = sbeox0Mm/L: Oxygen, SBE 43 [umol/l]
# name 8 = sbeox0PS: Oxygen, SBE 43 [% saturation]
# name 9 = depSM: Depth [salt water, m], lat = 56
# name 10 = sal00: Salinity, Practical [PSU]
# name 11 = sigma-é00: Density [sigma-theta, kg/m^3]
# name 12 = svCM: Sound Velocity [Chen-Millero, m/s]
# name 13 = flag: flag
# span 0 =        686,       2235       
# span 1 = 135.543626, 135.548108       
# span 2 =      1.000,     36.000       
# span 3 =     9.4579,    10.6185       
# span 4 =  34.378681,  36.138975       
# span 5 =     0.4483,     1.3882       
# span 6 = 1.8266e-01, 1.1364e+02       
# span 7 =    244.153,    255.900       
# span 8 =     84.620,     89.198       
# span 9 =      0.991,     35.669       
# span 10 =    30.7024,    33.2900      
# span 11 =    23.4961,    25.7068      
# span 12 =    1486.36,    1486.94      
# span 13 = 0.0000e+00, 0.0000e+00      
# interval = decibars: 1                
# start_time = May 14 2024 12:59:58 [Instrument's time stamp, header]
# bad_flag = -9.990e-29
*END*
        686 135.543626      1.000    10.6185  34.378681     0.7762 1.1364e+02    252.474     88.085      0.991    30.7024    23.4961    1486.85 0.0000e+00
        701 135.543669      2.000     9.9801  35.661568     0.8580 8.1743e+01    254.780     88.927      1.982    32.5443    25.0383    1486.80 0.0000e+00
        716 135.543711      3.000     9.8268  36.055722     1.0146 6.6725e+01    255.645     89.198      2.973    33.0829    25.4841    1486.92 0.0000e+00
        737 135.543775      4.000     9.7828  36.122780     1.2428 5.5414e+01    250.205     87.252      3.964    33.1912    25.5759    1486.91 0.0000e+00
        759 135.543835      5.000     9.7616  36.114174     1.1979 4.5927e+01    250.709     87.403      4.954    33.2016    25.5875    1486.86 0.0000e+00
        776 135.543885      6.000     9.7499  36.105179     1.0592 3.9600e+01    253.256     88.216      5.945    33.2027    25.5904    1486.84 0.0000e+00
        792 135.543933      7.000     9.7118  36.079119     1.2121 3.2922e+01    253.296     88.152      6.936    33.2107    25.6029    1486.72 0.0000e+00
        808 135.543980      8.000     9.6720  36.047432     1.1863 2.8364e+01    252.523     87.844      7.927    33.2146    25.6125    1486.60 0.0000e+00
        825 135.544028      9.000     9.6431  36.034872     1.0917 2.4443e+01    252.604     87.881      8.918    33.2280    25.6278    1486.53 0.0000e+00
        843 135.544078     10.000     9.6440  36.048707     0.9780 2.1179e+01    252.148     87.709      9.909    33.2410    25.6378    1486.56 0.0000e+00
        861 135.544131     11.000     9.6363  36.044656     0.9652 1.8464e+01    252.168     87.699     10.900    33.2434    25.6409    1486.56 0.0000e+00
        878 135.544182     12.000     9.6279  36.037889     0.9776 1.6118e+01    251.193     87.344     11.891    33.2439    25.6427    1486.54 0.0000e+00
        896 135.544233     13.000     9.6194  36.031748     0.9288 1.3702e+01    251.074     87.286     12.881    33.2450    25.6450    1486.53 0.0000e+00
        913 135.544284     14.000     9.6108  36.024394     0.7814 1.1727e+01    250.822     87.198     13.872    33.2450    25.6463    1486.51 0.0000e+00
        931 135.544334     15.000     9.6100  36.025380     0.7641 1.0014e+01    251.071     87.278     14.863    33.2463    25.6476    1486.53 0.0000e+00
        948 135.544383     16.000     9.6071  36.022693     0.8237 8.4919e+00    250.416     87.039     15.854    33.2458    25.6476    1486.54 0.0000e+00
        965 135.544433     17.000     9.6008  36.017614     0.7739 7.2205e+00    249.561     86.697     16.845    33.2459    25.6488    1486.53 0.0000e+00
        982 135.544484     18.000     9.5777  35.998969     0.6743 6.1196e+00    249.288     86.593     17.835    33.2477    25.6539    1486.46 0.0000e+00
       1000 135.544534     19.000     9.5709  35.995478     0.6787 5.1661e+00    249.707     86.732     18.826    33.2500    25.6569    1486.46 0.0000e+00
       1017 135.544583     20.000     9.5681  35.992759     0.6151 4.4692e+00    249.464     86.608     19.817    33.2493    25.6568    1486.46 0.0000e+00
       1034 135.544634     21.000     9.5466  35.977986     0.6220 3.8027e+00    248.976     86.426     20.808    33.2537    25.6637    1486.41 0.0000e+00
       1052 135.544684     22.000     9.5381  35.974321     0.6476 3.2026e+00    249.167     86.485     21.799    33.2573    25.6680    1486.40 0.0000e+00
       1069 135.544733     23.000     9.5331  35.973348     0.5544 2.6808e+00    249.017     86.429     22.790    33.2605    25.6713    1486.40 0.0000e+00
       1086 135.544782     24.000     9.5304  35.973749     0.6065 2.2482e+00    248.560     86.267     23.780    33.2630    25.6737    1486.41 0.0000e+00
       1103 135.544833     25.000     9.5282  35.973499     0.5758 1.8564e+00    248.662     86.300     24.771    33.2643    25.6751    1486.42 0.0000e+00
       1120 135.544882     26.000     9.5270  35.973699     0.5222 1.4916e+00    249.357     86.532     25.762    33.2652    25.6760    1486.43 0.0000e+00
       1138 135.544933     27.000     9.5207  35.971882     0.5020 1.2508e+00    248.836     86.328     26.753    33.2687    25.6798    1486.43 0.0000e+00
       1156 135.544984     28.000     9.5073  35.964795     0.5271 9.6841e-01    248.614     86.244     27.743    33.2734    25.6857    1486.40 0.0000e+00
       1173 135.545035     29.000     9.5025  35.963830     0.5170 7.0678e-01    248.698     86.259     28.734    33.2764    25.6888    1486.40 0.0000e+00
       1191 135.545087     30.000     9.4951  35.959264     0.5328 6.3797e-01    248.564     86.211     29.725    33.2781    25.6914    1486.40 0.0000e+00
       1210 135.545141     31.000     9.4931  35.960207     0.5182 4.8155e-01    248.617     86.225     30.716    33.2805    25.6936    1486.41 0.0000e+00
       1229 135.545196     32.000     9.4907  35.958339     0.4969 4.0014e-01    248.144     86.048     31.706    33.2803    25.6939    1486.42 0.0000e+00
       1248 135.545251     33.000     9.4832  35.951566     0.4820 3.4656e-01    246.934     85.600     32.697    33.2799    25.6948    1486.40 0.0000e+00
       1267 135.545308     34.000     9.4676  35.941084     0.4585 2.8070e-01    246.179     85.329     33.688    33.2832    25.6999    1486.37 0.0000e+00
       1289 135.545370     35.000     9.4615  35.938652     0.4821 2.2582e-01    245.338     85.036     34.679    33.2859    25.7030    1486.36 0.0000e+00
       1352 135.545554     36.000     9.4579  35.939911     0.4972 1.8266e-01    244.153     84.620     35.669    33.2900    25.7068    1486.37 0.0000e+00
       1367 135.545596     35.000     9.4607  35.940210     0.4790 2.1676e-01    245.684     85.162     34.678    33.2882    25.7049    1486.37 0.0000e+00
       1394 135.545673     34.000     9.4695  35.942950     0.4483 2.5556e-01    246.965     85.626     33.688    33.2833    25.6997    1486.38 0.0000e+00
       1420 135.545751     33.000     9.4782  35.950985     0.4764 3.1004e-01    247.526     85.836     32.697    33.2840    25.6988    1486.39 0.0000e+00
       1447 135.545827     32.000     9.4883  35.957894     0.5108 3.7043e-01    248.377     86.142     31.706    33.2821    25.6956    1486.41 0.0000e+00
       1473 135.545902     31.000     9.4918  35.960194     0.5327 4.3911e-01    248.530     86.210     30.716    33.2817    25.6948    1486.40 0.0000e+00
       1499 135.545977     30.000     9.5015  35.969688     0.4782 5.0023e-01    248.864     86.336     29.725    33.2829    25.6941    1486.43 0.0000e+00
       1526 135.546056     29.000     9.5040  35.971156     0.4915 5.9693e-01    248.603     86.252     28.734    33.2826    25.6934    1486.42 0.0000e+00
       1552 135.546132     28.000     9.5092  35.974325     0.4777 7.2249e-01    248.947     86.378     27.743    33.2814    25.6916    1486.42 0.0000e+00
       1578 135.546206     27.000     9.5120  35.974596     0.5261 8.7062e-01    249.139     86.449     26.752    33.2795    25.6897    1486.41 0.0000e+00
       1604 135.546282     26.000     9.5149  35.973579     0.4942 1.0488e+00    249.089     86.428     25.762    33.2763    25.6867    1486.40 0.0000e+00
       1630 135.546356     25.000     9.5145  35.970489     0.5144 1.2725e+00    249.018     86.422     24.771    33.2739    25.6849    1486.38 0.0000e+00
       1655 135.546430     24.000     9.5300  35.978947     0.5202 1.5756e+00    248.962     86.428     23.780    33.2686    25.6782    1486.41 0.0000e+00
       1681 135.546503     23.000     9.5423  35.984404     0.5936 1.9329e+00    249.004     86.456     22.789    33.2633    25.6720    1486.44 0.0000e+00
       1707 135.546580     22.000     9.5500  35.988241     0.5853 2.3363e+00    248.944     86.453     21.799    33.2605    25.6686    1486.44 0.0000e+00
       1734 135.546657     21.000     9.5621  36.000193     0.6450 2.7854e+00    249.336     86.607     20.808    33.2621    25.6678    1486.47 0.0000e+00
       1760 135.546733     20.000     9.5697  36.006220     0.6367 3.2912e+00    249.801     86.796     19.817    33.2617    25.6662    1486.48 0.0000e+00
       1786 135.546809     19.000     9.5841  36.015701     0.6756 3.8725e+00    249.912     86.847     18.826    33.2585    25.6614    1486.51 0.0000e+00
       1812 135.546883     18.000     9.5890  36.018971     0.7189 4.6161e+00    250.132     86.929     17.835    33.2578    25.6600    1486.51 0.0000e+00
       1837 135.546957     17.000     9.5931  36.022856     0.7340 5.5000e+00    250.417     87.040     16.845    33.2584    25.6598    1486.51 0.0000e+00
       1862 135.547029     16.000     9.5984  36.026517     0.7395 6.4430e+00    250.605     87.110     15.854    33.2577    25.6583    1486.52 0.0000e+00
       1887 135.547102     15.000     9.6010  36.027205     0.7333 7.6862e+00    250.805     87.187     14.863    33.2565    25.6570    1486.51 0.0000e+00
       1912 135.547174     14.000     9.6078  36.030546     0.7366 9.0704e+00    251.206     87.346     13.872    33.2540    25.6539    1486.51 0.0000e+00
       1937 135.547246     13.000     9.6191  36.036639     0.7952 1.0765e+01    251.591     87.497     12.881    33.2503    25.6491    1486.54 0.0000e+00
       1962 135.547316     12.000     9.6276  36.041528     0.8350 1.2849e+01    251.627     87.520     11.890    33.2479    25.6459    1486.55 0.0000e+00
       1986 135.547387     11.000     9.6330  36.046214     0.8228 1.5246e+01    251.536     87.507     10.900    33.2481    25.6451    1486.55 0.0000e+00
       2010 135.547457     10.000     9.6461  36.051949     0.8441 1.8350e+01    251.902     87.647      9.909    33.2423    25.6384    1486.57 0.0000e+00
       2035 135.547529      9.000     9.6511  36.050932     0.9548 2.2058e+01    252.043     87.692      8.918    33.2371    25.6335    1486.57 0.0000e+00
       2061 135.547603      8.000     9.6527  36.046764     0.9681 2.6569e+01    252.200     87.789      7.927    33.2318    25.6291    1486.55 0.0000e+00
       2086 135.547677      7.000     9.6884  36.072455     1.0765 3.1410e+01    252.746     88.070      6.936    33.2255    25.6183    1486.66 0.0000e+00
       2111 135.547750      6.000     9.7374  36.104387     1.1720 3.7562e+01    251.737     87.787      5.945    33.2134    25.6008    1486.80 0.0000e+00
       2136 135.547823      5.000     9.7696  36.124210     1.2317 4.4213e+01    251.146     87.610      4.954    33.2044    25.5885    1486.89 0.0000e+00
       2161 135.547895      4.000     9.7822  36.133387     1.1512 5.3264e+01    251.278     87.673      3.964    33.2026    25.5849    1486.92 0.0000e+00
       2186 135.547966      3.000     9.7918  36.138975     1.3019 6.5473e+01    253.934     88.622      2.972    33.1999    25.5812    1486.94 0.0000e+00
       2211 135.548037      2.000     9.8222  36.067255     1.3882 8.3003e+01    255.538     89.064      1.982    33.0992    25.4975    1486.91 0.0000e+00
       2235 135.548108      1.000     9.9504  35.534242     1.1976 1.1146e+02    255.900     89.168      0.991    32.4411    24.9627    1486.55 0.0000e+00
