Loch_Etive/CTD_data_2024/sbe19p_5262_20240514_re5b.cnv
* Sea-Bird SBE 19plus Data File:
* FileName = C:\Data\sbe55_sbe19p_5262\2024-05-14\sbe19p_5262_20240514_RE5b033.hex
* Software Version SeatermAF 2.1.4
* Temperature SN = 5262
* Conductivity SN = 5262
* System UpLoad Time = May 14 2024 11:07:13 (localtime) = May 14 2024 11:07:13 (UTC)
* ds
* SeacatPlus V 1.6b  SERIAL NO. 5262    14 May 2024  11:08:22
# nquan = 14                                
# nvalues = 5265                        
# units = specified
# name 0 = scan: Scan Count
# name 1 = timeJ: Julian Days
# name 2 = prdM: Pressure, Strain Gauge [db]
# name 3 = tv290C: Temperature [ITS-90, deg C]
# name 4 = c0mS/cm: Conductivity [mS/cm]
# name 5 = wetStar: Fluorescence, WET Labs WETstar [mg/m^3]
# name 6 = par: PAR/Irradiance, Biospherical/Licor [umol photons/m^2/sec]
# name 7 = sbeox0Mm/L: Oxygen, SBE 43 [umol/l]
# name 8 = sbeox0PS: Oxygen, SBE 43 [% saturation]
# name 9 = depSM: Depth [salt water, m], lat = 56
# name 10 = sal00: Salinity, Practical [PSU]
# name 11 = sigma-é00: Density [sigma-theta, kg/m^3]
# name 12 = svCM: Sound Velocity [Chen-Millero, m/s]
# name 13 = flag: flag
# span 0 =        301,       5565       
# span 1 = 135.445953, 135.461197       
# span 2 =     -0.296,    140.177       
# span 3 =     9.5550,    13.9667       
# span 4 =   0.959181,  34.727650       
# span 5 =     0.1343,     4.1119       
# span 6 = 1.0000e-12, 9.6766e+02       
# span 7 =     34.089,    272.211       
# span 8 =     12.510,     90.786       
# span 9 =     -0.293,    138.854       
# span 10 =     0.6229,    28.6900      
# span 11 =    -0.1500,    21.4174      
# span 12 =    1459.34,    1496.74      
# span 13 = 0.0000e+00, 0.0000e+00      
# interval = seconds: 0.25
# start_time = May 14 2024 10:40:56 [Instrument's time stamp, header]
# bad_flag = -9.990e-29
*END*
[from data line 2168]
       2469 135.452240    108.618    13.4986  34.694790     0.5019 1.0000e-12     38.585     14.157    107.601    28.6755    21.4066    1496.18 0.0000e+00
       2470 135.452240    108.668    13.4986  34.694847     0.5027 1.0000e-12     38.323     14.061    107.651    28.6755    21.4066    1496.18 0.0000e+00
       2471 135.452240    108.718    13.4986  34.694881     0.5040 1.0000e-12     38.068     13.967    107.700    28.6755    21.4066    1496.18 0.0000e+00
       2472 135.452240    108.767    13.4986  34.694885     0.5069 1.0000e-12     38.055     13.963    107.749    28.6755    21.4066    1496.18 0.0000e+00
       2473 135.452240    108.818    13.4986  34.694881     0.5023 1.0000e-12     37.956     13.926    107.799    28.6755    21.4066    1496.19 0.0000e+00
       2474 135.452255    108.868    13.4986  34.694893     0.5006 1.0000e-12     37.803     13.870    107.849    28.6755    21.4066    1496.19 0.0000e+00
       2475 135.452255    108.918    13.4986  34.694920     0.5035 1.0000e-12     37.730     13.844    107.899    28.6755    21.4066    1496.19 0.0000e+00
       2476 135.452255    108.969    13.4986  34.694965     0.5023 1.0000e-12     37.694     13.830    107.949    28.6755    21.4066    1496.19 0.0000e+00
       2477 135.452255    109.021    13.4986  34.695023     0.5023 1.0000e-12     37.738     13.846    108.000    28.6756    21.4067    1496.19 0.0000e+00
       2478 135.452255    109.073    13.4985  34.695087     0.5035 1.0000e-12     37.786     13.864    108.052    28.6757    21.4068    1496.19 0.0000e+00
       2479 135.452255    109.125    13.4984  34.695152     0.5002 1.0000e-12     37.790     13.866    108.103    28.6758    21.4069    1496.19 0.0000e+00
       2480 135.452271    109.177    13.4983  34.695202     0.5023 1.0000e-12     37.747     13.850    108.155    28.6759    21.4069    1496.19 0.0000e+00
       2481 135.452271    109.229    13.4983  34.695244     0.5031 1.0000e-12     37.853     13.889    108.207    28.6759    21.4070    1496.19 0.0000e+00
       2482 135.452271    109.282    13.4983  34.695313     0.5027 1.0000e-12     37.849     13.887    108.259    28.6760    21.4070    1496.19 0.0000e+00
       2483 135.452271    109.334    13.4982  34.695404     0.5035 1.0000e-12     37.979     13.935    108.310    28.6761    21.4071    1496.19 0.0000e+00
       2484 135.452271    109.386    13.4982  34.695499     0.5073 1.0000e-12     37.837     13.883    108.362    28.6762    21.4072    1496.19 0.0000e+00
       2485 135.452286    109.438    13.4982  34.695583     0.5031 1.0000e-12     38.082     13.973    108.414    28.6762    21.4072    1496.20 0.0000e+00
       2486 135.452286    109.490    13.4982  34.695644     0.5031 1.0000e-12     37.955     13.926    108.465    28.6763    21.4073    1496.20 0.0000e+00
       2487 135.452286    109.542    13.4982  34.695679     0.5023 1.0000e-12     37.882     13.900    108.516    28.6763    21.4073    1496.20 0.0000e+00
       2488 135.452286    109.594    13.4982  34.695698     0.5048 1.0000e-12     37.810     13.873    108.567    28.6763    21.4073    1496.20 0.0000e+00
       2489 135.452286    109.645    13.4983  34.695694     0.5048 1.0000e-12     37.868     13.894    108.618    28.6762    21.4072    1496.20 0.0000e+00
       2490 135.452301    109.696    13.4983  34.695683     0.5061 1.0000e-12     37.769     13.858    108.669    28.6762    21.4072    1496.20 0.0000e+00
       2491 135.452301    109.747    13.4983  34.695705     0.5027 1.0000e-12     37.832     13.881    108.720    28.6762    21.4072    1496.20 0.0000e+00
       2492 135.452301    109.798    13.4983  34.695774     0.5056 1.0000e-12     37.798     13.869    108.770    28.6762    21.4072    1496.20 0.0000e+00
       2493 135.452301    109.850    13.4983  34.695869     0.5023 1.0000e-12     37.873     13.896    108.821    28.6763    21.4073    1496.20 0.0000e+00
       2494 135.452301    109.901    13.4983  34.695988     0.5035 1.0000e-12     37.910     13.910    108.872    28.6764    21.4074    1496.20 0.0000e+00
       2495 135.452316    109.954    13.4983  34.696117     0.5107 1.0000e-12     37.872     13.896    108.924    28.6765    21.4075    1496.20 0.0000e+00
       2496 135.452316    110.007    13.4983  34.696239     0.5040 1.0000e-12     37.888     13.902    108.977    28.6766    21.4075    1496.21 0.0000e+00
       2497 135.452316    110.060    13.4983  34.696362     0.5040 1.0000e-12     37.966     13.930    109.029    28.6767    21.4076    1496.21 0.0000e+00
       2498 135.452316    110.113    13.4983  34.696522     0.5069 1.0000e-12     37.987     13.938    109.082    28.6768    21.4076    1496.21 0.0000e+00
       2499 135.452316    110.166    13.4984  34.696724     0.5144 1.0000e-12     37.834     13.882    109.135    28.6769    21.4077    1496.21 0.0000e+00
       2500 135.452316    110.219    13.4984  34.696945     0.5056 1.0000e-12     37.886     13.901    109.187    28.6770    21.4078    1496.21 0.0000e+00
       2501 135.452332    110.272    13.4985  34.697128     0.5019 1.0000e-12     37.913     13.911    109.240    28.6772    21.4079    1496.21 0.0000e+00
       2502 135.452332    110.324    13.4985  34.697269     0.5044 1.0000e-12     37.924     13.915    109.291    28.6772    21.4080    1496.21 0.0000e+00
       2503 135.452332    110.376    13.4985  34.697369     0.5023 1.0000e-12     37.978     13.935    109.342    28.6773    21.4080    1496.21 0.0000e+00
       2504 135.452332    110.426    13.4986  34.697449     0.5056 1.0000e-12     37.971     13.932    109.392    28.6773    21.4080    1496.21 0.0000e+00
       2505 135.452332    110.477    13.4986  34.697533     0.5044 1.0000e-12     37.923     13.915    109.442    28.6773    21.4080    1496.22 0.0000e+00
       2506 135.452347    110.527    13.4986  34.697628     0.5082 1.0000e-12     37.902     13.907    109.492    28.6774    21.4081    1496.22 0.0000e+00
       2507 135.452347    110.577    13.4987  34.697716     0.5056 1.0000e-12     37.861     13.892    109.541    28.6774    21.4081    1496.22 0.0000e+00
       2508 135.452347    110.627    13.4987  34.697830     0.5090 1.0000e-12     37.817     13.876    109.591    28.6775    21.4081    1496.22 0.0000e+00
       2509 135.452347    110.676    13.4988  34.697975     0.5090 1.0000e-12     37.856     13.890    109.640    28.6776    21.4082    1496.22 0.0000e+00
       2510 135.452347    110.726    13.4988  34.698128     0.5153 1.0000e-12     37.763     13.856    109.689    28.6777    21.4083    1496.22 0.0000e+00
       2511 135.452362    110.777    13.4989  34.698288     0.5056 1.0000e-12     37.742     13.848    109.739    28.6777    21.4083    1496.22 0.0000e+00
       2512 135.452362    110.827    13.4989  34.698425     0.5056 1.0000e-12     37.690     13.829    109.789    28.6778    21.4083    1496.22 0.0000e+00
       2513 135.452362    110.878    13.4990  34.698555     0.5094 1.0000e-12     37.636     13.809    109.839    28.6779    21.4084    1496.22 0.0000e+00
       2514 135.452362    110.928    13.4991  34.698673     0.4998 1.0000e-12     37.629     13.807    109.889    28.6779    21.4084    1496.22 0.0000e+00
       2515 135.452362    110.979    13.4991  34.698795     0.5061 1.0000e-12     37.448     13.741    109.939    28.6780    21.4084    1496.23 0.0000e+00
       2516 135.452377    111.030    13.4991  34.698933     0.5082 1.0000e-12     37.425     13.732    109.990    28.6781    21.4085    1496.23 0.0000e+00
       2517 135.452377    111.081    13.4991  34.699051     0.5035 1.0000e-12     37.383     13.717    110.041    28.6781    21.4086    1496.23 0.0000e+00
       2518 135.452377    111.132    13.4991  34.699154     0.5052 1.0000e-12     37.119     13.620    110.091    28.6782    21.4086    1496.23 0.0000e+00
       2519 135.452377    111.183    13.4991  34.699234     0.5056 1.0000e-12     37.159     13.635    110.142    28.6783    21.4087    1496.23 0.0000e+00
       2520 135.452377    111.234    13.4991  34.699284     0.5061 1.0000e-12     37.088     13.609    110.192    28.6783    21.4087    1496.23 0.0000e+00
       2521 135.452377    111.284    13.4991  34.699318     0.5010 1.0000e-12     37.216     13.655    110.241    28.6783    21.4087    1496.23 0.0000e+00
       2522 135.452393    111.333    13.4991  34.699329     0.5082 1.0000e-12     37.297     13.685    110.290    28.6784    21.4088    1496.23 0.0000e+00
       2523 135.452393    111.382    13.4990  34.699318     0.5102 1.0000e-12     37.352     13.705    110.338    28.6784    21.4088    1496.23 0.0000e+00
       2524 135.452393    111.430    13.4990  34.699333     0.5086 1.0000e-12     37.347     13.704    110.386    28.6784    21.4088    1496.23 0.0000e+00
       2525 135.452393    111.478    13.4990  34.699398     0.5077 1.0000e-12     37.412     13.727    110.433    28.6784    21.4088    1496.23 0.0000e+00
       2526 135.452393    111.526    13.4990  34.699486     0.5040 1.0000e-12     37.521     13.767    110.481    28.6784    21.4088    1496.24 0.0000e+00
       2527 135.452408    111.574    13.4990  34.699577     0.5056 1.0000e-12     37.527     13.770    110.529    28.6785    21.4089    1496.24 0.0000e+00
       2528 135.452408    111.622    13.4990  34.699699     0.5052 1.0000e-12     37.563     13.783    110.577    28.6786    21.4090    1496.24 0.0000e+00
       2529 135.452408    111.670    13.4990  34.699837     0.5073 1.0000e-12     37.545     13.776    110.624    28.6787    21.4091    1496.24 0.0000e+00
       2530 135.452408    111.719    13.4990  34.699963     0.5031 1.0000e-12     37.599     13.796    110.672    28.6788    21.4092    1496.24 0.0000e+00
       2531 135.452408    111.768    13.4990  34.700089     0.5052 1.0000e-12     37.620     13.804    110.721    28.6789    21.4092    1496.24 0.0000e+00
       2532 135.452423    111.817    13.4990  34.700226     0.5102 1.0000e-12     37.566     13.784    110.769    28.6790    21.4093    1496.24 0.0000e+00
       2533 135.452423    111.866    13.4991  34.700321     0.5048 1.0000e-12     37.581     13.790    110.818    28.6791    21.4093    1496.24 0.0000e+00
       2534 135.452423    111.916    13.4991  34.700359     0.5132 1.0000e-12     37.559     13.781    110.868    28.6791    21.4093    1496.24 0.0000e+00
       2535 135.452423    111.966    13.4991  34.700394     0.5044 1.0000e-12     37.495     13.758    110.917    28.6791    21.4093    1496.24 0.0000e+00
       2536 135.452423    112.015    13.4992  34.700439     0.5115 1.0000e-12     37.509     13.763    110.966    28.6790    21.4093    1496.24 0.0000e+00
       2537 135.452423    112.065    13.4992  34.700478     0.5069 1.0000e-12     37.477     13.752    111.015    28.6790    21.4093    1496.25 0.0000e+00
       2538 135.452438    112.115    13.4992  34.700520     0.5090 1.0000e-12     37.455     13.743    111.065    28.6791    21.4093    1496.25 0.0000e+00
       2539 135.452438    112.165    13.4992  34.700581     0.5094 1.0000e-12     37.303     13.687    111.114    28.6791    21.4093    1496.25 0.0000e+00
       2540 135.452438    112.214    13.4992  34.700672     0.5048 1.0000e-12     37.364     13.710    111.163    28.6791    21.4094    1496.25 0.0000e+00
       2541 135.452438    112.262    13.4993  34.700779     0.5107 1.0000e-12     37.333     13.698    111.211    28.6792    21.4094    1496.25 0.0000e+00
       2542 135.452438    112.310    13.4993  34.700855     0.5098 1.0000e-12     37.325     13.696    111.258    28.6792    21.4094    1496.25 0.0000e+00
       2543 135.452454    112.358    13.4993  34.700893     0.5111 1.0000e-12     37.375     13.714    111.305    28.6792    21.4094    1496.25 0.0000e+00
       2544 135.452454    112.406    13.4994  34.700943     0.5023 1.0000e-12     37.441     13.738    111.353    28.6792    21.4094    1496.25 0.0000e+00
       2545 135.452454    112.454    13.4994  34.701008     0.5061 1.0000e-12     37.382     13.717    111.400    28.6793    21.4094    1496.25 0.0000e+00
       2546 135.452454    112.501    13.4994  34.701077     0.5107 1.0000e-12     37.349     13.705    111.447    28.6793    21.4094    1496.25 0.0000e+00
       2547 135.452454    112.549    13.4994  34.701149     0.5102 1.0000e-12     37.580     13.789    111.495    28.6793    21.4095    1496.25 0.0000e+00
       2548 135.452469    112.597    13.4995  34.701241     0.5027 1.0000e-12     37.368     13.712    111.542    28.6794    21.4095    1496.26 0.0000e+00
       2549 135.452469    112.645    13.4995  34.701355     0.5086 1.0000e-12     37.376     13.714    111.590    28.6794    21.4095    1496.26 0.0000e+00
       2550 135.452469    112.693    13.4995  34.701500     0.5056 1.0000e-12     37.427     13.733    111.637    28.6795    21.4096    1496.26 0.0000e+00
       2551 135.452469    112.741    13.4995  34.701668     0.5086 1.0000e-12     37.366     13.711    111.685    28.6796    21.4097    1496.26 0.0000e+00
       2552 135.452469    112.789    13.4996  34.701801     0.5056 1.0000e-12     37.269     13.675    111.732    28.6797    21.4098    1496.26 0.0000e+00
       2553 135.452484    112.838    13.4996  34.701862     0.5048 1.0000e-12     37.159     13.635    111.780    28.6797    21.4098    1496.26 0.0000e+00
       2554 135.452484    112.886    13.4996  34.701912     0.5082 1.0000e-12     37.213     13.655    111.828    28.6797    21.4098    1496.26 0.0000e+00
       2555 135.452484    112.934    13.4997  34.702007     0.5094 1.0000e-12     37.103     13.615    111.876    28.6798    21.4098    1496.26 0.0000e+00
       2556 135.452484    112.983    13.4997  34.702126     0.5073 1.0000e-12     37.141     13.629    111.924    28.6799    21.4099    1496.26 0.0000e+00
       2557 135.452484    113.031    13.4997  34.702259     0.5019 1.0000e-12     37.029     13.587    111.972    28.6800    21.4099    1496.26 0.0000e+00
       2558 135.452484    113.080    13.4997  34.702446     0.5010 1.0000e-12     36.999     13.576    112.020    28.6801    21.4100    1496.27 0.0000e+00
       2559 135.452499    113.128    13.4998  34.702690     0.5077 1.0000e-12     37.003     13.578    112.068    28.6803    21.4102    1496.27 0.0000e+00
       2560 135.452499    113.176    13.4998  34.702938     0.5031 1.0000e-12     37.082     13.607    112.115    28.6805    21.4103    1496.27 0.0000e+00
       2561 135.452499    113.223    13.4998  34.703156     0.5069 1.0000e-12     37.082     13.607    112.162    28.6806    21.4104    1496.27 0.0000e+00
       2562 135.452499    113.270    13.4999  34.703350     0.5035 1.0000e-12     36.833     13.516    112.208    28.6807    21.4105    1496.27 0.0000e+00
       2563 135.452499    113.317    13.4999  34.703537     0.5077 1.0000e-12     36.803     13.505    112.255    28.6809    21.4106    1496.27 0.0000e+00
       2564 135.452515    113.364    13.5000  34.703773     0.5094 1.0000e-12     36.838     13.517    112.301    28.6810    21.4107    1496.27 0.0000e+00
       2565 135.452515    113.411    13.5000  34.704071     0.5077 1.0000e-12     36.819     13.510    112.348    28.6813    21.4109    1496.27 0.0000e+00
       2566 135.452515    113.457    13.5000  34.704365     0.5069 1.0000e-12     36.838     13.517    112.394    28.6815    21.4111    1496.27 0.0000e+00
       2567 135.452515    113.504    13.5001  34.704613     0.5048 1.0000e-12     36.880     13.533    112.441    28.6817    21.4112    1496.28 0.0000e+00
       2568 135.452515    113.551    13.5001  34.704857     0.5048 1.0000e-12     36.887     13.535    112.487    28.6818    21.4113    1496.28 0.0000e+00
       2569 135.452530    113.598    13.5002  34.705120     0.5056 1.0000e-12     36.893     13.538    112.533    28.6820    21.4115    1496.28 0.0000e+00
       2570 135.452530    113.645    13.5002  34.705364     0.5077 1.0000e-12     36.670     13.456    112.580    28.6822    21.4116    1496.28 0.0000e+00
