Loch_Etive/CTD_data_2024/sbe19p_5262_20240514_re8.cnv
* Sea-Bird SBE 19plus Data File:
* FileName = C:\Data\sbe55_sbe19p_5262\2024-05-14\sbe19p_5262_20240514_RE8034.hex
* Software Version SeatermAF 2.1.4
* Temperature SN = 5262
* Conductivity SN = 5262
* System UpLoad Time = May 14 2024 13:11:51 (localtime) = May 14 2024 13:11:51 (UTC)
* ds
* SeacatPlus V 1.6b  SERIAL NO. 5262    14 May 2024  13:12:58
# nquan = 14                                
# nvalues = 2080                        
# units = specified
# name 0 = scan: Scan Count
# name 1 = timeJ: Julian Days
# name 2 = prdM: Pressure, Strain Gauge [db]
# name 3 = tv290C: Temperature [ITS-90, deg C]
# name 4 = c0mS/cm: Conductivity [mS/cm]
# name 5 = wetStar: Fluorescence, WET Labs WETstar [mg/m^3]
# name 6 = par: PAR/Irradiance, Biospherical/Licor [umol photons/m^2/sec]
# name 7 = sbeox0Mm/L: Oxygen, SBE 43 [umol/l]
# name 8 = sbeox0PS: Oxygen, SBE 43 [% saturation]
# name 9 = depSM: Depth [salt water, m], lat = 56
# name 10 = sal00: Salinity, Practical [PSU]
# name 11 = sigma-é00: Density [sigma-theta, kg/m^3]
# name 12 = svCM: Sound Velocity [Chen-Millero, m/s]
# name 13 = flag: flag
# span 0 =        301,       2380       
# span 1 = 135.542511, 135.548523       
# span 2 =     -0.335,     35.920       
# span 3 =     9.4574,    10.9785       
# span 4 =   1.503691,  36.141518       
# span 5 =     0.1288,     2.2676       
# span 6 = 1.8587e-01, 5.8876e+02       
# span 7 =    241.626,    294.695       
# span 8 =     70.720,     91.626       
# span 9 =     -0.332,     35.590       
# span 10 =     1.0804,    33.2902      
# span 11 =     0.5436,    25.7070      
# span 12 =    1448.95,    1487.12      
# span 13 = 0.0000e+00, 0.0000e+00      
# interval = seconds: 0.25
# start_time = May 14 2024 12:59:58 [Instrument's time stamp, header]
# bad_flag = -9.990e-29
*END*
[from data line 1136]
       1437 135.545792     32.368     9.4843  35.954571     0.5304 3.4694e-01    247.913     85.982     32.071    33.2822    25.6964    1486.40 0.0000e+00
       1438 135.545807     32.332     9.4844  35.954575     0.6210 3.4999e-01    247.983     86.005     32.035    33.2822    25.6963    1486.40 0.0000e+00
       1439 135.545807     32.296     9.4845  35.954651     0.5006 3.4884e-01    248.125     86.055     32.000    33.2822    25.6963    1486.40 0.0000e+00
       1440 135.545807     32.260     9.4846  35.954826     0.5006 3.5060e-01    248.221     86.087     31.964    33.2822    25.6964    1486.40 0.0000e+00
       1441 135.545807     32.225     9.4849  35.955181     0.6454 3.5368e-01    248.302     86.115     31.929    33.2824    25.6964    1486.40 0.0000e+00
       1442 135.545807     32.189     9.4852  35.955811     0.4653 3.5600e-01    248.518     86.190     31.894    33.2827    25.6967    1486.40 0.0000e+00
       1443 135.545822     32.153     9.4857  35.956684     0.5182 3.5997e-01    248.117     86.051     31.858    33.2832    25.6969    1486.40 0.0000e+00
       1444 135.545822     32.116     9.4865  35.957672     0.4708 3.5763e-01    248.293     86.112     31.821    33.2835    25.6970    1486.41 0.0000e+00
       1445 135.545822     32.078     9.4875  35.958645     0.4481 3.5965e-01    248.245     86.095     31.784    33.2836    25.6970    1486.41 0.0000e+00
       1446 135.545822     32.040     9.4886  35.959526     0.4574 3.6945e-01    248.105     86.047     31.746    33.2835    25.6967    1486.41 0.0000e+00
       1447 135.545822     32.001     9.4898  35.960182     0.5115 3.6834e-01    248.072     86.035     31.707    33.2831    25.6962    1486.42 0.0000e+00
       1448 135.545837     31.962     9.4908  35.960472     0.4981 3.7161e-01    248.083     86.039     31.669    33.2825    25.6955    1486.42 0.0000e+00
       1449 135.545837     31.923     9.4915  35.960434     0.5430 3.7540e-01    248.313     86.119     31.630    33.2818    25.6949    1486.42 0.0000e+00
       1450 135.545837     31.884     9.4918  35.960213     0.5862 3.7711e-01    248.530     86.194     31.592    33.2813    25.6945    1486.42 0.0000e+00
       1451 135.545837     31.845     9.4918  35.959976     0.5887 3.7784e-01    248.570     86.208     31.553    33.2811    25.6943    1486.42 0.0000e+00
       1452 135.545837     31.806     9.4916  35.959843     0.4855 3.8646e-01    248.612     86.222     31.514    33.2811    25.6943    1486.42 0.0000e+00
       1453 135.545837     31.767     9.4914  35.959755     0.4817 3.8530e-01    248.708     86.256     31.476    33.2812    25.6944    1486.42 0.0000e+00
       1454 135.545853     31.728     9.4913  35.959652     0.4549 3.8962e-01    248.637     86.232     31.437    33.2813    25.6945    1486.41 0.0000e+00
       1455 135.545853     31.689     9.4912  35.959515     0.5010 3.9550e-01    249.060     86.379     31.399    33.2813    25.6945    1486.41 0.0000e+00
       1456 135.545853     31.651     9.4910  35.959362     0.4456 4.0042e-01    248.619     86.226     31.360    33.2812    25.6945    1486.41 0.0000e+00
       1457 135.545853     31.612     9.4909  35.959221     0.5056 3.9880e-01    248.942     86.338     31.322    33.2812    25.6945    1486.41 0.0000e+00
       1458 135.545853     31.574     9.4908  35.959080     0.5690 4.0144e-01    248.479     86.178     31.284    33.2812    25.6945    1486.41 0.0000e+00
       1459 135.545868     31.534     9.4907  35.958946     0.4607 4.0239e-01    248.864     86.312     31.245    33.2812    25.6945    1486.41 0.0000e+00
       1460 135.545868     31.495     9.4906  35.958858     0.4406 4.0764e-01    248.783     86.286     31.206    33.2812    25.6946    1486.41 0.0000e+00
       1461 135.545868     31.455     9.4904  35.958824     0.4410 4.1033e-01    248.786     86.289     31.166    33.2813    25.6947    1486.41 0.0000e+00
       1462 135.545868     31.414     9.4904  35.958790     0.4616 4.1164e-01    248.678     86.252     31.126    33.2814    25.6947    1486.41 0.0000e+00
       1463 135.545868     31.374     9.4903  35.958710     0.5123 4.1077e-01    248.635     86.238     31.086    33.2813    25.6947    1486.41 0.0000e+00
       1464 135.545883     31.334     9.4903  35.958591     0.4624 4.1770e-01    248.780     86.289     31.046    33.2812    25.6946    1486.40 0.0000e+00
       1465 135.545883     31.294     9.4903  35.958504     0.4570 4.2116e-01    248.645     86.243     31.007    33.2812    25.6946    1486.40 0.0000e+00
       1466 135.545883     31.255     9.4904  35.958496     0.4326 4.2401e-01    248.722     86.271     30.968    33.2812    25.6946    1486.40 0.0000e+00
       1467 135.545883     31.217     9.4904  35.958549     0.5245 4.2143e-01    248.209     86.092     30.930    33.2812    25.6946    1486.40 0.0000e+00
       1468 135.545883     31.179     9.4905  35.958603     0.5908 4.2769e-01    248.392     86.154     30.893    33.2812    25.6946    1486.40 0.0000e+00
       1469 135.545898     31.142     9.4905  35.958702     0.4695 4.3158e-01    248.264     86.110     30.856    33.2813    25.6947    1486.40 0.0000e+00
       1470 135.545898     31.106     9.4905  35.958866     0.5367 4.3688e-01    248.217     86.096     30.820    33.2815    25.6948    1486.40 0.0000e+00
       1471 135.545898     31.069     9.4905  35.959034     0.5312 4.3725e-01    248.253     86.110     30.784    33.2816    25.6949    1486.40 0.0000e+00
       1472 135.545898     31.033     9.4907  35.959171     0.6063 4.3780e-01    248.238     86.110     30.748    33.2817    25.6949    1486.40 0.0000e+00
       1473 135.545898     30.996     9.4909  35.959293     0.7591 4.4195e-01    248.423     86.177     30.712    33.2816    25.6949    1486.40 0.0000e+00
       1474 135.545898     30.958     9.4910  35.959442     0.7910 4.4325e-01    248.394     86.169     30.674    33.2816    25.6948    1486.40 0.0000e+00
       1475 135.545914     30.920     9.4912  35.959713     0.7478 4.4763e-01    248.531     86.217     30.636    33.2818    25.6949    1486.40 0.0000e+00
       1476 135.545914     30.880     9.4915  35.960178     0.5098 4.5328e-01    248.483     86.201     30.597    33.2820    25.6950    1486.40 0.0000e+00
       1477 135.545914     30.840     9.4919  35.960781     0.5325 4.5889e-01    248.584     86.236     30.557    33.2823    25.6952    1486.40 0.0000e+00
       1478 135.545914     30.799     9.4924  35.961361     0.4410 4.5679e-01    248.604     86.242     30.516    33.2824    25.6952    1486.40 0.0000e+00
       1479 135.545914     30.758     9.4930  35.961845     0.6978 4.6186e-01    248.545     86.221     30.476    33.2824    25.6951    1486.41 0.0000e+00
       1480 135.545929     30.717     9.4936  35.962276     0.5258 4.6446e-01    248.658     86.260     30.436    33.2823    25.6950    1486.41 0.0000e+00
       1481 135.545929     30.677     9.4940  35.962685     0.5094 4.6698e-01    248.546     86.221     30.396    33.2824    25.6949    1486.41 0.0000e+00
       1482 135.545929     30.638     9.4944  35.963051     0.4641 4.5148e-01    248.784     86.304     30.357    33.2824    25.6949    1486.41 0.0000e+00
       1483 135.545929     30.600     9.4948  35.963291     0.4557 4.4847e-01    248.670     86.265     30.319    33.2823    25.6947    1486.41 0.0000e+00
       1484 135.545929     30.563     9.4951  35.963379     0.4624 4.5375e-01    248.407     86.176     30.282    33.2821    25.6946    1486.41 0.0000e+00
       1485 135.545944     30.526     9.4952  35.963478     0.4821 4.5593e-01    248.516     86.214     30.246    33.2821    25.6945    1486.41 0.0000e+00
       1486 135.545944     30.490     9.4954  35.963825     0.4737 4.5460e-01    248.578     86.236     30.211    33.2823    25.6946    1486.41 0.0000e+00
       1487 135.545944     30.455     9.4957  35.964531     0.4733 4.6128e-01    248.646     86.260     30.175    33.2828    25.6950    1486.41 0.0000e+00
       1488 135.545944     30.418     9.4963  35.965527     0.4939 4.5908e-01    248.786     86.309     30.139    33.2833    25.6953    1486.41 0.0000e+00
       1489 135.545944     30.381     9.4971  35.966728     0.4607 4.6407e-01    248.792     86.312     30.102    33.2838    25.6955    1486.42 0.0000e+00
       1490 135.545959     30.343     9.4982  35.967937     0.4452 4.6727e-01    248.877     86.342     30.064    33.2840    25.6955    1486.42 0.0000e+00
       1491 135.545959     30.303     9.4993  35.968800     0.4662 4.7214e-01    249.085     86.414     30.025    33.2839    25.6952    1486.42 0.0000e+00
       1492 135.545959     30.264     9.5004  35.969296     0.4322 4.7588e-01    249.138     86.433     29.986    33.2834    25.6947    1486.43 0.0000e+00
       1493 135.545959     30.224     9.5011  35.969578     0.4473 4.8222e-01    248.863     86.336     29.947    33.2831    25.6943    1486.43 0.0000e+00
       1494 135.545959     30.185     9.5015  35.969662     0.4733 4.8212e-01    248.971     86.373     29.908    33.2827    25.6940    1486.43 0.0000e+00
       1495 135.545959     30.147     9.5018  35.969608     0.4620 4.8382e-01    248.960     86.368     29.871    33.2825    25.6937    1486.43 0.0000e+00
       1496 135.545975     30.110     9.5018  35.969555     0.5107 4.8432e-01    248.958     86.367     29.833    33.2824    25.6937    1486.43 0.0000e+00
       1497 135.545975     30.072     9.5017  35.969563     0.5308 4.9116e-01    248.789     86.308     29.797    33.2825    25.6938    1486.43 0.0000e+00
       1498 135.545975     30.035     9.5017  35.969639     0.4473 4.9922e-01    248.703     86.279     29.760    33.2826    25.6939    1486.43 0.0000e+00
       1499 135.545975     29.998     9.5018  35.969799     0.4729 4.9891e-01    248.664     86.266     29.722    33.2828    25.6939    1486.43 0.0000e+00
       1500 135.545975     29.959     9.5019  35.970085     0.4830 5.0252e-01    248.589     86.240     29.685    33.2829    25.6941    1486.43 0.0000e+00
       1501 135.545990     29.921     9.5022  35.970474     0.4519 5.0448e-01    248.712     86.284     29.646    33.2831    25.6942    1486.43 0.0000e+00
       1502 135.545990     29.882     9.5025  35.970867     0.5887 5.0635e-01    248.592     86.241     29.608    33.2833    25.6942    1486.43 0.0000e+00
       1503 135.545990     29.843     9.5028  35.971176     0.5140 5.1262e-01    248.750     86.296     29.570    33.2833    25.6942    1486.43 0.0000e+00
       1504 135.545990     29.805     9.5031  35.971390     0.4733 5.2087e-01    248.899     86.347     29.531    33.2833    25.6941    1486.43 0.0000e+00
       1505 135.545990     29.766     9.5034  35.971550     0.4930 5.2697e-01    248.975     86.373     29.493    33.2832    25.6940    1486.43 0.0000e+00
       1506 135.546005     29.727     9.5037  35.971691     0.4628 5.3237e-01    249.033     86.393     29.454    33.2831    25.6939    1486.43 0.0000e+00
       1507 135.546005     29.688     9.5040  35.971752     0.5459 5.3793e-01    248.954     86.365     29.416    33.2829    25.6937    1486.43 0.0000e+00
       1508 135.546005     29.649     9.5042  35.971630     0.4599 5.3411e-01    249.204     86.452     29.377    33.2826    25.6934    1486.43 0.0000e+00
       1509 135.546005     29.610     9.5043  35.971424     0.4381 5.3869e-01    249.007     86.384     29.339    33.2822    25.6931    1486.43 0.0000e+00
       1510 135.546005     29.573     9.5043  35.971218     0.4322 5.4431e-01    248.967     86.371     29.301    33.2821    25.6930    1486.43 0.0000e+00
       1511 135.546005     29.536     9.5041  35.970955     0.5216 5.4520e-01    248.842     86.328     29.265    33.2820    25.6930    1486.43 0.0000e+00
       1512 135.546021     29.500     9.5038  35.970676     0.5123 5.4920e-01    248.628     86.255     29.229    33.2820    25.6930    1486.42 0.0000e+00
       1513 135.546021     29.465     9.5036  35.970528     0.4574 5.5255e-01    248.468     86.200     29.195    33.2821    25.6931    1486.42 0.0000e+00
       1514 135.546021     29.431     9.5034  35.970531     0.4570 5.5020e-01    248.370     86.167     29.161    33.2823    25.6933    1486.42 0.0000e+00
       1515 135.546021     29.397     9.5033  35.970612     0.4377 5.5188e-01    248.520     86.219     29.128    33.2825    25.6935    1486.42 0.0000e+00
       1516 135.546021     29.363     9.5032  35.970722     0.4356 5.5919e-01    248.482     86.206     29.094    33.2826    25.6936    1486.42 0.0000e+00
       1517 135.546036     29.328     9.5033  35.970898     0.4540 5.6271e-01    248.753     86.300     29.059    33.2828    25.6937    1486.42 0.0000e+00
       1518 135.546036     29.292     9.5034  35.971092     0.4586 5.6010e-01    248.696     86.281     29.024    33.2829    25.6938    1486.42 0.0000e+00
       1519 135.546036     29.256     9.5035  35.971100     0.4540 5.6648e-01    248.876     86.343     28.988    33.2829    25.6937    1486.42 0.0000e+00
       1520 135.546036     29.220     9.5035  35.970833     0.4603 5.6969e-01    248.907     86.355     28.952    33.2825    25.6935    1486.42 0.0000e+00
       1521 135.546036     29.183     9.5035  35.970524     0.5157 5.7710e-01    248.754     86.303     28.915    33.2822    25.6932    1486.42 0.0000e+00
       1522 135.546051     29.146     9.5034  35.970333     0.4888 5.8025e-01    248.678     86.278     28.879    33.2822    25.6932    1486.42 0.0000e+00
       1523 135.546051     29.110     9.5033  35.970222     0.4750 5.8330e-01    248.356     86.167     28.843    33.2822    25.6932    1486.42 0.0000e+00
       1524 135.546051     29.073     9.5032  35.970146     0.5317 5.8730e-01    248.090     86.077     28.807    33.2822    25.6932    1486.42 0.0000e+00
       1525 135.546051     29.037     9.5031  35.970139     0.5896 5.8612e-01    248.129     86.091     28.770    33.2823    25.6933    1486.41 0.0000e+00
       1526 135.546051     29.000     9.5031  35.970295     0.5241 5.9550e-01    248.139     86.093     28.734    33.2825    25.6935    1486.41 0.0000e+00
       1527 135.546066     28.961     9.5032  35.970551     0.5954 5.9886e-01    248.136     86.091     28.696    33.2827    25.6936    1486.41 0.0000e+00
       1528 135.546066     28.923     9.5034  35.970818     0.5757 6.0611e-01    248.171     86.102     28.657    33.2828    25.6937    1486.41 0.0000e+00
       1529 135.546066     28.883     9.5037  35.971088     0.5312 6.0842e-01    248.401     86.181     28.619    33.2828    25.6937    1486.41 0.0000e+00
       1530 135.546066     28.844     9.5040  35.971352     0.5325 6.1491e-01    248.607     86.253     28.579    33.2828    25.6936    1486.42 0.0000e+00
       1531 135.546066     28.805     9.5043  35.971577     0.4645 6.1246e-01    248.752     86.303     28.541    33.2828    25.6935    1486.42 0.0000e+00
       1532 135.546066     28.766     9.5046  35.971729     0.4439 6.1874e-01    248.790     86.318     28.502    33.2826    25.6934    1486.42 0.0000e+00
       1533 135.546082     28.728     9.5049  35.971836     0.4821 6.3071e-01    248.882     86.351     28.464    33.2825    25.6932    1486.42 0.0000e+00
       1534 135.546082     28.690     9.5051  35.971958     0.5614 6.3881e-01    248.926     86.367     28.427    33.2825    25.6932    1486.42 0.0000e+00
       1535 135.546082     28.652     9.5053  35.972172     0.5115 6.3766e-01    249.070     86.417     28.389    33.2826    25.6932    1486.42 0.0000e+00
       1536 135.546082     28.614     9.5055  35.972477     0.4473 6.4238e-01    248.907     86.360     28.352    33.2827    25.6933    1486.42 0.0000e+00
       1537 135.546082     28.576     9.5057  35.972843     0.4498 6.4983e-01    248.975     86.384     28.314    33.2829    25.6934    1486.42 0.0000e+00
       1538 135.546097     28.537     9.5060  35.973228     0.4398 6.5203e-01    248.902     86.360     28.275    33.2830    25.6934    1486.42 0.0000e+00
