Loch_Etive/CTD_data_2024/sbe19p_5262_20240514_re5b.cnv
* Sea-Bird SBE 19plus Data File:
* FileName = C:\Data\sbe55_sbe19p_5262\2024-05-14\sbe19p_5262_20240514_RE5b033.hex
* Software Version SeatermAF 2.1.4
* Temperature SN = 5262
* Conductivity SN = 5262
* System UpLoad Time = May 14 2024 11:07:13 (localtime) = May 14 2024 11:07:13 (UTC)
* ds
* SeacatPlus V 1.6b  SERIAL NO. 5262    14 May 2024  11:08:22
# nquan = 14                                
# nvalues = 5265                        
# units = specified
# name 0 = scan: Scan Count
# name 1 = timeJ: Julian Days
# name 2 = prdM: Pressure, Strain Gauge [db]
# name 3 = tv290C: Temperature [ITS-90, deg C]
# name 4 = c0mS/cm: Conductivity [mS/cm]
# name 5 = wetStar: Fluorescence, WET Labs WETstar [mg/m^3]
# name 6 = par: PAR/Irradiance, Biospherical/Licor [umol photons/m^2/sec]
# name 7 = sbeox0Mm/L: Oxygen, SBE 43 [umol/l]
# name 8 = sbeox0PS: Oxygen, SBE 43 [% saturation]
# name 9 = depSM: Depth [salt water, m], lat = 56
# name 10 = sal00: Salinity, Practical [PSU]
# name 11 = sigma-é00: Density [sigma-theta, kg/m^3]
# name 12 = svCM: Sound Velocity [Chen-Millero, m/s]
# name 13 = flag: flag
# span 0 =        301,       5565       
# span 1 = 135.445953, 135.461197       
# span 2 =     -0.296,    140.177       
# span 3 =     9.5550,    13.9667       
# span 4 =   0.959181,  34.727650       
# span 5 =     0.1343,     4.1119       
# span 6 = 1.0000e-12, 9.6766e+02       
# span 7 =     34.089,    272.211       
# span 8 =     12.510,     90.786       
# span 9 =     -0.293,    138.854       
# span 10 =     0.6229,    28.6900      
# span 11 =    -0.1500,    21.4174      
# span 12 =    1459.34,    1496.74      
# span 13 = 0.0000e+00, 0.0000e+00      
# interval = seconds: 0.25
# start_time = May 14 2024 10:40:56 [Instrument's time stamp, header]
# bad_flag = -9.990e-29
*END*
[from data line 4026]
       4327 135.457611     73.680    13.3684  34.287712     0.4704 1.0000e-12     55.921     20.404     72.996    28.4115    21.2270    1494.86 0.0000e+00
       4328 135.457611     73.620    13.3668  34.281693     0.4729 1.0000e-12     56.124     20.478     72.937    28.4072    21.2240    1494.85 0.0000e+00
       4329 135.457611     73.560    13.3649  34.274937     0.4687 1.0000e-12     56.153     20.488     72.877    28.4025    21.2207    1494.83 0.0000e+00
       4330 135.457611     73.500    13.3627  34.268135     0.4729 1.0000e-12     56.185     20.500     72.818    28.3979    21.2176    1494.82 0.0000e+00
       4331 135.457626     73.439    13.3603  34.261539     0.4666 1.0000e-12     56.335     20.554     72.758    28.3937    21.2147    1494.81 0.0000e+00
       4332 135.457626     73.379    13.3578  34.254158     0.4737 1.0000e-12     56.238     20.518     72.698    28.3887    21.2114    1494.79 0.0000e+00
       4333 135.457626     73.318    13.3551  34.245922     0.4758 1.0000e-12     56.293     20.537     72.638    28.3832    21.2077    1494.77 0.0000e+00
       4334 135.457626     73.256    13.3520  34.238472     0.4683 1.0000e-12     56.294     20.537     72.577    28.3787    21.2047    1494.76 0.0000e+00
       4335 135.457626     73.195    13.3489  34.233006     0.4679 1.0000e-12     56.315     20.544     72.516    28.3760    21.2032    1494.74 0.0000e+00
       4336 135.457642     73.133    13.3462  34.229046     0.4687 1.0000e-12     56.158     20.486     72.455    28.3744    21.2025    1494.73 0.0000e+00
       4337 135.457642     73.072    13.3440  34.224602     0.4716 1.0000e-12     56.206     20.503     72.394    28.3720    21.2011    1494.72 0.0000e+00
       4338 135.457642     73.011    13.3419  34.218811     0.4687 1.0000e-12     56.227     20.510     72.334    28.3682    21.1986    1494.71 0.0000e+00
       4339 135.457642     72.950    13.3396  34.213322     0.4687 1.0000e-12     56.110     20.466     72.273    28.3649    21.1964    1494.69 0.0000e+00
       4340 135.457642     72.888    13.3373  34.209179     0.4695 1.0000e-12     55.966     20.413     72.212    28.3628    21.1953    1494.68 0.0000e+00
       4341 135.457657     72.826    13.3352  34.205917     0.4683 1.0000e-12     56.048     20.443     72.151    28.3614    21.1946    1494.67 0.0000e+00
       4342 135.457657     72.765    13.3333  34.202824     0.4716 1.0000e-12     56.169     20.487     72.090    28.3600    21.1939    1494.66 0.0000e+00
       4343 135.457657     72.703    13.3316  34.199261     0.4679 1.0000e-12     56.229     20.508     72.029    28.3580    21.1927    1494.66 0.0000e+00
       4344 135.457657     72.641    13.3298  34.195747     0.4721 1.0000e-12     56.264     20.521     71.967    28.3561    21.1916    1494.65 0.0000e+00
       4345 135.457657     72.578    13.3280  34.193176     0.4687 1.0000e-12     56.145     20.477     71.905    28.3551    21.1911    1494.64 0.0000e+00
       4346 135.457672     72.515    13.3264  34.191551     0.4662 1.0000e-12     56.223     20.505     71.842    28.3548    21.1912    1494.63 0.0000e+00
       4347 135.457672     72.451    13.3252  34.190380     0.4733 1.0000e-12     56.239     20.511     71.779    28.3547    21.1914    1494.63 0.0000e+00
       4348 135.457672     72.387    13.3242  34.188931     0.4683 1.0000e-12     56.210     20.499     71.716    28.3541    21.1911    1494.62 0.0000e+00
       4349 135.457672     72.323    13.3233  34.187069     0.4670 1.0000e-12     56.407     20.571     71.652    28.3531    21.1905    1494.62 0.0000e+00
       4350 135.457672     72.258    13.3223  34.185101     0.4687 1.0000e-12     56.265     20.518     71.588    28.3521    21.1899    1494.61 0.0000e+00
       4351 135.457672     72.193    13.3212  34.182926     0.4695 1.0000e-12     56.498     20.601     71.524    28.3509    21.1891    1494.60 0.0000e+00
       4352 135.457687     72.129    13.3201  34.180447     0.4725 1.0000e-12     56.584     20.632     71.460    28.3494    21.1882    1494.60 0.0000e+00
       4353 135.457687     72.065    13.3189  34.177841     0.4700 1.0000e-12     56.835     20.722     71.396    28.3479    21.1873    1494.59 0.0000e+00
       4354 135.457687     72.001    13.3177  34.175346     0.4725 1.0000e-12     56.746     20.689     71.334    28.3466    21.1865    1494.58 0.0000e+00
       4355 135.457687     71.938    13.3165  34.172935     0.4670 1.0000e-12     56.764     20.695     71.271    28.3453    21.1858    1494.58 0.0000e+00
       4356 135.457687     71.876    13.3153  34.170444     0.4704 1.0000e-12     56.915     20.748     71.209    28.3439    21.1849    1494.57 0.0000e+00
       4357 135.457703     71.814    13.3142  34.168095     0.4695 1.0000e-12     56.885     20.736     71.148    28.3426    21.1841    1494.56 0.0000e+00
       4358 135.457703     71.751    13.3132  34.166260     0.4721 1.0000e-12     57.005     20.780     71.086    28.3417    21.1836    1494.56 0.0000e+00
       4359 135.457703     71.688    13.3124  34.164932     0.4687 1.0000e-12     57.125     20.823     71.023    28.3411    21.1833    1494.55 0.0000e+00
       4360 135.457703     71.625    13.3118  34.163662     0.4712 1.0000e-12     57.167     20.838     70.961    28.3404    21.1828    1494.55 0.0000e+00
       4361 135.457703     71.561    13.3114  34.162075     0.4704 1.0000e-12     57.377     20.914     70.897    28.3392    21.1820    1494.55 0.0000e+00
       4362 135.457718     71.496    13.3110  34.160183     0.4666 1.0000e-12     57.548     20.975     70.833    28.3378    21.1810    1494.54 0.0000e+00
       4363 135.457718     71.430    13.3106  34.158081     0.4679 1.0000e-12     57.680     21.022     70.768    28.3362    21.1798    1494.54 0.0000e+00
       4364 135.457718     71.364    13.3100  34.155781     0.4733 1.0000e-12     57.632     21.003     70.702    28.3345    21.1787    1494.53 0.0000e+00
       4365 135.457718     71.297    13.3093  34.153114     0.4725 1.0000e-12     57.707     21.030     70.636    28.3326    21.1773    1494.53 0.0000e+00
       4366 135.457718     71.230    13.3085  34.150021     0.4716 1.0000e-12     57.850     21.079     70.570    28.3304    21.1758    1494.52 0.0000e+00
       4367 135.457733     71.164    13.3075  34.146580     0.4687 1.0000e-12     57.743     21.036     70.504    28.3280    21.1741    1494.51 0.0000e+00
       4368 135.457733     71.099    13.3063  34.142696     0.4716 1.0000e-12     58.000     21.125     70.439    28.3254    21.1723    1494.51 0.0000e+00
       4369 135.457733     71.034    13.3049  34.138542     0.4687 1.0000e-12     58.014     21.127     70.375    28.3226    21.1704    1494.50 0.0000e+00
       4370 135.457733     70.969    13.3033  34.134384     0.4725 1.0000e-12     58.133     21.167     70.311    28.3200    21.1687    1494.49 0.0000e+00
       4371 135.457733     70.905    13.3017  34.130360     0.4687 1.0000e-12     58.263     21.215     70.248    28.3175    21.1671    1494.48 0.0000e+00
       4372 135.457733     70.841    13.3001  34.126686     0.4674 1.0000e-12     58.308     21.230     70.184    28.3153    21.1657    1494.47 0.0000e+00
       4373 135.457748     70.777    13.2985  34.123093     0.4683 1.0000e-12     58.163     21.176     70.121    28.3132    21.1644    1494.46 0.0000e+00
       4374 135.457748     70.713    13.2970  34.119507     0.4653 1.0000e-12     58.079     21.143     70.058    28.3111    21.1630    1494.45 0.0000e+00
       4375 135.457748     70.649    13.2955  34.116470     0.4704 1.0000e-12     58.398     21.257     69.994    28.3094    21.1620    1494.44 0.0000e+00
       4376 135.457748     70.585    13.2941  34.114071     0.4649 1.0000e-12     58.362     21.242     69.930    28.3083    21.1614    1494.44 0.0000e+00
       4377 135.457748     70.520    13.2929  34.111851     0.4695 1.0000e-12     58.383     21.247     69.866    28.3072    21.1608    1494.43 0.0000e+00
       4378 135.457764     70.455    13.2917  34.109192     0.4737 1.0000e-12     58.656     21.344     69.802    28.3056    21.1598    1494.42 0.0000e+00
       4379 135.457764     70.390    13.2906  34.105251     0.4721 1.0000e-12     58.754     21.375     69.737    28.3029    21.1579    1494.41 0.0000e+00
       4380 135.457764     70.325    13.2890  34.100151     0.4708 1.0000e-12     58.880     21.417     69.673    28.2993    21.1554    1494.40 0.0000e+00
       4381 135.457764     70.259    13.2871  34.094669     0.4679 1.0000e-12     58.922     21.431     69.608    28.2958    21.1531    1494.39 0.0000e+00
       4382 135.457764     70.194    13.2846  34.088528     0.4737 1.0000e-12     59.022     21.465     69.543    28.2920    21.1506    1494.38 0.0000e+00
       4383 135.457779     70.129    13.2816  34.080784     0.4712 1.0000e-12     59.122     21.500     69.479    28.2871    21.1474    1494.36 0.0000e+00
       4384 135.457779     70.064    13.2779  34.071033     0.4662 1.0000e-12     59.215     21.532     69.414    28.2809    21.1433    1494.34 0.0000e+00
       4385 135.457779     69.999    13.2734  34.060200     0.4670 1.0000e-12     59.494     21.631     69.350    28.2743    21.1391    1494.32 0.0000e+00
       4386 135.457779     69.935    13.2683  34.050262     0.4679 1.0000e-12     59.505     21.633     69.287    28.2690    21.1360    1494.29 0.0000e+00
       4387 135.457779     69.870    13.2630  34.042545     0.4695 1.0000e-12     59.660     21.688     69.223    28.2658    21.1345    1494.27 0.0000e+00
       4388 135.457779     69.806    13.2584  34.036842     0.4700 1.0000e-12     59.708     21.704     69.159    28.2640    21.1340    1494.25 0.0000e+00
       4389 135.457794     69.741    13.2545  34.031948     0.4712 1.0000e-12     59.971     21.799     69.094    28.2624    21.1335    1494.23 0.0000e+00
       4390 135.457794     69.676    13.2514  34.026554     0.4674 1.0000e-12     60.097     21.843     69.030    28.2598    21.1320    1494.22 0.0000e+00
       4391 135.457794     69.611    13.2485  34.020153     0.4645 1.0000e-12     60.112     21.846     68.966    28.2560    21.1297    1494.20 0.0000e+00
       4392 135.457794     69.547    13.2455  34.012970     0.4653 1.0000e-12     60.229     21.886     68.902    28.2517    21.1269    1494.19 0.0000e+00
       4393 135.457794     69.482    13.2422  34.005276     0.4683 1.0000e-12     60.266     21.897     68.838    28.2471    21.1240    1494.17 0.0000e+00
       4394 135.457809     69.416    13.2384  33.996788     0.4700 1.0000e-12     60.321     21.916     68.773    28.2421    21.1208    1494.15 0.0000e+00
       4395 135.457809     69.351    13.2344  33.987152     0.4679 1.0000e-12     60.397     21.943     68.708    28.2362    21.1171    1494.13 0.0000e+00
       4396 135.457809     69.285    13.2298  33.976807     0.4679 1.0000e-12     60.498     21.979     68.643    28.2301    21.1132    1494.11 0.0000e+00
       4397 135.457809     69.219    13.2249  33.966991     0.4708 1.0000e-12     60.671     22.041     68.577    28.2247    21.1100    1494.08 0.0000e+00
       4398 135.457809     69.153    13.2199  33.958797     0.4716 1.0000e-12     60.807     22.089     68.512    28.2209    21.1080    1494.06 0.0000e+00
       4399 135.457825     69.086    13.2153  33.951881     0.5040 1.0000e-12     61.000     22.157     68.446    28.2180    21.1066    1494.04 0.0000e+00
       4400 135.457825     69.020    13.2113  33.945305     0.4733 1.0000e-12     61.046     22.172     68.380    28.2149    21.1050    1494.02 0.0000e+00
       4401 135.457825     68.953    13.2077  33.938835     0.4750 1.0000e-12     61.195     22.225     68.315    28.2117    21.1032    1494.00 0.0000e+00
       4402 135.457825     68.887    13.2043  33.932442     0.4687 1.0000e-12     61.516     22.342     68.249    28.2083    21.1012    1493.99 0.0000e+00
       4403 135.457825     68.822    13.2010  33.926128     0.4695 1.0000e-12     61.364     22.285     68.184    28.2050    21.0993    1493.97 0.0000e+00
       4404 135.457840     68.756    13.1977  33.920433     0.4712 1.0000e-12     61.498     22.332     68.119    28.2021    21.0977    1493.96 0.0000e+00
       4405 135.457840     68.691    13.1947  33.915581     0.4704 1.0000e-12     61.434     22.305     68.054    28.1999    21.0966    1493.94 0.0000e+00
       4406 135.457840     68.625    13.1920  33.910954     0.4683 1.0000e-12     61.830     22.444     67.989    28.1977    21.0954    1493.93 0.0000e+00
       4407 135.457840     68.560    13.1895  33.905899     0.4687 1.0000e-12     61.902     22.468     67.925    28.1949    21.0937    1493.92 0.0000e+00
       4408 135.457840     68.495    13.1870  33.900108     0.4687 1.0000e-12     61.782     22.423     67.860    28.1915    21.0915    1493.90 0.0000e+00
       4409 135.457840     68.429    13.1842  33.893810     0.4725 1.0000e-12     61.650     22.372     67.795    28.1877    21.0891    1493.89 0.0000e+00
       4410 135.457855     68.364    13.1812  33.887901     0.4725 1.0000e-12     61.861     22.443     67.731    28.1845    21.0872    1493.87 0.0000e+00
       4411 135.457855     68.298    13.1782  33.883083     0.4742 1.0000e-12     62.000     22.491     67.665    28.1824    21.0861    1493.86 0.0000e+00
       4412 135.457855     68.231    13.1755  33.879124     0.4695 1.0000e-12     62.141     22.539     67.599    28.1807    21.0854    1493.85 0.0000e+00
       4413 135.457855     68.165    13.1732  33.875294     0.4679 1.0000e-12     62.139     22.537     67.533    28.1790    21.0844    1493.84 0.0000e+00
       4414 135.457855     68.098    13.1711  33.871120     0.4687 1.0000e-12     62.383     22.624     67.467    28.1767    21.0831    1493.82 0.0000e+00
       4415 135.457870     68.032    13.1690  33.866653     0.4712 1.0000e-12     62.606     22.703     67.401    28.1741    21.0814    1493.81 0.0000e+00
       4416 135.457870     67.965    13.1669  33.862076     0.4695 1.0000e-12     62.776     22.760     67.336    28.1715    21.0798    1493.80 0.0000e+00
       4417 135.457870     67.899    13.1647  33.857525     0.4784 1.0000e-12     63.040     22.851     67.270    28.1689    21.0783    1493.79 0.0000e+00
       4418 135.457870     67.833    13.1625  33.853138     0.4712 1.0000e-12     63.267     22.930     67.204    28.1666    21.0769    1493.78 0.0000e+00
       4419 135.457870     67.766    13.1603  33.848755     0.4683 1.0000e-12     63.557     23.033     67.138    28.1641    21.0754    1493.77 0.0000e+00
       4420 135.457886     67.699    13.1582  33.843624     0.4733 1.0000e-12     63.715     23.090     67.072    28.1610    21.0734    1493.76 0.0000e+00
       4421 135.457886     67.633    13.1560  33.836708     0.4700 1.0000e-12     63.887     23.149     67.007    28.1563    21.0702    1493.74 0.0000e+00
       4422 135.457886     67.567    13.1533  33.827438     0.4712 1.0000e-12     64.046     23.204     66.941    28.1498    21.0656    1493.72 0.0000e+00
       4423 135.457886     67.501    13.1498  33.816624     0.4733 1.0000e-12     64.306     23.295     66.875    28.1424    21.0606    1493.70 0.0000e+00
       4424 135.457886     67.434    13.1456  33.806358     0.4758 1.0000e-12     64.444     23.345     66.809    28.1361    21.0565    1493.68 0.0000e+00
       4425 135.457901     67.367    13.1410  33.797367     0.4729 1.0000e-12     64.770     23.461     66.743    28.1312    21.0536    1493.66 0.0000e+00
       4426 135.457901     67.300    13.1366  33.787739     0.4725 1.0000e-12     64.953     23.526     66.676    28.1256    21.0501    1493.63 0.0000e+00
       4427 135.457901     67.232    13.1321  33.776402     0.4712 1.0000e-12     65.130     23.588     66.610    28.1185    21.0454    1493.61 0.0000e+00
       4428 135.457901     67.165    13.1273  33.765320     0.4708 1.0000e-12     65.309     23.649     66.543    28.1119    21.0413    1493.58 0.0000e+00
       4429 135.457901     67.097    13.1221  33.756302     0.4616 1.0000e-12     65.343     23.658     66.476    28.1074    21.0388    1493.56 0.0000e+00
