Loch_Etive/CTD_data_2024/sbe55_sbe19p_5215_20250527_re5.cnv
* Sea-Bird SBE 19plus Data File:
* FileName = C:\Data\sbe55_sbe19p_5215\2025-05-27\sbe55_sbe19p_5215_20250527_re5062.hex
* Software Version SeatermAF 2.1.4
* Temperature SN = 5215
* Conductivity SN = 5215
* System UpLoad Time = May 27 2025 09:01:13 (localtime) = May 27 2025 09:01:13 (UTC)
* ds
* SeacatPlus V 1.6b  SERIAL NO. 5215    27 May 2025  09:00:35
# nquan = 15                                
# nvalues = 2699                        
# units = specified
# name 0 = scan: Scan Count
# name 1 = timeJ: Julian Days
# name 2 = depSM: Depth [salt water, m], lat = 56.00
# name 3 = prdM: Pressure, Strain Gauge [db]
# name 4 = tv290C: Temperature [ITS-90, deg C]
# name 5 = c0mS/cm: Conductivity [mS/cm]
# name 6 = flECO-AFL: Fluorescence, WET Labs ECO-AFL/FL [mg/m^3]
# name 7 = par/sat/log: PAR/Logarithmic, Satlantic [umol photons/m^2/sec]
# name 8 = sbeox0Mm/L: Oxygen, SBE 43 [umol/l]
# name 9 = sbeox0PS: Oxygen, SBE 43 [% saturation]
# name 10 = depSM: Depth [salt water, m], lat = 56
# name 11 = sal00: Salinity, Practical [PSU]
# name 12 = sigma-é00: Density [sigma-theta, kg/m^3]
# name 13 = svCM: Sound Velocity [Chen-Millero, m/s]
# name 14 = flag: flag
# span 0 =        301,       2999       
# span 1 = 147.359497, 147.367310       
# span 2 =     -0.142,    134.532       
# span 3 =     -0.143,    135.812       
# span 4 =    10.6452,    12.2733       
# span 5 =   1.926688,  32.667648       
# span 6 =    -0.0906,   123.8565       
# span 7 = 5.2948e-02, 7.4820e+02       
# span 8 =    189.303,    306.578       
# span 9 =     65.325,     98.024       
# span 10 =     -0.142,    134.532      
# span 11 =     1.3253,    28.0169      
# span 12 =     0.5112,    21.2090      
# span 13 =    1457.33,    1490.06      
# span 14 = 0.0000e+00, 0.0000e+00      
# interval = seconds: 0.25
# start_time = May 27 2025 08:36:26 [Instrument's time stamp, header]
# bad_flag = -9.990e-29
*END*
[from data line 1157]
       1458 147.362854    132.978    134.243    11.8071  32.637466     1.9179 5.3191e-02    261.896     92.357    132.978    28.0157    21.2082    1490.03 0.0000e+00
       1459 147.362854    133.075    134.341    11.8071  32.637505     1.9198 5.3156e-02    261.633     92.264    133.075    28.0157    21.2082    1490.03 0.0000e+00
       1460 147.362854    133.172    134.439    11.8070  32.637470     1.8320 5.3098e-02    261.699     92.288    133.172    28.0157    21.2082    1490.03 0.0000e+00
       1461 147.362854    133.269    134.537    11.8070  32.637386     1.8320 5.3017e-02    261.795     92.322    133.269    28.0156    21.2082    1490.03 0.0000e+00
       1462 147.362869    133.368    134.636    11.8069  32.637302     1.8988 5.3040e-02    262.075     92.421    133.368    28.0155    21.2081    1490.03 0.0000e+00
       1463 147.362869    133.466    134.735    11.8068  32.637203     1.8931 5.2994e-02    261.801     92.324    133.466    28.0155    21.2081    1490.03 0.0000e+00
       1464 147.362869    133.563    134.833    11.8067  32.637119     1.8397 5.3075e-02    261.986     92.389    133.563    28.0155    21.2081    1490.03 0.0000e+00
       1465 147.362869    133.657    134.929    11.8066  32.637135     1.8378 5.3168e-02    262.105     92.431    133.657    28.0155    21.2082    1490.04 0.0000e+00
       1466 147.362869    133.749    135.021    11.8065  32.637302     1.8053 5.3098e-02    262.261     92.486    133.749    28.0157    21.2083    1490.04 0.0000e+00
       1467 147.362869    133.839    135.112    11.8065  32.637646     1.8092 5.3098e-02    262.134     92.441    133.839    28.0160    21.2085    1490.04 0.0000e+00
       1468 147.362885    133.927    135.202    11.8067  32.638165     1.9656 5.3087e-02    262.067     92.418    133.927    28.0163    21.2088    1490.04 0.0000e+00
       1469 147.362885    134.014    135.289    11.8069  32.638744     1.9751 5.3075e-02    261.906     92.361    134.014    28.0167    21.2090    1490.04 0.0000e+00
       1470 147.362885    134.100    135.375    11.8073  32.639256     1.8969 5.3098e-02    261.904     92.361    134.100    28.0168    21.2090    1490.05 0.0000e+00
       1471 147.362885    134.181    135.458    11.8078  32.639671     1.8969 5.3087e-02    261.832     92.335    134.181    28.0169    21.2090    1490.05 0.0000e+00
       1472 147.362885    134.258    135.535    11.8082  32.639992     1.9331 5.3075e-02    261.844     92.339    134.258    28.0168    21.2089    1490.05 0.0000e+00
       1473 147.362900    134.327    135.605    11.8085  32.640232     1.9236 5.3098e-02    262.159     92.450    134.327    28.0168    21.2088    1490.05 0.0000e+00
       1474 147.362900    134.388    135.666    11.8087  32.640400     1.8969 5.3040e-02    262.012     92.398    134.388    28.0167    21.2087    1490.06 0.0000e+00
       1475 147.362900    134.438    135.717    11.8090  32.640533     1.9045 5.3203e-02    262.348     92.516    134.438    28.0167    21.2087    1490.06 0.0000e+00
       1476 147.362900    134.477    135.757    11.8091  32.640656     1.8950 5.3040e-02    262.265     92.486    134.477    28.0167    21.2086    1490.06 0.0000e+00
       1477 147.362900    134.505    135.785    11.8092  32.640759     1.8988 5.3075e-02    262.345     92.515    134.505    28.0167    21.2086    1490.06 0.0000e+00
       1478 147.362915    134.523    135.803    11.8093  32.640812     1.8320 5.3087e-02    262.242     92.478    134.523    28.0166    21.2086    1490.06 0.0000e+00
       1479 147.362915    134.532    135.812    11.8094  32.640827     1.8454 5.3110e-02    262.318     92.505    134.532    28.0166    21.2085    1490.06 0.0000e+00
       1480 147.362915    134.532    135.812    11.8095  32.640831     2.1963 5.3168e-02    262.345     92.514    134.532    28.0165    21.2085    1490.06 0.0000e+00
       1481 147.362915    134.523    135.803    11.8095  32.640827     2.2078 5.3098e-02    262.240     92.477    134.523    28.0165    21.2084    1490.06 0.0000e+00
       1482 147.362915    134.505    135.784    11.8096  32.640812     2.1963 5.3110e-02    262.249     92.480    134.505    28.0165    21.2084    1490.06 0.0000e+00
       1483 147.362915    134.478    135.757    11.8096  32.640793     2.1868 5.3098e-02    262.212     92.466    134.478    28.0165    21.2084    1490.06 0.0000e+00
       1484 147.362930    134.443    135.723    11.8096  32.640785     2.2040 5.3156e-02    262.116     92.433    134.443    28.0165    21.2084    1490.06 0.0000e+00
       1485 147.362930    134.403    135.682    11.8096  32.640778     2.3508 5.3052e-02    261.939     92.370    134.403    28.0165    21.2084    1490.06 0.0000e+00
       1486 147.362930    134.357    135.636    11.8096  32.640755     2.3699 5.3075e-02    261.884     92.350    134.357    28.0164    21.2084    1490.06 0.0000e+00
       1487 147.362930    134.306    135.584    11.8096  32.640717     2.0590 5.3133e-02    261.810     92.323    134.306    28.0164    21.2083    1490.06 0.0000e+00
       1488 147.362930    134.250    135.528    11.8096  32.640678     2.0533 5.3156e-02    261.897     92.354    134.250    28.0164    21.2083    1490.06 0.0000e+00
       1489 147.362946    134.190    135.467    11.8096  32.640606     2.0247 5.3098e-02    262.142     92.439    134.190    28.0163    21.2083    1490.06 0.0000e+00
       1490 147.362946    134.126    135.402    11.8096  32.640488     2.0361 5.3040e-02    262.145     92.441    134.126    28.0163    21.2083    1490.05 0.0000e+00
       1491 147.362946    134.058    135.334    11.8095  32.640354     2.4252 5.3087e-02    262.279     92.488    134.058    28.0162    21.2082    1490.05 0.0000e+00
       1492 147.362946    133.988    135.263    11.8094  32.640232     2.4290 5.3145e-02    262.280     92.489    133.988    28.0162    21.2082    1490.05 0.0000e+00
       1493 147.362946    133.916    135.190    11.8093  32.640106     2.1048 5.3180e-02    262.444     92.547    133.916    28.0162    21.2082    1490.05 0.0000e+00
       1494 147.362961    133.843    135.116    11.8093  32.639988     2.1201 5.3191e-02    262.385     92.526    133.843    28.0162    21.2082    1490.05 0.0000e+00
       1495 147.362961    133.770    135.042    11.8092  32.639881     2.3241 5.3064e-02    262.311     92.500    133.770    28.0161    21.2082    1490.05 0.0000e+00
       1496 147.362961    133.696    134.968    11.8091  32.639763     2.3470 5.3098e-02    262.086     92.421    133.696    28.0161    21.2082    1490.05 0.0000e+00
       1497 147.362961    133.624    134.895    11.8090  32.639618     1.9598 5.3226e-02    261.777     92.312    133.623    28.0161    21.2082    1490.04 0.0000e+00
       1498 147.362961    133.550    134.821    11.8089  32.639439     1.9427 5.3156e-02    261.678     92.278    133.550    28.0160    21.2081    1490.04 0.0000e+00
       1499 147.362976    133.476    134.746    11.8088  32.639233     1.9789 5.3110e-02    261.737     92.299    133.476    28.0159    21.2081    1490.04 0.0000e+00
       1500 147.362976    133.400    134.669    11.8087  32.639069     1.9846 5.3098e-02    261.677     92.278    133.400    28.0159    21.2081    1490.04 0.0000e+00
       1501 147.362976    133.322    134.591    11.8086  32.638916     2.0266 5.3075e-02    261.715     92.292    133.322    28.0159    21.2081    1490.04 0.0000e+00
       1502 147.362976    133.244    134.511    11.8085  32.638710     2.0228 5.3168e-02    261.746     92.302    133.244    28.0158    21.2080    1490.04 0.0000e+00
       1503 147.362976    133.166    134.432    11.8084  32.638447     2.0228 5.3075e-02    261.827     92.331    133.166    28.0156    21.2079    1490.03 0.0000e+00
       1504 147.362976    133.089    134.355    11.8082  32.638180     2.0190 5.3133e-02    261.924     92.366    133.089    28.0155    21.2079    1490.03 0.0000e+00
       1505 147.362991    133.013    134.279    11.8080  32.637997     2.2784 5.3133e-02    262.005     92.395    133.013    28.0155    21.2079    1490.03 0.0000e+00
       1506 147.362991    132.939    134.203    11.8078  32.637917     2.3089 5.3098e-02    261.953     92.377    132.939    28.0156    21.2080    1490.03 0.0000e+00
       1507 147.362991    132.863    134.127    11.8077  32.637859     2.2974 5.3203e-02    261.943     92.373    132.863    28.0156    21.2080    1490.03 0.0000e+00
       1508 147.362991    132.786    134.049    11.8077  32.637810     1.9675 5.3133e-02    261.929     92.368    132.786    28.0156    21.2080    1490.02 0.0000e+00
       1509 147.362991    132.708    133.970    11.8077  32.637810     1.9484 5.3145e-02    261.830     92.333    132.708    28.0157    21.2081    1490.02 0.0000e+00
       1510 147.363007    132.630    133.891    11.8077  32.637844     2.0895 5.3098e-02    261.650     92.270    132.630    28.0157    21.2081    1490.02 0.0000e+00
       1511 147.363007    132.552    133.813    11.8077  32.637875     2.0991 5.3133e-02    261.710     92.291    132.552    28.0158    21.2081    1490.02 0.0000e+00
       1512 147.363007    132.476    133.736    11.8078  32.637920     2.1086 5.3180e-02    261.902     92.359    132.476    28.0158    21.2081    1490.02 0.0000e+00
       1513 147.363007    132.400    133.660    11.8079  32.637993     2.1201 5.3145e-02    261.896     92.356    132.400    28.0158    21.2081    1490.02 0.0000e+00
       1514 147.363007    132.325    133.584    11.8080  32.638088     2.2841 5.3052e-02    261.936     92.371    132.325    28.0158    21.2081    1490.02 0.0000e+00
       1515 147.363022    132.249    133.507    11.8082  32.638180     2.2917 5.3098e-02    262.276     92.490    132.249    28.0158    21.2081    1490.02 0.0000e+00
       1516 147.363022    132.172    133.429    11.8083  32.638256     2.4271 5.3064e-02    262.083     92.422    132.172    28.0158    21.2081    1490.02 0.0000e+00
       1517 147.363022    132.093    133.349    11.8085  32.638309     2.4214 5.3168e-02    262.100     92.429    132.093    28.0158    21.2080    1490.02 0.0000e+00
       1518 147.363022    132.014    133.269    11.8086  32.638367     2.1983 5.3075e-02    262.184     92.458    132.014    28.0158    21.2080    1490.02 0.0000e+00
       1519 147.363022    131.936    133.190    11.8087  32.638432     2.2021 5.3133e-02    262.111     92.432    131.936    28.0158    21.2080    1490.01 0.0000e+00
       1520 147.363037    131.858    133.112    11.8088  32.638500     2.2021 5.3110e-02    262.039     92.407    131.858    28.0158    21.2080    1490.01 0.0000e+00
       1521 147.363037    131.781    133.034    11.8089  32.638565     2.2116 5.3029e-02    262.198     92.462    131.781    28.0158    21.2080    1490.01 0.0000e+00
       1522 147.363037    131.703    132.956    11.8090  32.638626     2.2726 5.3075e-02    262.148     92.445    131.703    28.0158    21.2080    1490.01 0.0000e+00
       1523 147.363037    131.624    132.875    11.8091  32.638653     2.2746 5.3075e-02    262.065     92.415    131.624    28.0158    21.2079    1490.01 0.0000e+00
       1524 147.363037    131.542    132.793    11.8092  32.638657     2.0819 5.3029e-02    262.071     92.417    131.542    28.0158    21.2079    1490.01 0.0000e+00
       1525 147.363037    131.459    132.709    11.8093  32.638668     2.0914 5.3087e-02    262.084     92.422    131.459    28.0158    21.2078    1490.01 0.0000e+00
       1526 147.363052    131.376    132.625    11.8093  32.638683     2.0151 5.3029e-02    261.919     92.364    131.376    28.0158    21.2079    1490.01 0.0000e+00
       1527 147.363052    131.295    132.543    11.8093  32.638683     2.0113 5.3064e-02    262.056     92.412    131.295    28.0158    21.2079    1490.01 0.0000e+00
       1528 147.363052    131.215    132.462    11.8093  32.638645     2.4195 5.3133e-02    262.073     92.418    131.215    28.0158    21.2078    1490.00 0.0000e+00
       1529 147.363052    131.136    132.383    11.8093  32.638584     2.4176 5.3064e-02    261.996     92.391    131.136    28.0157    21.2078    1490.00 0.0000e+00
       1530 147.363052    131.057    132.303    11.8093  32.638515     1.9808 5.3075e-02    262.094     92.425    131.057    28.0157    21.2078    1490.00 0.0000e+00
       1531 147.363068    130.975    132.220    11.8093  32.638470     1.9923 5.3098e-02    262.125     92.436    130.975    28.0157    21.2078    1490.00 0.0000e+00
       1532 147.363068    130.892    132.136    11.8093  32.638435     1.9751 5.3133e-02    262.066     92.415    130.892    28.0157    21.2078    1490.00 0.0000e+00
       1533 147.363068    130.806    132.050    11.8093  32.638386     2.2154 5.3110e-02    261.965     92.380    130.806    28.0157    21.2078    1490.00 0.0000e+00
       1534 147.363068    130.721    131.964    11.8092  32.638340     2.1983 5.3087e-02    261.925     92.365    130.721    28.0157    21.2078    1490.00 0.0000e+00
       1535 147.363068    130.637    131.878    11.8092  32.638294     2.1048 5.3133e-02    261.962     92.378    130.637    28.0157    21.2078    1489.99 0.0000e+00
       1536 147.363083    130.553    131.794    11.8092  32.638233     2.1162 5.2994e-02    261.802     92.322    130.553    28.0157    21.2078    1489.99 0.0000e+00
       1537 147.363083    130.470    131.710    11.8092  32.638161     2.1105 5.3133e-02    261.662     92.272    130.470    28.0157    21.2078    1489.99 0.0000e+00
       1538 147.363083    130.386    131.625    11.8091  32.638084     2.0991 5.3098e-02    261.743     92.301    130.386    28.0157    21.2078    1489.99 0.0000e+00
       1539 147.363083    130.302    131.540    11.8091  32.637997     2.3261 5.3052e-02    261.820     92.328    130.302    28.0157    21.2078    1489.99 0.0000e+00
       1540 147.363083    130.217    131.454    11.8090  32.637924     2.3413 5.3180e-02    261.761     92.307    130.217    28.0157    21.2078    1489.99 0.0000e+00
       1541 147.363083    130.131    131.368    11.8090  32.637844     2.2364 5.3098e-02    261.692     92.283    130.131    28.0157    21.2078    1489.99 0.0000e+00
       1542 147.363098    130.045    131.281    11.8089  32.637745     2.2555 5.3110e-02    261.730     92.296    130.045    28.0156    21.2078    1489.98 0.0000e+00
       1543 147.363098    129.961    131.196    11.8089  32.637642     2.1849 5.3145e-02    261.775     92.312    129.961    28.0156    21.2077    1489.98 0.0000e+00
       1544 147.363098    129.877    131.111    11.8089  32.637547     2.1716 5.3052e-02    261.840     92.335    129.877    28.0155    21.2077    1489.98 0.0000e+00
       1545 147.363098    129.793    131.027    11.8089  32.637466     2.2612 5.3156e-02    262.072     92.417    129.793    28.0155    21.2077    1489.98 0.0000e+00
       1546 147.363098    129.709    130.942    11.8088  32.637405     2.2612 5.3098e-02    262.212     92.466    129.709    28.0155    21.2077    1489.98 0.0000e+00
       1547 147.363113    129.625    130.857    11.8088  32.637341     2.0647 5.3052e-02    262.136     92.439    129.625    28.0155    21.2077    1489.98 0.0000e+00
       1548 147.363113    129.540    130.771    11.8088  32.637287     2.0800 5.3110e-02    262.283     92.491    129.540    28.0155    21.2077    1489.97 0.0000e+00
       1549 147.363113    129.456    130.686    11.8087  32.637241     2.1506 5.3110e-02    262.324     92.506    129.456    28.0155    21.2077    1489.97 0.0000e+00
       1550 147.363113    129.372    130.602    11.8087  32.637196     2.1410 5.3075e-02    262.251     92.480    129.372    28.0156    21.2077    1489.97 0.0000e+00
       1551 147.363113    129.291    130.519    11.8086  32.637142     2.4367 5.3180e-02    262.334     92.509    129.291    28.0156    21.2078    1489.97 0.0000e+00
       1552 147.363129    129.211    130.439    11.8086  32.637077     2.4157 5.2994e-02    262.152     92.445    129.211    28.0156    21.2078    1489.97 0.0000e+00
       1553 147.363129    129.132    130.359    11.8086  32.637005     2.2345 5.3145e-02    262.312     92.502    129.132    28.0156    21.2078    1489.97 0.0000e+00
