Loch_Etive/CTD_data_2024/sbe55_sbe19p_5215_20250527_re8.ros
* Sea-Bird SBE 19plus Data File:
* FileName = C:\Data\sbe55_sbe19p_5215\2025-05-27\sbe55_sbe19p_5215_20250527_re8066.hex
* Software Version SeatermAF 2.1.4
* Temperature SN = 5215
* Conductivity SN = 5215
* System UpLoad Time = May 27 2025 14:06:12 (localtime) = May 27 2025 14:06:12 (UTC)
* ds
* SeacatPlus V 1.6b  SERIAL NO. 5215    27 May 2025  14:04:23
# nquan = 12
# nvalues = 36                                    
# units = specified
# name 0 = scan: Scan Count
# name 1 = timeJ: Julian Days
# name 2 = depSM: Depth [salt water, m], lat = 56.00
# name 3 = prdM: Pressure, Strain Gauge [db]
# name 4 = tv290C: Temperature [ITS-90, deg C]
# name 5 = c0mS/cm: Conductivity [mS/cm]
# name 6 = flECO-AFL: Fluorescence, WET Labs ECO-AFL/FL [mg/m^3]
# name 7 = par/sat/log: PAR/Logarithmic, Satlantic [umol photons/m^2/sec]
# name 8 = sbeox0Mm/L: Oxygen, SBE 43 [umol/l]
# name 9 = sbeox0PS: Oxygen, SBE 43 [% saturation]
# name 10 = nbf: Bottles Fired
# name 11 = flag:  0.000e+00
# interval = seconds: 0.25
# start_time = May 27 2025 13:29:06 [Instrument's time stamp, header]
# bad_flag = -9.990e-29
*END*
        601 147.563611     29.635     29.910    10.6598  37.359075     2.0914 4.9978e+00    290.038    103.404          1  0.000e+00
        602 147.563614     29.643     29.918    10.6597  37.358194     2.3928 4.9717e+00    289.952    103.373          1  0.000e+00
        603 147.563617     29.701     29.976    10.6592  37.358059     2.3985 4.8706e+00    289.940    103.368          1  0.000e+00
        604 147.563620     29.764     30.039    10.6587  37.357721     2.3299 4.8188e+00    290.151    103.442          1  0.000e+00
        605 147.563623     29.813     30.089    10.6585  37.358195     2.3241 4.8325e+00    290.252    103.478          1  0.000e+00
        606 147.563626     29.792     30.067    10.6586  37.358737     2.3165 4.9069e+00    290.290    103.492          1  0.000e+00
        607 147.563628     29.701     29.976    10.6588  37.359617     2.3928 5.0604e+00    290.596    103.602          1  0.000e+00
        608 147.563631     29.537     29.810    10.6594  37.360090     2.3909 5.2426e+00    290.437    103.547          1  0.000e+00
        609 147.563634     29.353     29.625    10.6601  37.361038     1.9064 5.4208e+00    290.518    103.577          1  0.000e+00
        706 147.563915     20.463     20.652    10.8211  37.473481     2.4615 2.3380e+01    295.181    105.583          2  0.000e+00
        707 147.563918     20.399     20.588    10.8270  37.475853     1.9751 2.3278e+01    295.319    105.644          2  0.000e+00
        708 147.563921     20.388     20.577    10.8314  37.480803     1.9827 2.3304e+01    295.218    105.618          2  0.000e+00
        709 147.563924     20.384     20.572    10.8372  37.480870     1.6432 2.3401e+01    295.441    105.707          2  0.000e+00
        710 147.563927     20.340     20.528    10.8414  37.481480     1.6470 2.3570e+01    295.498    105.735          2  0.000e+00
        711 147.563929     20.251     20.438    10.8437  37.484260     1.6146 2.3923e+01    295.835    105.861          2  0.000e+00
        712 147.563932     20.109     20.294    10.8470  37.485005     1.6051 2.4477e+01    295.937    105.904          2  0.000e+00
        713 147.563935     19.950     20.134    10.8493  37.486292     1.4963 2.4941e+01    296.269    106.027          2  0.000e+00
        714 147.563938     19.811     19.993    10.8516  37.488190     1.5135 2.5398e+01    296.435    106.092          2  0.000e+00
        810 147.564216     10.799     10.898    11.0023  37.474712     2.1181 1.1319e+02    298.586    107.106          3  0.000e+00
        811 147.564219     10.808     10.908    11.0014  37.450575     2.1849 1.0800e+02    298.646    107.110          3  0.000e+00
        812 147.564222     10.789     10.888    11.0020  37.424140     2.1696 1.0601e+02    299.022    107.228          3  0.000e+00
        813 147.564225     10.741     10.840    11.0048  37.398186     2.2784 1.0788e+02    298.910    107.175          3  0.000e+00
        814 147.564227     10.651     10.749    11.0097  37.379622     2.2765 1.1026e+02    299.130    107.250          3  0.000e+00
        815 147.564230     10.522     10.618    11.0142  37.384092     2.7781 1.1615e+02    299.205    107.287          3  0.000e+00
        816 147.564233     10.395     10.491    11.0176  37.352122     2.7915 1.2130e+02    299.238    107.283          3  0.000e+00
        817 147.564236     10.305     10.400    11.0231  37.328828     2.2250 1.2775e+02    299.279    107.291          3  0.000e+00
        818 147.564239     10.250     10.344    11.0339  37.308382     2.2440 1.2725e+02    299.172    107.257          3  0.000e+00
        920 147.564534      1.872      1.889    11.7408  36.670869     1.3170 1.0209e+03    292.390    105.577          4  0.000e+00
        921 147.564537      1.798      1.815    11.7396  36.661458     1.1912 8.1223e+02    292.418    105.579          4  0.000e+00
        922 147.564540      1.726      1.742    11.7405  36.652854     1.2064 1.2687e+03    292.312    105.537          4  0.000e+00
        923 147.564543      1.645      1.660    11.7447  36.644654     1.1893 9.6560e+02    292.820    105.722          4  0.000e+00
        924 147.564546      1.586      1.600    11.7497  36.642166     1.2980 1.1600e+03    292.702    105.686          4  0.000e+00
        925 147.564549      1.555      1.570    11.7530  36.635781     1.2770 9.2797e+02    292.456    105.599          4  0.000e+00
        926 147.564552      1.544      1.559    11.7566  36.624224     1.1606 1.1926e+03    292.484    105.607          4  0.000e+00
        927 147.564554      1.544      1.558    11.7616  36.609442     1.1664 1.2565e+03    292.706    105.686          4  0.000e+00
        928 147.564557      1.519      1.533    11.7679  36.601111     1.1301 1.7934e+03    292.620    105.660          4  0.000e+00
