Loch_Etive/CTD_data_2024/sbe55_sbe19p_5215_20250527_re5.cnv
* Sea-Bird SBE 19plus Data File:
* FileName = C:\Data\sbe55_sbe19p_5215\2025-05-27\sbe55_sbe19p_5215_20250527_re5062.hex
* Software Version SeatermAF 2.1.4
* Temperature SN = 5215
* Conductivity SN = 5215
* System UpLoad Time = May 27 2025 09:01:13 (localtime) = May 27 2025 09:01:13 (UTC)
* ds
* SeacatPlus V 1.6b  SERIAL NO. 5215    27 May 2025  09:00:35
# nquan = 15                                
# nvalues = 2699                        
# units = specified
# name 0 = scan: Scan Count
# name 1 = timeJ: Julian Days
# name 2 = depSM: Depth [salt water, m], lat = 56.00
# name 3 = prdM: Pressure, Strain Gauge [db]
# name 4 = tv290C: Temperature [ITS-90, deg C]
# name 5 = c0mS/cm: Conductivity [mS/cm]
# name 6 = flECO-AFL: Fluorescence, WET Labs ECO-AFL/FL [mg/m^3]
# name 7 = par/sat/log: PAR/Logarithmic, Satlantic [umol photons/m^2/sec]
# name 8 = sbeox0Mm/L: Oxygen, SBE 43 [umol/l]
# name 9 = sbeox0PS: Oxygen, SBE 43 [% saturation]
# name 10 = depSM: Depth [salt water, m], lat = 56
# name 11 = sal00: Salinity, Practical [PSU]
# name 12 = sigma-é00: Density [sigma-theta, kg/m^3]
# name 13 = svCM: Sound Velocity [Chen-Millero, m/s]
# name 14 = flag: flag
# span 0 =        301,       2999       
# span 1 = 147.359497, 147.367310       
# span 2 =     -0.142,    134.532       
# span 3 =     -0.143,    135.812       
# span 4 =    10.6452,    12.2733       
# span 5 =   1.926688,  32.667648       
# span 6 =    -0.0906,   123.8565       
# span 7 = 5.2948e-02, 7.4820e+02       
# span 8 =    189.303,    306.578       
# span 9 =     65.325,     98.024       
# span 10 =     -0.142,    134.532      
# span 11 =     1.3253,    28.0169      
# span 12 =     0.5112,    21.2090      
# span 13 =    1457.33,    1490.06      
# span 14 = 0.0000e+00, 0.0000e+00      
# interval = seconds: 0.25
# start_time = May 27 2025 08:36:26 [Instrument's time stamp, header]
# bad_flag = -9.990e-29
*END*
[from data line 2314]
       2615 147.366196     30.928     31.214    11.5978  32.131721     0.9527 5.3075e-02    254.459     89.032     30.928    27.7281    21.0195    1487.25 0.0000e+00
       2616 147.366196     30.839     31.124    11.5955  32.128773     0.9508 5.3191e-02    254.363     88.994     30.839    27.7270    21.0190    1487.24 0.0000e+00
       2617 147.366211     30.748     31.032    11.5934  32.125538     0.9833 5.3098e-02    254.229     88.942     30.748    27.7256    21.0183    1487.23 0.0000e+00
       2618 147.366211     30.656     30.939    11.5911  32.122192     0.9737 5.3029e-02    254.232     88.939     30.656    27.7241    21.0175    1487.22 0.0000e+00
       2619 147.366211     30.564     30.847    11.5888  32.118679     0.9566 5.3075e-02    254.379     88.987     30.564    27.7226    21.0167    1487.21 0.0000e+00
       2620 147.366211     30.474     30.756    11.5863  32.114788     0.9508 5.3110e-02    254.286     88.951     30.474    27.7207    21.0157    1487.20 0.0000e+00
       2621 147.366211     30.385     30.667    11.5837  32.110432     0.9794 5.3017e-02    254.352     88.971     30.385    27.7185    21.0145    1487.18 0.0000e+00
       2622 147.366211     30.298     30.578    11.5808  32.105831     0.9775 5.3098e-02    254.580     89.048     30.298    27.7163    21.0132    1487.17 0.0000e+00
       2623 147.366226     30.210     30.489    11.5777  32.101524     0.9852 5.3156e-02    254.478     89.012     30.210    27.7146    21.0124    1487.15 0.0000e+00
       2624 147.366226     30.121     30.400    11.5746  32.097420     0.9813 5.3110e-02    254.447     88.999     30.121    27.7130    21.0117    1487.14 0.0000e+00
       2625 147.366226     30.031     30.309    11.5715  32.092831     0.9394 5.3133e-02    254.470     89.005     30.031    27.7110    21.0107    1487.12 0.0000e+00
       2626 147.366226     29.941     30.218    11.5683  32.087559     0.9470 5.3098e-02    254.241     88.922     29.941    27.7083    21.0092    1487.11 0.0000e+00
       2627 147.366226     29.849     30.126    11.5648  32.081635     0.9527 5.3064e-02    254.118     88.877     29.849    27.7053    21.0074    1487.09 0.0000e+00
       2628 147.366241     29.758     30.034    11.5609  32.075035     0.9413 5.3075e-02    253.984     88.828     29.758    27.7020    21.0055    1487.07 0.0000e+00
       2629 147.366241     29.667     29.942    11.5566  32.068306     0.9718 5.3075e-02    254.041     88.848     29.667    27.6988    21.0038    1487.05 0.0000e+00
       2630 147.366241     29.578     29.852    11.5518  32.062225     0.9833 5.3180e-02    254.193     88.901     29.578    27.6966    21.0029    1487.03 0.0000e+00
       2631 147.366241     29.490     29.763    11.5472  32.056919     0.9985 5.3156e-02    254.395     88.973     29.490    27.6950    21.0024    1487.01 0.0000e+00
       2632 147.366241     29.402     29.674    11.5430  32.052376     1.0176 5.3145e-02    254.399     88.974     29.402    27.6938    21.0022    1486.99 0.0000e+00
       2633 147.366257     29.314     29.586    11.5394  32.048817     1.0138 5.3110e-02    254.491     89.008     29.314    27.6931    21.0023    1486.98 0.0000e+00
       2634 147.366257     29.226     29.496    11.5364  32.045837     1.0424 5.2948e-02    254.574     89.038     29.226    27.6926    21.0024    1486.97 0.0000e+00
       2635 147.366257     29.137     29.407    11.5339  32.042961     1.0443 5.3064e-02    254.470     89.001     29.137    27.6917    21.0022    1486.95 0.0000e+00
       2636 147.366257     29.048     29.317    11.5317  32.040363     1.0481 5.3064e-02    254.513     89.014     29.048    27.6909    21.0019    1486.94 0.0000e+00
       2637 147.366257     28.960     29.228    11.5298  32.038204     1.0367 5.3110e-02    254.246     88.921     28.960    27.6903    21.0018    1486.94 0.0000e+00
       2638 147.366272     28.872     29.139    11.5282  32.036266     1.0176 5.3156e-02    254.167     88.893     28.872    27.6897    21.0016    1486.93 0.0000e+00
       2639 147.366272     28.785     29.051    11.5268  32.034485     1.0081 5.3168e-02    254.125     88.878     28.785    27.6890    21.0013    1486.92 0.0000e+00
       2640 147.366272     28.696     28.962    11.5256  32.032993     1.0328 5.3110e-02    254.194     88.901     28.696    27.6885    21.0011    1486.91 0.0000e+00
       2641 147.366272     28.607     28.872    11.5246  32.031712     1.0252 5.3214e-02    254.134     88.877     28.607    27.6881    21.0010    1486.91 0.0000e+00
       2642 147.366272     28.517     28.781    11.5237  32.030399     0.9890 5.3075e-02    254.102     88.864     28.517    27.6876    21.0007    1486.90 0.0000e+00
       2643 147.366272     28.426     28.689    11.5228  32.029060     0.9871 5.3098e-02    254.267     88.919     28.426    27.6870    21.0004    1486.90 0.0000e+00
       2644 147.366287     28.336     28.599    11.5220  32.027893     1.0214 5.3098e-02    254.419     88.967     28.336    27.6865    21.0002    1486.89 0.0000e+00
       2645 147.366287     28.248     28.509    11.5212  32.026958     1.0271 5.3110e-02    254.709     89.065     28.248    27.6862    21.0001    1486.89 0.0000e+00
       2646 147.366287     28.159     28.420    11.5207  32.026268     1.2827 5.3110e-02    254.592     89.020     28.159    27.6860    21.0000    1486.88 0.0000e+00
       2647 147.366287     28.070     28.329    11.5204  32.025803     1.2884 5.5602e-02    254.860     89.110     28.070    27.6858    20.9999    1486.88 0.0000e+00
       2648 147.366287     27.978     28.237    11.5203  32.025455     1.0195 5.3098e-02    254.798     89.081     27.978    27.6856    20.9997    1486.88 0.0000e+00
       2649 147.366302     27.885     28.143    11.5204  32.025143     1.0138 5.3064e-02    254.667     89.025     27.885    27.6852    20.9994    1486.88 0.0000e+00
       2650 147.366302     27.792     28.049    11.5206  32.024822     0.9852 5.3145e-02    254.647     89.006     27.792    27.6848    20.9991    1486.88 0.0000e+00
       2651 147.366302     27.699     27.955    11.5209  32.024368     0.9833 5.3191e-02    254.530     88.955     27.699    27.6842    20.9985    1486.88 0.0000e+00
       2652 147.366302     27.607     27.863    11.5213  32.023590     1.0023 5.5907e-02    254.440     88.916     27.607    27.6832    20.9977    1486.87 0.0000e+00
       2653 147.366302     27.517     27.771    11.5215  32.022438     1.0195 5.3006e-02    254.341     88.872     27.517    27.6820    20.9967    1486.87 0.0000e+00
       2654 147.366318     27.427     27.681    11.5215  32.021294     1.0462 5.3098e-02    254.354     88.874     27.427    27.6809    20.9959    1486.87 0.0000e+00
       2655 147.366318     27.336     27.589    11.5214  32.020451     1.0557 5.3098e-02    254.229     88.826     27.336    27.6802    20.9954    1486.87 0.0000e+00
       2656 147.366318     27.244     27.496    11.5212  32.019569     1.0462 5.4437e-02    254.182     88.803     27.244    27.6795    20.9949    1486.86 0.0000e+00
       2657 147.366318     27.150     27.402    11.5210  32.018330     1.0233 5.3238e-02    254.010     88.735     27.150    27.6786    20.9942    1486.86 0.0000e+00
       2658 147.366318     27.056     27.307    11.5206  32.016674     1.0233 6.6958e-02    254.017     88.728     27.056    27.6773    20.9933    1486.86 0.0000e+00
       2659 147.366318     26.962     27.212    11.5199  32.014633     0.9451 5.3110e-02    253.812     88.647     26.962    27.6759    20.9923    1486.85 0.0000e+00
       2660 147.366333     26.869     27.118    11.5190  32.012291     0.9527 5.4046e-02    253.739     88.612     26.869    27.6744    20.9913    1486.84 0.0000e+00
       2661 147.366333     26.776     27.024    11.5178  32.009579     1.0405 5.3775e-02    253.750     88.610     26.776    27.6727    20.9901    1486.84 0.0000e+00
       2662 147.366333     26.683     26.930    11.5164  32.006470     1.0481 5.4974e-02    253.541     88.532     26.683    27.6708    20.9889    1486.83 0.0000e+00
       2663 147.366333     26.589     26.835    11.5147  32.003151     1.0309 5.3331e-02    253.459     88.496     26.589    27.6689    20.9878    1486.82 0.0000e+00
       2664 147.366333     26.495     26.740    11.5127  31.999487     1.0519 5.4580e-02    253.350     88.452     26.495    27.6669    20.9865    1486.81 0.0000e+00
       2665 147.366348     26.399     26.643    11.5105  31.995010     1.2636 5.9692e-02    253.192     88.387     26.399    27.6644    20.9849    1486.79 0.0000e+00
       2666 147.366348     26.302     26.546    11.5078  31.989624     1.2617 6.1250e-02    253.043     88.325     26.302    27.6613    20.9830    1486.78 0.0000e+00
       2667 147.366348     26.205     26.448    11.5045  31.983828     1.3132 6.4800e-02    253.137     88.339     26.205    27.6582    20.9812    1486.76 0.0000e+00
       2668 147.366348     26.108     26.350    11.5007  31.978380     1.3247 6.3929e-02    253.062     88.293     26.108    27.6559    20.9800    1486.74 0.0000e+00
       2669 147.366348     26.012     26.252    11.4966  31.973700     1.0576 6.3609e-02    253.199     88.320     26.012    27.6545    20.9797    1486.73 0.0000e+00
       2670 147.366364     25.915     26.155    11.4926  31.969578     1.0557 5.7945e-02    253.224     88.315     25.915    27.6535    20.9796    1486.71 0.0000e+00
       2671 147.366364     25.819     26.058    11.4890  31.965912     1.0767 6.6144e-02    253.212     88.302     25.819    27.6528    20.9796    1486.69 0.0000e+00
       2672 147.366364     25.722     25.960    11.4857  31.962566     1.0672 7.5421e-02    253.240     88.307     25.722    27.6520    20.9796    1486.68 0.0000e+00
       2673 147.366364     25.625     25.862    11.4827  31.958796     1.0538 6.8586e-02    253.259     88.305     25.625    27.6507    20.9791    1486.67 0.0000e+00
       2674 147.366364     25.527     25.763    11.4796  31.954433     1.0271 7.2720e-02    253.164     88.263     25.527    27.6489    20.9782    1486.65 0.0000e+00
       2675 147.366379     25.429     25.664    11.4762  31.949903     1.0653 7.2562e-02    253.010     88.202     25.429    27.6471    20.9774    1486.64 0.0000e+00
       2676 147.366379     25.331     25.565    11.4725  31.945297     1.0424 7.2673e-02    252.866     88.141     25.331    27.6455    20.9768    1486.62 0.0000e+00
       2677 147.366379     25.234     25.467    11.4686  31.940802     1.0042 8.4639e-02    252.778     88.090     25.234    27.6442    20.9764    1486.60 0.0000e+00
       2678 147.366379     25.137     25.369    11.4646  31.936747     1.0233 6.9582e-02    252.759     88.071     25.137    27.6433    20.9764    1486.59 0.0000e+00
       2679 147.366379     25.039     25.270    11.4608  31.932848     1.1091 7.2025e-02    252.585     87.992     25.039    27.6425    20.9764    1486.57 0.0000e+00
       2680 147.366379     24.940     25.171    11.4572  31.928316     1.0958 8.7153e-02    252.543     87.965     24.940    27.6408    20.9758    1486.55 0.0000e+00
       2681 147.366394     24.841     25.071    11.4536  31.923010     1.1072 7.5983e-02    252.433     87.910     24.841    27.6385    20.9745    1486.54 0.0000e+00
       2682 147.366394     24.742     24.970    11.4496  31.917076     1.1091 9.8340e-02    252.462     87.902     24.742    27.6358    20.9731    1486.52 0.0000e+00
       2683 147.366394     24.642     24.870    11.4452  31.910055     1.1225 9.4570e-02    252.602     87.927     24.642    27.6325    20.9713    1486.50 0.0000e+00
       2684 147.366394     24.544     24.771    11.4400  31.901598     1.0519 9.9420e-02    252.505     87.866     24.544    27.6283    20.9689    1486.47 0.0000e+00
       2685 147.366394     24.447     24.673    11.4339  31.892345     1.0519 1.0197e-01    252.449     87.828     24.447    27.6240    20.9667    1486.44 0.0000e+00
       2686 147.366409     24.350     24.575    11.4269  31.883654     1.0672 9.9724e-02    252.387     87.786     24.350    27.6209    20.9654    1486.41 0.0000e+00
       2687 147.366409     24.254     24.478    11.4196  31.876425     1.0767 9.4034e-02    252.342     87.755     24.254    27.6194    20.9655    1486.38 0.0000e+00
       2688 147.366409     24.156     24.379    11.4128  31.870644     1.0653 9.8490e-02    252.382     87.748     24.156    27.6190    20.9663    1486.36 0.0000e+00
       2689 147.366409     24.057     24.279    11.4070  31.865524     1.0653 1.0295e-01    252.187     87.662     24.057    27.6185    20.9669    1486.33 0.0000e+00
       2690 147.366409     23.956     24.178    11.4021  31.860197     1.0939 1.1336e-01    252.142     87.628     23.956    27.6171    20.9667    1486.31 0.0000e+00
       2691 147.366425     23.855     24.075    11.3975  31.854458     1.1053 9.7187e-02    252.023     87.563     23.855    27.6150    20.9659    1486.29 0.0000e+00
       2692 147.366425     23.754     23.973    11.3928  31.848312     1.0443 1.3020e-01    251.937     87.517     23.754    27.6127    20.9648    1486.27 0.0000e+00
       2693 147.366425     23.654     23.873    11.3879  31.841288     1.0405 1.3720e-01    251.814     87.461     23.654    27.6096    20.9633    1486.25 0.0000e+00
       2694 147.366425     23.555     23.773    11.3825  31.832811     1.0519 1.2017e-01    251.746     87.423     23.555    27.6056    20.9611    1486.22 0.0000e+00
       2695 147.366425     23.456     23.673    11.3763  31.823669     1.0424 1.1498e-01    251.658     87.381     23.456    27.6015    20.9590    1486.19 0.0000e+00
       2696 147.366440     23.355     23.571    11.3694  31.814768     1.1435 1.1781e-01    251.691     87.379     23.355    27.5981    20.9575    1486.16 0.0000e+00
       2697 147.366440     23.252     23.467    11.3622  31.805485     1.1435 1.3293e-01    251.555     87.318     23.252    27.5946    20.9560    1486.13 0.0000e+00
       2698 147.366440     23.149     23.362    11.3549  31.795311     1.1549 1.3853e-01    251.646     87.333     23.149    27.5904    20.9540    1486.10 0.0000e+00
       2699 147.366440     23.045     23.258    11.3472  31.784071     1.1740 1.4720e-01    251.587     87.291     23.045    27.5854    20.9514    1486.07 0.0000e+00
       2700 147.366440     22.942     23.154    11.3389  31.771717     1.1168 1.3859e-01    251.655     87.301     22.942    27.5797    20.9484    1486.03 0.0000e+00
       2701 147.366440     22.840     23.051    11.3299  31.758707     1.1053 1.4299e-01    251.657     87.291     22.840    27.5739    20.9454    1485.99 0.0000e+00
       2702 147.366455     22.738     22.948    11.3205  31.746109     1.1111 1.5758e-01    251.682     87.290     22.738    27.5689    20.9431    1485.95 0.0000e+00
       2703 147.366455     22.636     22.845    11.3109  31.734613     1.1034 1.4846e-01    251.797     87.318     22.636    27.5651    20.9418    1485.91 0.0000e+00
       2704 147.366455     22.532     22.741    11.3017  31.723480     1.1950 1.5297e-01    251.758     87.288     22.532    27.5613    20.9404    1485.87 0.0000e+00
       2705 147.366455     22.428     22.635    11.2928  31.712061     1.1988 1.5549e-01    251.857     87.306     22.428    27.5570    20.9385    1485.83 0.0000e+00
       2706 147.366455     22.323     22.529    11.2841  31.700609     1.1950 1.6917e-01    251.824     87.272     22.323    27.5525    20.9365    1485.79 0.0000e+00
       2707 147.366470     22.219     22.425    11.2753  31.689543     1.2350 1.6515e-01    251.684     87.188     22.219    27.5485    20.9349    1485.75 0.0000e+00
       2708 147.366470     22.117     22.321    11.2666  31.678654     1.2369 1.6113e-01    251.784     87.204     22.117    27.5445    20.9333    1485.71 0.0000e+00
       2709 147.366470     22.015     22.219    11.2581  31.668230     1.1358 1.6458e-01    251.638     87.130     22.015    27.5409    20.9319    1485.68 0.0000e+00
