Loch_Etive/CTD_data_2024/sbe55_sbe19p_5215_20250527_re5.cnv
* Sea-Bird SBE 19plus Data File:
* FileName = C:\Data\sbe55_sbe19p_5215\2025-05-27\sbe55_sbe19p_5215_20250527_re5062.hex
* Software Version SeatermAF 2.1.4
* Temperature SN = 5215
* Conductivity SN = 5215
* System UpLoad Time = May 27 2025 09:01:13 (localtime) = May 27 2025 09:01:13 (UTC)
* ds
* SeacatPlus V 1.6b  SERIAL NO. 5215    27 May 2025  09:00:35
# nquan = 15                                
# nvalues = 2699                        
# units = specified
# name 0 = scan: Scan Count
# name 1 = timeJ: Julian Days
# name 2 = depSM: Depth [salt water, m], lat = 56.00
# name 3 = prdM: Pressure, Strain Gauge [db]
# name 4 = tv290C: Temperature [ITS-90, deg C]
# name 5 = c0mS/cm: Conductivity [mS/cm]
# name 6 = flECO-AFL: Fluorescence, WET Labs ECO-AFL/FL [mg/m^3]
# name 7 = par/sat/log: PAR/Logarithmic, Satlantic [umol photons/m^2/sec]
# name 8 = sbeox0Mm/L: Oxygen, SBE 43 [umol/l]
# name 9 = sbeox0PS: Oxygen, SBE 43 [% saturation]
# name 10 = depSM: Depth [salt water, m], lat = 56
# name 11 = sal00: Salinity, Practical [PSU]
# name 12 = sigma-é00: Density [sigma-theta, kg/m^3]
# name 13 = svCM: Sound Velocity [Chen-Millero, m/s]
# name 14 = flag: flag
# span 0 =        301,       2999       
# span 1 = 147.359497, 147.367310       
# span 2 =     -0.142,    134.532       
# span 3 =     -0.143,    135.812       
# span 4 =    10.6452,    12.2733       
# span 5 =   1.926688,  32.667648       
# span 6 =    -0.0906,   123.8565       
# span 7 = 5.2948e-02, 7.4820e+02       
# span 8 =    189.303,    306.578       
# span 9 =     65.325,     98.024       
# span 10 =     -0.142,    134.532      
# span 11 =     1.3253,    28.0169      
# span 12 =     0.5112,    21.2090      
# span 13 =    1457.33,    1490.06      
# span 14 = 0.0000e+00, 0.0000e+00      
# interval = seconds: 0.25
# start_time = May 27 2025 08:36:26 [Instrument's time stamp, header]
# bad_flag = -9.990e-29
*END*
[from data line 675]
        976 147.361450     79.054     79.796    11.7740  32.526085     1.8759 5.3087e-02    261.914     92.256     79.054    27.9543    21.1653    1488.94 0.0000e+00
        977 147.361465     79.170     79.913    11.7738  32.526104     1.8645 5.3075e-02    262.037     92.299     79.170    27.9545    21.1654    1488.94 0.0000e+00
        978 147.361465     79.287     80.030    11.7737  32.526157     1.6299 5.3098e-02    261.923     92.258     79.287    27.9546    21.1655    1488.94 0.0000e+00
        979 147.361465     79.404     80.149    11.7736  32.526226     1.6489 5.3110e-02    262.109     92.324     79.404    27.9547    21.1656    1488.95 0.0000e+00
        980 147.361465     79.521     80.267    11.7735  32.526283     1.7481 5.3098e-02    261.936     92.263     79.521    27.9548    21.1657    1488.95 0.0000e+00
        981 147.361465     79.638     80.385    11.7734  32.526333     1.7443 5.3156e-02    261.953     92.269     79.638    27.9548    21.1658    1488.95 0.0000e+00
        982 147.361465     79.755     80.503    11.7734  32.526413     2.0743 5.3087e-02    261.962     92.274     79.755    27.9549    21.1658    1488.95 0.0000e+00
        983 147.361481     79.871     80.621    11.7733  32.526546     2.0857 5.3098e-02    262.042     92.303     79.871    27.9550    21.1659    1488.95 0.0000e+00
        984 147.361481     79.988     80.738    11.7732  32.526699     1.7977 5.3029e-02    261.894     92.251     79.988    27.9552    21.1661    1488.95 0.0000e+00
        985 147.361481     80.103     80.855    11.7731  32.526863     1.8072 5.3006e-02    262.033     92.300     80.103    27.9554    21.1663    1488.96 0.0000e+00
        986 147.361481     80.219     80.971    11.7729  32.527054     1.8645 5.3087e-02    262.005     92.289     80.219    27.9556    21.1665    1488.96 0.0000e+00
        987 147.361481     80.334     81.088    11.7728  32.527252     1.8568 5.3156e-02    262.041     92.301     80.334    27.9559    21.1668    1488.96 0.0000e+00
        988 147.361496     80.451     81.206    11.7726  32.527447     1.8301 5.3064e-02    262.072     92.311     80.451    27.9562    21.1670    1488.96 0.0000e+00
        989 147.361496     80.568     81.324    11.7726  32.527668     1.8282 5.3087e-02    262.120     92.329     80.568    27.9564    21.1672    1488.96 0.0000e+00
        990 147.361496     80.687     81.444    11.7725  32.527908     1.8111 5.3087e-02    261.856     92.236     80.687    27.9566    21.1673    1488.97 0.0000e+00
        991 147.361496     80.805     81.563    11.7725  32.528137     1.8053 5.3087e-02    261.853     92.235     80.805    27.9568    21.1675    1488.97 0.0000e+00
        992 147.361496     80.923     81.682    11.7725  32.528324     1.7367 5.3098e-02    261.996     92.286     80.923    27.9570    21.1676    1488.97 0.0000e+00
        993 147.361511     81.040     81.800    11.7724  32.528461     1.7405 5.3052e-02    261.752     92.200     81.040    27.9571    21.1677    1488.97 0.0000e+00
        994 147.361511     81.156     81.918    11.7724  32.528522     1.9045 5.3110e-02    261.946     92.269     81.156    27.9571    21.1678    1488.97 0.0000e+00
        995 147.361511     81.273     82.035    11.7724  32.528545     1.8988 5.3040e-02    261.721     92.190     81.273    27.9571    21.1678    1488.98 0.0000e+00
        996 147.361511     81.389     82.153    11.7723  32.528595     1.8931 5.3098e-02    261.797     92.217     81.389    27.9572    21.1678    1488.98 0.0000e+00
        997 147.361511     81.507     82.272    11.7723  32.528728     1.8778 5.3145e-02    261.754     92.201     81.507    27.9573    21.1679    1488.98 0.0000e+00
        998 147.361526     81.625     82.391    11.7723  32.528965     1.8626 5.3156e-02    261.838     92.231     81.625    27.9574    21.1680    1488.98 0.0000e+00
        999 147.361526     81.742     82.510    11.7724  32.529305     1.8053 5.3075e-02    261.763     92.205     81.742    27.9576    21.1682    1488.98 0.0000e+00
       1000 147.361526     81.860     82.628    11.7725  32.529659     1.8053 5.3098e-02    261.616     92.153     81.860    27.9578    21.1683    1488.99 0.0000e+00
       1001 147.361526     81.976     82.745    11.7727  32.529854     1.8225 5.3064e-02    261.652     92.167     81.976    27.9579    21.1683    1488.99 0.0000e+00
       1002 147.361526     82.091     82.862    11.7728  32.529816     1.8263 5.3214e-02    261.464     92.100     82.091    27.9577    21.1681    1488.99 0.0000e+00
       1003 147.361526     82.206     82.978    11.7729  32.529633     1.8282 5.3029e-02    261.692     92.180     82.206    27.9574    21.1679    1488.99 0.0000e+00
       1004 147.361542     82.322     83.094    11.7728  32.529465     1.8378 5.3075e-02    261.642     92.161     82.322    27.9573    21.1678    1488.99 0.0000e+00
       1005 147.361542     82.437     83.211    11.7727  32.529415     1.7691 5.3052e-02    261.652     92.165     82.437    27.9573    21.1678    1489.00 0.0000e+00
       1006 147.361542     82.552     83.327    11.7726  32.529507     1.7615 5.3029e-02    261.688     92.177     82.552    27.9574    21.1679    1489.00 0.0000e+00
       1007 147.361542     82.667     83.443    11.7726  32.529705     1.8053 5.3168e-02    261.689     92.177     82.667    27.9575    21.1681    1489.00 0.0000e+00
       1008 147.361542     82.781     83.558    11.7726  32.529953     1.7863 5.3098e-02    261.605     92.148     82.781    27.9577    21.1682    1489.00 0.0000e+00
       1009 147.361557     82.895     83.673    11.7727  32.530193     1.8301 5.3261e-02    261.838     92.230     82.895    27.9578    21.1683    1489.00 0.0000e+00
       1010 147.361557     83.009     83.788    11.7728  32.530392     1.8225 5.3168e-02    261.838     92.230     83.009    27.9579    21.1683    1489.01 0.0000e+00
       1011 147.361557     83.123     83.903    11.7729  32.530533     1.7767 5.3098e-02    261.721     92.189     83.123    27.9579    21.1683    1489.01 0.0000e+00
       1012 147.361557     83.236     84.017    11.7730  32.530636     1.7748 5.3029e-02    261.728     92.192     83.236    27.9579    21.1683    1489.01 0.0000e+00
       1013 147.361557     83.349     84.131    11.7731  32.530720     1.7824 5.3098e-02    261.771     92.208     83.349    27.9579    21.1683    1489.01 0.0000e+00
       1014 147.361572     83.462     84.245    11.7731  32.530811     1.7748 5.3168e-02    261.683     92.178     83.462    27.9579    21.1683    1489.02 0.0000e+00
       1015 147.361572     83.574     84.359    11.7732  32.530918     1.8397 5.3075e-02    261.674     92.177     83.574    27.9579    21.1683    1489.02 0.0000e+00
       1016 147.361572     83.687     84.473    11.7732  32.531025     1.8378 5.3098e-02    261.682     92.182     83.687    27.9579    21.1683    1489.02 0.0000e+00
       1017 147.361572     83.800     84.587    11.7733  32.531120     1.8111 5.3098e-02    261.681     92.184     83.800    27.9579    21.1683    1489.02 0.0000e+00
       1018 147.361572     83.913     84.701    11.7733  32.531178     1.7920 5.3156e-02    261.714     92.199     83.913    27.9579    21.1683    1489.02 0.0000e+00
       1019 147.361572     84.026     84.815    11.7734  32.531116     1.8397 5.3191e-02    261.922     92.281     84.026    27.9578    21.1682    1489.03 0.0000e+00
       1020 147.361588     84.140     84.930    11.7733  32.530945     1.8282 5.3156e-02    261.940     92.296     84.140    27.9576    21.1681    1489.03 0.0000e+00
       1021 147.361588     84.253     85.044    11.7733  32.530769     1.8206 5.3075e-02    261.969     92.313     84.253    27.9575    21.1680    1489.03 0.0000e+00
       1022 147.361588     84.365     85.158    11.7731  32.530636     1.7405 5.3064e-02    262.049     92.346     84.366    27.9574    21.1679    1489.03 0.0000e+00
       1023 147.361588     84.478     85.271    11.7730  32.530567     1.7309 5.3110e-02    262.032     92.342     84.478    27.9574    21.1679    1489.03 0.0000e+00
       1024 147.361588     84.590     85.385    11.7729  32.530563     1.7557 5.3064e-02    262.112     92.372     84.590    27.9574    21.1680    1489.03 0.0000e+00
       1025 147.361603     84.703     85.498    11.7728  32.530632     1.7367 5.3098e-02    262.201     92.406     84.703    27.9575    21.1680    1489.03 0.0000e+00
       1026 147.361603     84.815     85.612    11.7728  32.530785     1.7577 5.3029e-02    262.320     92.451     84.815    27.9576    21.1681    1489.04 0.0000e+00
       1027 147.361603     84.928     85.725    11.7729  32.531044     1.7424 5.3052e-02    262.434     92.492     84.928    27.9578    21.1683    1489.04 0.0000e+00
       1028 147.361603     85.040     85.839    11.7730  32.531422     1.8072 5.3064e-02    262.743     92.601     85.040    27.9580    21.1684    1489.04 0.0000e+00
       1029 147.361603     85.153     85.953    11.7732  32.531956     1.8034 5.3040e-02    262.773     92.610     85.153    27.9583    21.1687    1489.04 0.0000e+00
       1030 147.361618     85.265     86.066    11.7734  32.532745     1.7672 5.3110e-02    262.981     92.684     85.265    27.9589    21.1690    1489.05 0.0000e+00
       1031 147.361618     85.377     86.179    11.7738  32.533836     1.7748 5.3087e-02    263.042     92.704     85.377    27.9596    21.1695    1489.05 0.0000e+00
       1032 147.361618     85.488     86.291    11.7744  32.535198     1.8626 5.3098e-02    263.017     92.693     85.488    27.9604    21.1700    1489.06 0.0000e+00
       1033 147.361618     85.599     86.403    11.7752  32.536873     1.8645 5.3098e-02    262.996     92.683     85.599    27.9613    21.1706    1489.06 0.0000e+00
       1034 147.361618     85.711     86.516    11.7762  32.539028     1.7748 5.3156e-02    263.099     92.717     85.711    27.9626    21.1714    1489.07 0.0000e+00
       1035 147.361633     85.822     86.629    11.7775  32.541767     1.7710 5.3098e-02    262.927     92.655     85.822    27.9642    21.1724    1489.08 0.0000e+00
       1036 147.361633     85.935     86.742    11.7791  32.545155     1.8721 5.3133e-02    262.861     92.636     85.935    27.9661    21.1737    1489.09 0.0000e+00
       1037 147.361633     86.047     86.856    11.7812  32.548927     1.8931 5.3110e-02    262.760     92.606     86.047    27.9681    21.1749    1489.10 0.0000e+00
       1038 147.361633     86.161     86.970    11.7836  32.552273     2.0209 5.3017e-02    262.540     92.533     86.161    27.9694    21.1755    1489.11 0.0000e+00
       1039 147.361633     86.274     87.085    11.7862  32.554710     2.0228 5.3052e-02    262.425     92.497     86.274    27.9698    21.1753    1489.12 0.0000e+00
       1040 147.361633     86.389     87.200    11.7884  32.556423     1.9808 5.3098e-02    262.464     92.514     86.389    27.9697    21.1748    1489.13 0.0000e+00
       1041 147.361649     86.503     87.316    11.7902  32.557808     1.9884 5.3180e-02    262.554     92.549     86.503    27.9696    21.1745    1489.14 0.0000e+00
       1042 147.361649     86.618     87.432    11.7916  32.559132     1.7767 5.3017e-02    262.673     92.592     86.618    27.9698    21.1743    1489.15 0.0000e+00
       1043 147.361649     86.732     87.547    11.7928  32.560257     1.8072 5.2994e-02    262.879     92.665     86.732    27.9699    21.1743    1489.15 0.0000e+00
       1044 147.361649     86.846     87.662    11.7938  32.560860     1.8244 5.3040e-02    263.093     92.739     86.846    27.9697    21.1739    1489.16 0.0000e+00
       1045 147.361649     86.960     87.777    11.7946  32.560909     1.8587 5.3133e-02    263.160     92.760     86.960    27.9692    21.1734    1489.16 0.0000e+00
       1046 147.361664     87.075     87.893    11.7950  32.560680     1.8511 5.3064e-02    263.208     92.776     87.075    27.9686    21.1728    1489.16 0.0000e+00
       1047 147.361664     87.190     88.010    11.7951  32.560387     1.7634 5.3098e-02    263.353     92.827     87.190    27.9682    21.1725    1489.17 0.0000e+00
       1048 147.361664     87.307     88.128    11.7949  32.559982     1.7710 5.3098e-02    263.198     92.774     87.307    27.9679    21.1723    1489.17 0.0000e+00
       1049 147.361664     87.424     88.246    11.7947  32.559334     1.9236 5.3098e-02    263.234     92.788     87.424    27.9674    21.1719    1489.17 0.0000e+00
       1050 147.361664     87.541     88.363    11.7944  32.558659     1.9083 5.3098e-02    263.118     92.748     87.541    27.9669    21.1717    1489.17 0.0000e+00
       1051 147.361679     87.656     88.480    11.7940  32.558372     1.9026 5.3133e-02    263.004     92.708     87.656    27.9669    21.1717    1489.17 0.0000e+00
       1052 147.361679     87.771     88.596    11.7936  32.558842     1.9026 5.3145e-02    262.929     92.685     87.771    27.9676    21.1723    1489.17 0.0000e+00
       1053 147.361679     87.885     88.711    11.7936  32.560303     1.7233 5.3087e-02    262.753     92.631     87.885    27.9690    21.1734    1489.17 0.0000e+00
       1054 147.361679     88.000     88.827    11.7940  32.562477     1.7023 5.3087e-02    262.520     92.560     88.000    27.9707    21.1746    1489.18 0.0000e+00
       1055 147.361679     88.116     88.945    11.7951  32.564659     1.8969 5.3226e-02    262.556     92.586     88.116    27.9719    21.1754    1489.19 0.0000e+00
       1056 147.361694     88.234     89.063    11.7965  32.566494     1.9045 5.3145e-02    262.686     92.639     88.234    27.9726    21.1757    1489.19 0.0000e+00
       1057 147.361694     88.352     89.182    11.7979  32.568092     1.8320 5.3075e-02    262.712     92.645     88.352    27.9729    21.1757    1489.20 0.0000e+00
       1058 147.361694     88.469     89.301    11.7993  32.569393     1.8244 5.3098e-02    262.961     92.729     88.469    27.9731    21.1756    1489.21 0.0000e+00
       1059 147.361694     88.586     89.419    11.8004  32.570187     1.9312 5.3098e-02    263.225     92.815     88.586    27.9730    21.1753    1489.21 0.0000e+00
       1060 147.361694     88.702     89.536    11.8013  32.570412     1.9293 5.3203e-02    263.362     92.861     88.702    27.9725    21.1748    1489.22 0.0000e+00
       1061 147.361694     88.818     89.653    11.8018  32.570183     1.8034 5.3098e-02    263.582     92.938     88.818    27.9719    21.1742    1489.22 0.0000e+00
       1062 147.361710     88.933     89.769    11.8020  32.569782     1.8053 5.3017e-02    263.629     92.955     88.933    27.9713    21.1738    1489.22 0.0000e+00
       1063 147.361710     89.050     89.887    11.8019  32.569592     2.1277 5.3052e-02    263.731     92.992     89.050    27.9712    21.1737    1489.22 0.0000e+00
       1064 147.361710     89.168     90.006    11.8017  32.569885     2.1372 5.3133e-02    263.977     93.082     89.168    27.9715    21.1740    1489.23 0.0000e+00
       1065 147.361710     89.287     90.127    11.8017  32.570660     1.8034 5.3110e-02    263.895     93.055     89.287    27.9722    21.1745    1489.23 0.0000e+00
       1066 147.361710     89.406     90.247    11.8020  32.571678     1.8034 5.3145e-02    263.787     93.019     89.406    27.9730    21.1751    1489.23 0.0000e+00
       1067 147.361725     89.525     90.367    11.8025  32.572868     1.8263 5.3133e-02    263.754     93.007     89.525    27.9736    21.1755    1489.24 0.0000e+00
       1068 147.361725     89.642     90.485    11.8032  32.574478     1.8549 5.3191e-02    263.499     92.917     89.642    27.9746    21.1761    1489.24 0.0000e+00
       1069 147.361725     89.758     90.603    11.8042  32.576935     1.8339 5.3203e-02    263.564     92.939     89.758    27.9761    21.1771    1489.25 0.0000e+00
       1070 147.361725     89.874     90.719    11.8055  32.580540     1.7252 5.3145e-02    263.390     92.877     89.874    27.9785    21.1787    1489.26 0.0000e+00
       1071 147.361725     89.990     90.836    11.8076  32.584908     1.7176 5.3145e-02    263.440     92.895     89.990    27.9811    21.1804    1489.27 0.0000e+00
