Loch_Etive/CTD_data_2024/sbe55_sbe19p_5215_20250527_re8_1m.cnv
* Sea-Bird SBE 19plus Data File:
* FileName = C:\Data\sbe55_sbe19p_5215\2025-05-27\sbe55_sbe19p_5215_20250527_re8066.hex
* Software Version SeatermAF 2.1.4
* Temperature SN = 5215
* Conductivity SN = 5215
* System UpLoad Time = May 27 2025 14:06:12 (localtime) = May 27 2025 14:06:12 (UTC)
* ds
* SeacatPlus V 1.6b  SERIAL NO. 5215    27 May 2025  14:04:23
# nquan = 15
# nvalues = 57                          
# units = specified
# name 0 = scan: Scan Count
# name 1 = timeJ: Julian Days
# name 2 = depSM: Depth [salt water, m], lat = 56.00
# name 3 = prdM: Pressure, Strain Gauge [db]
# name 4 = tv290C: Temperature [ITS-90, deg C]
# name 5 = c0mS/cm: Conductivity [mS/cm]
# name 6 = flECO-AFL: Fluorescence, WET Labs ECO-AFL/FL [mg/m^3]
# name 7 = par/sat/log: PAR/Logarithmic, Satlantic [umol photons/m^2/sec]
# name 8 = sbeox0Mm/L: Oxygen, SBE 43 [umol/l]
# name 9 = sbeox0PS: Oxygen, SBE 43 [% saturation]
# name 10 = depSM: Depth [salt water, m], lat = 56
# name 11 = sal00: Salinity, Practical [PSU]
# name 12 = sigma-é00: Density [sigma-theta, kg/m^3]
# name 13 = svCM: Sound Velocity [Chen-Millero, m/s]
# name 14 = flag: flag
# span 0 =        304,        934       
# span 1 = 147.562750, 147.564575       
# span 2 =      1.000,     31.000       
# span 3 =      1.009,     31.287       
# span 4 =    10.6515,    11.7897       
# span 5 =  36.592875,  37.540416       
# span 6 =     1.1404,     2.5472       
# span 7 = 3.9658e+00, 1.6899e+03       
# span 8 =    290.017,    300.720       
# span 9 =    103.393,    107.906       
# span 10 =      1.000,     31.000      
# span 11 =    31.8753,    33.6246      
# span 12 =    24.2021,    25.7668      
# span 13 =    1491.00,    1492.46      
# span 14 = 0.0000e+00, 0.0000e+00      
# interval = meters: 1                  
# start_time = May 27 2025 13:29:06 [Instrument's time stamp, header]
# bad_flag = -9.990e-29
*END*
        304 147.562750      5.000      5.046    11.7299  36.696298     1.9766 4.0567e+02    292.866    105.741      5.000    32.0254    24.3295    1492.42 0.0000e+00
        317 147.562790      6.000      6.055    11.7257  36.698030     2.3222 2.7870e+02    292.383    105.565      6.000    32.0302    24.3341    1492.43 0.0000e+00
        329 147.562824      7.000      7.064    11.7257  36.700599     2.2396 2.2538e+02    292.340    105.513      7.000    32.0324    24.3358    1492.45 0.0000e+00
        342 147.562862      8.000      8.074    11.7161  36.704181     2.2915 1.7771e+02    291.742    105.004      8.000    32.0437    24.3463    1492.45 0.0000e+00
        354 147.562896      9.000      9.083    11.6045  36.789897     2.3198 1.5162e+02    293.822    105.548      9.000    32.2236    24.5064    1492.29 0.0000e+00
        367 147.562932     10.000     10.092    11.3081  36.997040     2.5472 1.2299e+02    294.893    105.876     10.000    32.6858    24.9192    1491.83 0.0000e+00
        380 147.562973     11.000     11.101    11.2041  37.152915     2.3247 1.0730e+02    297.099    106.585     11.000    32.9314    25.1289    1491.78 0.0000e+00
        393 147.563009     12.000     12.111    11.0484  37.382671     2.4685 8.2096e+01    300.129    107.709     12.000    33.2985    25.4423    1491.69 0.0000e+00
        405 147.563044     13.000     13.120    11.0067  37.498859     2.3256 6.9399e+01    300.100    107.701     13.000    33.4512    25.5686    1491.74 0.0000e+00
        416 147.563075     14.000     14.129    11.0116  37.527934     2.3401 6.0075e+01    299.720    107.471     14.000    33.4752    25.5865    1491.81 0.0000e+00
        425 147.563101     15.000     15.138    10.9959  37.540416     1.9856 5.0544e+01    298.997    107.167     15.000    33.5015    25.6097    1491.80 0.0000e+00
        434 147.563129     16.000     16.148    10.9540  37.531338     2.0552 4.3246e+01    297.850    106.703     16.000    33.5303    25.6397    1491.71 0.0000e+00
        443 147.563154     17.000     17.157    10.9275  37.521973     2.2264 3.7399e+01    298.110    106.779     17.000    33.5449    25.6557    1491.64 0.0000e+00
        453 147.563183     18.000     18.166    10.9034  37.512074     1.9597 3.1369e+01    297.968    106.688     18.000    33.5566    25.6692    1491.59 0.0000e+00
        463 147.563210     19.000     19.175    10.8938  37.507981     1.9358 2.6566e+01    296.924    106.257     19.000    33.5609    25.6743    1491.58 0.0000e+00
        473 147.563240     20.000     20.185    10.8684  37.490532     1.7977 2.2712e+01    296.268    105.928     20.000    33.5663    25.6830    1491.51 0.0000e+00
        483 147.563269     21.000     21.194    10.8424  37.476630     1.7997 2.0155e+01    293.601    104.853     21.000    33.5759    25.6951    1491.45 0.0000e+00
        493 147.563299     22.000     22.203    10.7913  37.436402     1.6888 1.7379e+01    291.894    104.206     22.000    33.5822    25.7090    1491.29 0.0000e+00
        503 147.563326     23.000     23.212    10.7394  37.410619     1.7678 1.4995e+01    291.226    103.931     23.000    33.6037    25.7349    1491.15 0.0000e+00
        512 147.563356     24.000     24.222    10.7223  37.399386     1.8664 1.2817e+01    291.026    103.826     24.000    33.6076    25.7410    1491.11 0.0000e+00
        522 147.563383     25.000     25.231    10.7057  37.386287     1.9040 1.0883e+01    290.460    103.609     25.000    33.6094    25.7454    1491.07 0.0000e+00
        532 147.563412     26.000     26.240    10.6917  37.377512     1.9177 9.0983e+00    290.449    103.598     26.000    33.6131    25.7507    1491.04 0.0000e+00
        542 147.563438     27.000     27.250    10.6856  37.374674     1.8787 7.3896e+00    290.548    103.621     27.000    33.6154    25.7536    1491.04 0.0000e+00
        552 147.563471     28.000     28.259    10.6809  37.371757     2.1326 6.1927e+00    290.192    103.472     28.000    33.6163    25.7551    1491.04 0.0000e+00
        563 147.563502     29.000     29.268    10.6730  37.366441     2.0742 5.2733e+00    290.250    103.475     29.000    33.6178    25.7577    1491.03 0.0000e+00
        574 147.563534     30.000     30.278    10.6633  37.359614     2.1596 4.5109e+00    290.017    103.393     30.000    33.6195    25.7608    1491.02 0.0000e+00
        595 147.563594     31.000     31.287    10.6515  37.354315     2.4242 3.9658e+00    290.528    103.581     31.000    33.6246    25.7668    1491.00 0.0000e+00
        599 147.563606     30.000     30.278    10.6589  37.358329     2.1582 4.7079e+00    290.162    103.466     30.000    33.6223    25.7637    1491.01 0.0000e+00
        613 147.563647     29.000     29.268    10.6653  37.363722     2.0842 5.7214e+00    290.154    103.476     29.000    33.6222    25.7625    1491.01 0.0000e+00
        625 147.563682     28.000     28.259    10.6719  37.367488     1.9917 6.7779e+00    290.094    103.475     28.000    33.6204    25.7599    1491.02 0.0000e+00
        637 147.563716     27.000     27.250    10.6781  37.372992     2.0748 8.0749e+00    290.485    103.627     27.000    33.6205    25.7589    1491.02 0.0000e+00
        649 147.563749     26.000     26.241    10.6861  37.377925     1.9123 9.6968e+00    290.501    103.660     26.000    33.6186    25.7559    1491.03 0.0000e+00
        660 147.563782     25.000     25.231    10.6933  37.384054     2.1283 1.1465e+01    291.340    103.993     25.000    33.6186    25.7546    1491.04 0.0000e+00
        671 147.563814     24.000     24.222    10.7081  37.396239     2.0568 1.3539e+01    291.911    104.245     24.000    33.6176    25.7512    1491.07 0.0000e+00
        682 147.563845     23.000     23.212    10.7229  37.408354     1.7104 1.5986e+01    293.932    105.100     23.000    33.6165    25.7478    1491.11 0.0000e+00
        692 147.563875     22.000     22.203    10.7555  37.436063     1.8504 1.8727e+01    296.073    105.950     22.000    33.6147    25.7407    1491.21 0.0000e+00
        703 147.563906     21.000     21.194    10.8172  37.473157     2.0125 2.1720e+01    297.178    106.393     21.000    33.5955    25.7147    1491.38 0.0000e+00
        713 147.563933     20.000     20.185    10.8527  37.492217     1.7224 2.4709e+01    297.211    106.423     20.000    33.5824    25.6983    1491.48 0.0000e+00
        723 147.563965     19.000     19.175    10.8716  37.501107     1.7013 2.7981e+01    297.541    106.552     19.000    33.5744    25.6887    1491.52 0.0000e+00
        734 147.563994     18.000     18.166    10.8796  37.504048     1.6646 3.2911e+01    297.852    106.703     18.000    33.5704    25.6842    1491.52 0.0000e+00
        744 147.564026     17.000     17.157    10.8874  37.508994     1.6658 3.9295e+01    297.842    106.738     17.000    33.5686    25.6813    1491.53 0.0000e+00
        754 147.564054     16.000     16.147    10.9073  37.520079     1.8925 4.5956e+01    299.092    107.242     16.000    33.5619    25.6725    1491.58 0.0000e+00
        765 147.564085     15.000     15.138    10.9289  37.527999     2.0991 5.3738e+01    300.720    107.906     15.000    33.5504    25.6598    1491.62 0.0000e+00
        775 147.564115     14.000     14.129    10.9665  37.536316     2.5023 6.1902e+01    300.175    107.719     14.000    33.5248    25.6331    1491.71 0.0000e+00
        786 147.564146     13.000     13.120    11.0039  37.531979     1.9811 7.2431e+01    299.269    107.365     13.000    33.4867    25.5968    1491.78 0.0000e+00
        797 147.564179     12.000     12.111    11.0081  37.509340     2.0980 8.5233e+01    298.880    107.181     12.000    33.4608    25.5758    1491.74 0.0000e+00
        809 147.564213     11.000     11.101    11.0114  37.427377     2.2940 1.0563e+02    296.363    106.366     11.000    33.3769    25.5099    1491.64 0.0000e+00
        821 147.564249     10.000     10.092    11.1101  37.227913     2.3949 1.3445e+02    294.720    105.851     10.000    33.0904    25.2693    1491.62 0.0000e+00
        833 147.564283      9.000      9.083    11.2381  37.046816     2.3325 1.6585e+02    294.131    105.909      9.000    32.7974    25.0185    1491.70 0.0000e+00
        845 147.564316      8.000      8.074    11.3816  36.862646     2.4137 2.2027e+02    292.833    105.639      8.000    32.4901    24.7537    1491.82 0.0000e+00
        856 147.564349      7.000      7.064    11.6192  36.723539     2.3021 2.7302e+02    292.467    105.595      7.000    32.1468    24.4440    1492.22 0.0000e+00
        867 147.564381      6.000      6.055    11.6877  36.721594     2.1384 3.5210e+02    292.299    105.571      6.000    32.0860    24.3843    1492.36 0.0000e+00
        878 147.564412      5.000      5.046    11.7206  36.741137     1.6220 4.6199e+02    292.193    105.525      5.000    32.0769    24.3713    1492.45 0.0000e+00
        889 147.564444      4.000      4.037    11.7316  36.743349     1.3774 6.3075e+02    292.422    105.582      4.000    32.0700    24.3638    1492.46 0.0000e+00
        903 147.564485      3.000      3.027    11.7290  36.710271     1.2822 7.9148e+02    292.521    105.622      3.000    32.0405    24.3414    1492.40 0.0000e+00
        918 147.564529      2.000      2.018    11.7470  36.649986     1.2512 9.2173e+02    291.822    105.405      2.000    31.9669    24.2810    1492.36 0.0000e+00
        934 147.564575      1.000      1.009    11.7897  36.592875     1.1404 1.6899e+03    291.130    103.668      1.000    31.8753    24.2021    1492.38 0.0000e+00
