Loch_Etive/CTD_data_2024/sbe55_sbe19p_5215_20250527_re5.cnv
* Sea-Bird SBE 19plus Data File:
* FileName = C:\Data\sbe55_sbe19p_5215\2025-05-27\sbe55_sbe19p_5215_20250527_re5062.hex
* Software Version SeatermAF 2.1.4
* Temperature SN = 5215
* Conductivity SN = 5215
* System UpLoad Time = May 27 2025 09:01:13 (localtime) = May 27 2025 09:01:13 (UTC)
* ds
* SeacatPlus V 1.6b  SERIAL NO. 5215    27 May 2025  09:00:35
# nquan = 15                                
# nvalues = 2699                        
# units = specified
# name 0 = scan: Scan Count
# name 1 = timeJ: Julian Days
# name 2 = depSM: Depth [salt water, m], lat = 56.00
# name 3 = prdM: Pressure, Strain Gauge [db]
# name 4 = tv290C: Temperature [ITS-90, deg C]
# name 5 = c0mS/cm: Conductivity [mS/cm]
# name 6 = flECO-AFL: Fluorescence, WET Labs ECO-AFL/FL [mg/m^3]
# name 7 = par/sat/log: PAR/Logarithmic, Satlantic [umol photons/m^2/sec]
# name 8 = sbeox0Mm/L: Oxygen, SBE 43 [umol/l]
# name 9 = sbeox0PS: Oxygen, SBE 43 [% saturation]
# name 10 = depSM: Depth [salt water, m], lat = 56
# name 11 = sal00: Salinity, Practical [PSU]
# name 12 = sigma-é00: Density [sigma-theta, kg/m^3]
# name 13 = svCM: Sound Velocity [Chen-Millero, m/s]
# name 14 = flag: flag
# span 0 =        301,       2999       
# span 1 = 147.359497, 147.367310       
# span 2 =     -0.142,    134.532       
# span 3 =     -0.143,    135.812       
# span 4 =    10.6452,    12.2733       
# span 5 =   1.926688,  32.667648       
# span 6 =    -0.0906,   123.8565       
# span 7 = 5.2948e-02, 7.4820e+02       
# span 8 =    189.303,    306.578       
# span 9 =     65.325,     98.024       
# span 10 =     -0.142,    134.532      
# span 11 =     1.3253,    28.0169      
# span 12 =     0.5112,    21.2090      
# span 13 =    1457.33,    1490.06      
# span 14 = 0.0000e+00, 0.0000e+00      
# interval = seconds: 0.25
# start_time = May 27 2025 08:36:26 [Instrument's time stamp, header]
# bad_flag = -9.990e-29
*END*
[from data line 2025]
       2326 147.365356     57.796     58.335    11.7115  32.388908     1.6127 5.3040e-02    258.034     90.725     57.796    27.8785    21.1169    1488.28 0.0000e+00
       2327 147.365372     57.699     58.237    11.7115  32.388668     1.5402 5.3110e-02    258.109     90.751     57.699    27.8783    21.1168    1488.28 0.0000e+00
       2328 147.365372     57.601     58.138    11.7115  32.388439     1.5364 5.3133e-02    258.098     90.747     57.601    27.8781    21.1166    1488.27 0.0000e+00
       2329 147.365372     57.503     58.039    11.7115  32.388218     1.4181 5.3180e-02    258.202     90.783     57.503    27.8779    21.1165    1488.27 0.0000e+00
       2330 147.365372     57.405     57.941    11.7115  32.388008     1.4048 5.3052e-02    258.272     90.807     57.405    27.8778    21.1164    1488.27 0.0000e+00
       2331 147.365372     57.309     57.843    11.7115  32.387817     1.5440 5.3226e-02    258.220     90.788     57.309    27.8776    21.1162    1488.27 0.0000e+00
       2332 147.365372     57.213     57.747    11.7116  32.387634     1.5517 5.3098e-02    258.272     90.805     57.213    27.8774    21.1161    1488.27 0.0000e+00
       2333 147.365387     57.118     57.650    11.7117  32.387478     1.7748 5.3145e-02    258.267     90.803     57.118    27.8772    21.1159    1488.27 0.0000e+00
       2334 147.365387     57.022     57.554    11.7117  32.387363     1.7653 5.3087e-02    258.212     90.784     57.022    27.8771    21.1158    1488.26 0.0000e+00
       2335 147.365387     56.926     57.457    11.7118  32.387257     1.7519 5.3098e-02    258.218     90.786     56.926    27.8770    21.1157    1488.26 0.0000e+00
       2336 147.365387     56.830     57.359    11.7118  32.387100     1.4963 5.3214e-02    258.021     90.716     56.830    27.8768    21.1156    1488.26 0.0000e+00
       2337 147.365387     56.733     57.261    11.7119  32.386902     1.5078 5.3098e-02    258.141     90.758     56.733    27.8767    21.1154    1488.26 0.0000e+00
       2338 147.365402     56.636     57.164    11.7119  32.386692     1.4601 5.3168e-02    258.084     90.738     56.636    27.8765    21.1153    1488.26 0.0000e+00
       2339 147.365402     56.540     57.067    11.7119  32.386471     1.4582 5.3075e-02    258.181     90.771     56.540    27.8763    21.1152    1488.26 0.0000e+00
       2340 147.365402     56.445     56.971    11.7119  32.386208     1.4639 5.3087e-02    258.049     90.725     56.445    27.8761    21.1150    1488.25 0.0000e+00
       2341 147.365402     56.350     56.875    11.7118  32.385929     1.4830 5.3098e-02    258.067     90.731     56.350    27.8759    21.1148    1488.25 0.0000e+00
       2342 147.365402     56.256     56.780    11.7118  32.385693     1.4601 5.3156e-02    258.131     90.753     56.256    27.8757    21.1147    1488.25 0.0000e+00
       2343 147.365417     56.161     56.684    11.7118  32.385479     1.4754 5.3249e-02    258.297     90.812     56.161    27.8756    21.1146    1488.25 0.0000e+00
       2344 147.365417     56.065     56.588    11.7118  32.385231     1.4773 5.3110e-02    258.406     90.851     56.065    27.8754    21.1144    1488.25 0.0000e+00
       2345 147.365417     55.970     56.491    11.7117  32.384907     1.4811 5.3168e-02    258.523     90.892     55.970    27.8751    21.1143    1488.24 0.0000e+00
       2346 147.365417     55.874     56.395    11.7116  32.384491     1.5803 5.3087e-02    258.520     90.891     55.874    27.8748    21.1140    1488.24 0.0000e+00
       2347 147.365417     55.780     56.300    11.7115  32.384026     1.5936 5.3052e-02    258.573     90.910     55.780    27.8745    21.1138    1488.24 0.0000e+00
       2348 147.365433     55.686     56.205    11.7114  32.383530     1.4601 5.3087e-02    258.539     90.899     55.686    27.8742    21.1136    1488.24 0.0000e+00
       2349 147.365433     55.593     56.111    11.7112  32.383018     1.4448 5.3133e-02    258.530     90.897     55.593    27.8739    21.1133    1488.24 0.0000e+00
       2350 147.365433     55.500     56.017    11.7111  32.382557     1.4048 5.3156e-02    258.490     90.889     55.500    27.8736    21.1131    1488.23 0.0000e+00
       2351 147.365433     55.407     55.923    11.7109  32.382221     1.4067 5.3098e-02    258.201     90.793     55.407    27.8734    21.1130    1488.23 0.0000e+00
       2352 147.365433     55.313     55.829    11.7108  32.381943     1.5021 5.3098e-02    258.074     90.752     55.313    27.8732    21.1129    1488.23 0.0000e+00
       2353 147.365433     55.220     55.735    11.7107  32.381611     1.4963 5.3098e-02    258.097     90.762     55.220    27.8730    21.1128    1488.23 0.0000e+00
       2354 147.365448     55.127     55.641    11.7106  32.381207     1.4086 5.3191e-02    258.085     90.760     55.127    27.8727    21.1126    1488.22 0.0000e+00
       2355 147.365448     55.034     55.547    11.7105  32.380795     1.3972 5.3017e-02    257.900     90.700     55.034    27.8725    21.1124    1488.22 0.0000e+00
       2356 147.365448     54.941     55.453    11.7105  32.380409     1.4963 5.3052e-02    258.105     90.778     54.941    27.8722    21.1122    1488.22 0.0000e+00
       2357 147.365448     54.849     55.361    11.7104  32.380085     1.5059 5.3052e-02    258.391     90.885     54.849    27.8720    21.1120    1488.22 0.0000e+00
       2358 147.365448     54.758     55.268    11.7104  32.379833     1.4467 5.3098e-02    258.424     90.907     54.758    27.8718    21.1119    1488.22 0.0000e+00
       2359 147.365463     54.667     55.176    11.7104  32.379654     1.4410 5.3017e-02    258.622     90.985     54.667    27.8716    21.1118    1488.21 0.0000e+00
       2360 147.365463     54.575     55.084    11.7104  32.379581     1.4296 5.3087e-02    258.721     91.027     54.575    27.8716    21.1117    1488.21 0.0000e+00
       2361 147.365463     54.483     54.991    11.7105  32.379616     1.5555 5.3098e-02    258.450     90.936     54.483    27.8715    21.1116    1488.21 0.0000e+00
       2362 147.365463     54.391     54.898    11.7107  32.379753     1.5574 5.3075e-02    258.733     91.039     54.391    27.8716    21.1116    1488.21 0.0000e+00
       2363 147.365463     54.299     54.805    11.7109  32.380020     1.6775 5.3040e-02    258.576     90.986     54.299    27.8717    21.1117    1488.21 0.0000e+00
       2364 147.365479     54.207     54.712    11.7113  32.380486     1.6699 5.3180e-02    258.569     90.985     54.207    27.8719    21.1118    1488.21 0.0000e+00
       2365 147.365479     54.116     54.620    11.7117  32.381248     1.5269 5.3110e-02    258.544     90.978     54.116    27.8724    21.1121    1488.21 0.0000e+00
       2366 147.365479     54.026     54.529    11.7124  32.382458     1.5211 5.3040e-02    258.592     90.996     54.026    27.8731    21.1125    1488.21 0.0000e+00
       2367 147.365479     53.936     54.439    11.7133  32.384274     1.4143 5.3029e-02    258.451     90.947     53.936    27.8741    21.1131    1488.22 0.0000e+00
       2368 147.365479     53.847     54.349    11.7147  32.386414     1.3991 5.3064e-02    258.637     91.014     53.847    27.8751    21.1137    1488.22 0.0000e+00
       2369 147.365479     53.757     54.258    11.7165  32.388180     1.5269 5.3098e-02    258.559     90.986     53.757    27.8755    21.1136    1488.23 0.0000e+00
       2370 147.365494     53.667     54.167    11.7185  32.389637     1.5440 5.3133e-02    258.767     91.060     53.667    27.8754    21.1133    1488.23 0.0000e+00
       2371 147.365494     53.575     54.075    11.7203  32.391499     1.5040 5.3098e-02    258.754     91.056     53.575    27.8759    21.1133    1488.24 0.0000e+00
       2372 147.365494     53.484     53.982    11.7221  32.393944     1.5059 5.3110e-02    258.857     91.093     53.484    27.8769    21.1137    1488.24 0.0000e+00
       2373 147.365494     53.392     53.890    11.7242  32.396816     1.3228 5.3006e-02    258.888     91.104     53.392    27.8780    21.1143    1488.25 0.0000e+00
       2374 147.365494     53.302     53.798    11.7268  32.400040     1.3094 5.3156e-02    258.969     91.135     53.302    27.8793    21.1148    1488.26 0.0000e+00
       2375 147.365509     53.211     53.707    11.7297  32.403526     1.4410 5.3029e-02    258.972     91.138     53.211    27.8804    21.1152    1488.27 0.0000e+00
       2376 147.365509     53.120     53.615    11.7329  32.406887     1.4506 5.3052e-02    258.966     91.138     53.120    27.8812    21.1152    1488.28 0.0000e+00
       2377 147.365509     53.029     53.523    11.7363  32.409550     1.4715 5.3075e-02    258.908     91.119     53.029    27.8813    21.1147    1488.29 0.0000e+00
       2378 147.365509     52.937     53.430    11.7395  32.411442     1.4715 5.3098e-02    259.154     91.208     52.937    27.8807    21.1137    1488.30 0.0000e+00
       2379 147.365509     52.845     53.337    11.7422  32.412868     1.3018 5.3075e-02    259.285     91.257     52.845    27.8801    21.1127    1488.31 0.0000e+00
       2380 147.365524     52.752     53.244    11.7443  32.414001     1.3209 5.3064e-02    259.205     91.232     52.752    27.8796    21.1120    1488.31 0.0000e+00
       2381 147.365524     52.660     53.151    11.7460  32.414867     1.3209 5.3098e-02    259.188     91.228     52.660    27.8792    21.1113    1488.32 0.0000e+00
       2382 147.365524     52.569     53.059    11.7474  32.415520     1.2999 5.3064e-02    259.375     91.300     52.569    27.8788    21.1108    1488.32 0.0000e+00
       2383 147.365524     52.478     52.967    11.7484  32.416039     1.3285 5.3156e-02    259.376     91.307     52.478    27.8786    21.1105    1488.32 0.0000e+00
       2384 147.365524     52.387     52.875    11.7492  32.416431     1.3590 5.3110e-02    259.377     91.314     52.387    27.8784    21.1102    1488.32 0.0000e+00
       2385 147.365540     52.295     52.782    11.7499  32.416714     1.3666 5.3133e-02    259.375     91.318     52.295    27.8782    21.1099    1488.32 0.0000e+00
       2386 147.365540     52.202     52.688    11.7504  32.416954     1.4200 5.3098e-02    259.464     91.351     52.202    27.8781    21.1097    1488.32 0.0000e+00
       2387 147.365540     52.109     52.594    11.7509  32.417183     1.4200 5.3029e-02    259.695     91.436     52.109    27.8780    21.1096    1488.32 0.0000e+00
       2388 147.365540     52.017     52.501    11.7513  32.417461     1.4544 5.3087e-02    259.775     91.468     52.017    27.8780    21.1095    1488.32 0.0000e+00
       2389 147.365540     51.926     52.409    11.7517  32.417816     1.4448 5.3075e-02    260.254     91.639     51.926    27.8780    21.1095    1488.32 0.0000e+00
       2390 147.365540     51.836     52.319    11.7521  32.418278     1.3132 5.3006e-02    260.202     91.620     51.836    27.8782    21.1095    1488.32 0.0000e+00
       2391 147.365555     51.747     52.229    11.7527  32.418880     1.3209 5.3098e-02    260.504     91.725     51.747    27.8784    21.1095    1488.32 0.0000e+00
       2392 147.365555     51.658     52.139    11.7534  32.419609     1.2808 5.3156e-02    260.649     91.771     51.658    27.8786    21.1096    1488.32 0.0000e+00
       2393 147.365555     51.568     52.048    11.7542  32.420357     1.3075 5.3110e-02    260.815     91.826     51.568    27.8787    21.1095    1488.33 0.0000e+00
       2394 147.365555     51.476     51.955    11.7552  32.421158     1.3495 5.3191e-02    260.932     91.864     51.476    27.8787    21.1094    1488.33 0.0000e+00
       2395 147.365555     51.383     51.861    11.7563  32.422226     1.3457 5.3110e-02    260.902     91.851     51.383    27.8790    21.1094    1488.33 0.0000e+00
       2396 147.365570     51.289     51.766    11.7575  32.423584     1.3609 5.3052e-02    260.814     91.817     51.289    27.8794    21.1095    1488.33 0.0000e+00
       2397 147.365570     51.196     51.672    11.7588  32.425095     1.3590 5.3145e-02    260.748     91.791     51.196    27.8799    21.1096    1488.34 0.0000e+00
       2398 147.365570     51.104     51.580    11.7604  32.426746     1.2522 5.3052e-02    260.640     91.751     51.104    27.8803    21.1097    1488.34 0.0000e+00
       2399 147.365570     51.014     51.489    11.7622  32.428730     1.2560 5.3087e-02    260.516     91.705     51.014    27.8809    21.1098    1488.35 0.0000e+00
       2400 147.365570     50.924     51.399    11.7643  32.431015     1.3609 5.3098e-02    260.510     91.701     50.924    27.8815    21.1100    1488.35 0.0000e+00
       2401 147.365585     50.835     51.308    11.7666  32.433056     1.3457 5.3098e-02    260.418     91.668     50.835    27.8817    21.1097    1488.36 0.0000e+00
       2402 147.365585     50.745     51.217    11.7691  32.434528     1.2274 5.3087e-02    260.311     91.631     50.745    27.8813    21.1089    1488.37 0.0000e+00
       2403 147.365585     50.653     51.124    11.7714  32.435631     1.2274 5.3029e-02    260.180     91.584     50.653    27.8807    21.1081    1488.37 0.0000e+00
       2404 147.365585     50.559     51.030    11.7733  32.436569     1.1893 5.3249e-02    260.162     91.578     50.559    27.8802    21.1074    1488.38 0.0000e+00
       2405 147.365585     50.465     50.935    11.7749  32.437263     1.2045 5.3133e-02    260.081     91.549     50.465    27.8797    21.1067    1488.38 0.0000e+00
       2406 147.365601     50.370     50.839    11.7762  32.437378     1.2636 5.3110e-02    260.103     91.558     50.370    27.8788    21.1058    1488.38 0.0000e+00
       2407 147.365601     50.277     50.744    11.7773  32.436687     1.2751 5.3098e-02    260.091     91.555     50.277    27.8774    21.1045    1488.38 0.0000e+00
       2408 147.365601     50.184     50.651    11.7777  32.435322     1.2522 5.3191e-02    260.227     91.605     50.184    27.8758    21.1032    1488.38 0.0000e+00
       2409 147.365601     50.092     50.558    11.7775  32.433567     1.3380 5.3075e-02    260.300     91.633     50.092    27.8743    21.1020    1488.38 0.0000e+00
       2410 147.365601     50.001     50.466    11.7768  32.431698     1.3609 5.3156e-02    260.303     91.636     50.001    27.8731    21.1012    1488.37 0.0000e+00
       2411 147.365601     49.909     50.374    11.7757  32.430000     1.2865 5.3006e-02    260.576     91.735     49.909    27.8724    21.1008    1488.37 0.0000e+00
       2412 147.365616     49.817     50.280    11.7745  32.428547     1.2865 5.3145e-02    260.669     91.773     49.817    27.8720    21.1007    1488.36 0.0000e+00
       2413 147.365616     49.722     50.185    11.7732  32.427155     1.3247 5.3110e-02    260.627     91.761     49.722    27.8716    21.1007    1488.35 0.0000e+00
       2414 147.365616     49.627     50.089    11.7721  32.425838     1.3228 5.3087e-02    260.698     91.789     49.627    27.8712    21.1006    1488.35 0.0000e+00
       2415 147.365616     49.532     49.993    11.7709  32.424694     1.2484 5.3017e-02    260.685     91.787     49.532    27.8710    21.1006    1488.34 0.0000e+00
       2416 147.365616     49.437     49.897    11.7699  32.423695     1.2598 5.3110e-02    260.604     91.762     49.437    27.8709    21.1007    1488.34 0.0000e+00
       2417 147.365631     49.344     49.804    11.7690  32.422901     1.3495 5.3133e-02    260.575     91.754     49.344    27.8708    21.1008    1488.33 0.0000e+00
       2418 147.365631     49.253     49.711    11.7683  32.422394     1.3533 5.3110e-02    260.613     91.770     49.253    27.8709    21.1010    1488.33 0.0000e+00
       2419 147.365631     49.161     49.619    11.7678  32.422131     1.2560 5.3098e-02    260.601     91.769     49.161    27.8711    21.1012    1488.32 0.0000e+00
       2420 147.365631     49.070     49.527    11.7675  32.422012     1.2560 5.3017e-02    260.611     91.775     49.070    27.8713    21.1014    1488.32 0.0000e+00
