Loch_Etive/CTD_data_2024/sbe55_sbe19p_5215_20250527_re9_1m.cnv
* Sea-Bird SBE 19plus Data File:
* FileName = C:\Data\sbe55_sbe19p_5215\2025-05-27\sbe55_sbe19p_5215_20250527_re9065.hex
* Software Version SeatermAF 2.1.4
* Temperature SN = 5215
* Conductivity SN = 5215
* System UpLoad Time = May 27 2025 12:21:15 (localtime) = May 27 2025 12:21:15 (UTC)
* ds
* SeacatPlus V 1.6b  SERIAL NO. 5215    27 May 2025  12:20:46
# nquan = 15
# nvalues = 87                          
# units = specified
# name 0 = scan: Scan Count
# name 1 = timeJ: Julian Days
# name 2 = depSM: Depth [salt water, m], lat = 56.00
# name 3 = prdM: Pressure, Strain Gauge [db]
# name 4 = tv290C: Temperature [ITS-90, deg C]
# name 5 = c0mS/cm: Conductivity [mS/cm]
# name 6 = flECO-AFL: Fluorescence, WET Labs ECO-AFL/FL [mg/m^3]
# name 7 = par/sat/log: PAR/Logarithmic, Satlantic [umol photons/m^2/sec]
# name 8 = sbeox0Mm/L: Oxygen, SBE 43 [umol/l]
# name 9 = sbeox0PS: Oxygen, SBE 43 [% saturation]
# name 10 = depSM: Depth [salt water, m], lat = 56
# name 11 = sal00: Salinity, Practical [PSU]
# name 12 = sigma-é00: Density [sigma-theta, kg/m^3]
# name 13 = svCM: Sound Velocity [Chen-Millero, m/s]
# name 14 = flag: flag
# span 0 =        230,       1105       
# span 1 = 147.509044, 147.511572       
# span 2 =      1.000,     44.000       
# span 3 =      1.009,     44.409       
# span 4 =    11.6972,    12.2339       
# span 5 =  30.604801,  35.570682       
# span 6 =     1.5750,     3.4591       
# span 7 = 5.3086e-02, 1.3147e+03       
# span 8 =    249.886,    289.740       
# span 9 =     87.855,    101.825       
# span 10 =      1.000,     44.000      
# span 11 =    25.8435,    30.8909      
# span 12 =    19.4491,    23.4557      
# span 13 =    1486.74,    1491.88      
# span 14 = 0.0000e+00, 0.0000e+00      
# interval = meters: 1                  
# start_time = May 27 2025 12:12:04 [Instrument's time stamp, header]
# bad_flag = -9.990e-29
*END*
        230 147.509044      1.000      1.009    12.2339  30.604801     2.5579 9.8038e+02    249.886     87.855      1.000    25.8435    19.4491    1486.74 0.0000e+00
        371 147.509450      2.000      2.018    12.0959  31.507475     3.2634 6.0230e+02    281.283     99.727      2.000    26.7839    20.2008    1487.39 0.0000e+00
        379 147.509472      3.000      3.028    11.9870  32.543936     3.0128 4.0741e+02    280.937     99.708      3.000    27.8398    21.0375    1488.29 0.0000e+00
        387 147.509497      4.000      4.037    11.9538  32.985662     3.4591 2.3854e+02    280.083     99.449      4.000    28.2831    21.3868    1488.72 0.0000e+00
        394 147.509517      5.000      5.046    11.9333  33.235035     2.7816 1.6627e+02    278.052     98.822      5.000    28.5352    21.5858    1488.96 0.0000e+00
        402 147.509539      6.000      6.055    11.9233  33.392038     2.4849 1.3643e+02    277.144     98.517      6.000    28.6918    21.7090    1489.13 0.0000e+00
        409 147.509561      7.000      7.064    11.9134  33.532826     2.3201 9.8551e+01    277.612     98.685      7.000    28.8331    21.8203    1489.28 0.0000e+00
        417 147.509583      8.000      8.074    11.8990  33.664703     2.1903 6.5658e+01    277.854     98.772      8.000    28.9695    21.9286    1489.41 0.0000e+00
        425 147.509606      9.000      9.083    11.8950  33.682798     2.1967 4.9074e+01    278.062     98.906      9.000    28.9895    21.9448    1489.44 0.0000e+00
        433 147.509631     10.000     10.092    11.8864  33.715485     2.2954 3.6904e+01    278.251     99.072     10.000    29.0269    21.9754    1489.47 0.0000e+00
        442 147.509653     11.000     11.101    11.8724  33.829577     2.4434 2.6538e+01    278.343     99.204     11.000    29.1464    22.0705    1489.58 0.0000e+00
        450 147.509680     12.000     12.110    11.8544  34.031152     2.3245 1.8604e+01    277.927     99.115     12.000    29.3527    22.2336    1489.78 0.0000e+00
        458 147.509699     13.000     13.120    11.8541  34.189738     1.9883 1.3858e+01    278.659     99.388     13.000    29.5042    22.3512    1489.97 0.0000e+00
        465 147.509725     14.000     14.129    11.8352  34.370330     1.8132 1.0427e+01    278.704     99.467     14.000    29.6917    22.5000    1490.15 0.0000e+00
        473 147.509743     15.000     15.138    11.8196  34.438041     1.8093 7.5613e+00    279.559     99.822     15.000    29.7687    22.5625    1490.20 0.0000e+00
        480 147.509767     16.000     16.148    11.8042  34.538800     1.8813 5.4541e+00    279.458     99.781     16.000    29.8773    22.6495    1490.30 0.0000e+00
        488 147.509790     17.000     17.157    11.8134  34.635616     1.8687 4.0772e+00    279.353     99.742     17.000    29.9624    22.7139    1490.45 0.0000e+00
        496 147.509810     18.000     18.166    11.8125  34.648030     1.7748 3.3766e+00    279.636     99.850     18.000    29.9746    22.7235    1490.47 0.0000e+00
        504 147.509836     19.000     19.175    11.8113  34.647487     1.7893 2.6511e+00    279.102     99.746     19.000    29.9747    22.7238    1490.49 0.0000e+00
        512 147.509856     20.000     20.185    11.8099  34.659080     1.9494 1.9889e+00    280.310    100.310     20.000    29.9865    22.7332    1490.51 0.0000e+00
        520 147.509881     21.000     21.194    11.8218  34.733138     1.8561 1.4024e+00    281.147    100.716     21.000    30.0476    22.7786    1490.64 0.0000e+00
        528 147.509903     22.000     22.203    11.8483  34.858366     1.8909 1.0356e+00    280.859    100.515     22.000    30.1460    22.8501    1490.87 0.0000e+00
        535 147.509925     23.000     23.213    11.8745  35.014147     1.7567 6.8329e-01    281.426    100.799     23.000    30.2738    22.9445    1491.13 0.0000e+00
        543 147.509947     24.000     24.222    11.8103  35.072274     1.8147 5.6320e-01    281.632    100.898     24.000    30.3815    23.0397    1491.05 0.0000e+00
        550 147.509968     25.000     25.231    11.8005  35.131328     1.7711 4.2430e-01    281.647    100.901     25.000    30.4459    23.0914    1491.11 0.0000e+00
        557 147.509989     26.000     26.240    11.8141  35.194672     1.7884 2.8911e-01    281.856    100.967     26.000    30.4953    23.1273    1491.23 0.0000e+00
        565 147.510010     27.000     27.250    11.8109  35.210994     1.8016 2.2198e-01    281.610    100.898     27.000    30.5133    23.1418    1491.26 0.0000e+00
        572 147.510032     28.000     28.259    11.8054  35.215829     1.6728 1.8637e-01    281.776    101.165     28.000    30.5220    23.1496    1491.27 0.0000e+00
        580 147.510055     29.000     29.268    11.8013  35.232608     1.7018 1.6237e-01    283.338    101.825     29.000    30.5411    23.1652    1491.29 0.0000e+00
        587 147.510077     30.000     30.278    11.8349  35.366324     1.7318 1.2925e-01    282.372    101.438     30.000    30.6418    23.2372    1491.55 0.0000e+00
        595 147.510099     31.000     31.287    11.8859  35.485090     1.6969 1.0568e-01    282.020    101.299     31.000    30.7135    23.2837    1491.83 0.0000e+00
        603 147.510124     32.000     32.296    11.8626  35.544912     1.5994 6.9673e-02    282.514    101.466     32.000    30.7899    23.3472    1491.85 0.0000e+00
        611 147.510145     33.000     33.305    11.8472  35.548832     1.6657 6.6543e-02    282.339    101.389     33.000    30.8060    23.3625    1491.84 0.0000e+00
        619 147.510170     34.000     34.315    11.8422  35.546840     1.6131 5.4854e-02    282.166    101.264     34.000    30.8078    23.3649    1491.84 0.0000e+00
        627 147.510191     35.000     35.325    11.8361  35.542162     1.6134 5.3383e-02    281.568    101.006     35.000    30.8080    23.3661    1491.84 0.0000e+00
        635 147.510215     36.000     36.334    11.8121  35.526324     1.6825 5.3121e-02    281.410    100.908     36.000    30.8122    23.3737    1491.77 0.0000e+00
        644 147.510239     37.000     37.343    11.7818  35.516366     1.6226 5.3101e-02    281.066    100.756     37.000    30.8273    23.3909    1491.70 0.0000e+00
        652 147.510262     38.000     38.352    11.7629  35.506479     1.6188 5.3118e-02    281.632    100.942     38.000    30.8331    23.3988    1491.66 0.0000e+00
        660 147.510288     39.000     39.362    11.7441  35.497551     1.5884 5.3099e-02    281.688    100.944     39.000    30.8396    23.4073    1491.62 0.0000e+00
        668 147.510309     40.000     40.371    11.7340  35.494303     1.6013 5.3133e-02    281.477    100.861     40.000    30.8444    23.4129    1491.61 0.0000e+00
        677 147.510336     41.000     41.381    11.7249  35.490298     1.6420 5.3097e-02    281.130    100.728     41.000    30.8477    23.4171    1491.59 0.0000e+00
        686 147.510361     42.000     42.390    11.7184  35.491327     1.6140 5.3096e-02    281.150    100.727     42.000    30.8537    23.4230    1491.60 0.0000e+00
        696 147.510392     43.000     43.399    11.7106  35.496143     1.5750 5.3117e-02    280.971    100.661     43.000    30.8644    23.4327    1491.60 0.0000e+00
        714 147.510441     44.000     44.409    11.6972  35.512413     1.5923 5.3093e-02    281.251    100.776     44.000    30.8909    23.4557    1491.60 0.0000e+00
        722 147.510467     43.000     43.399    11.7060  35.501010     1.7646 5.3086e-02    281.295    100.806     43.000    30.8730    23.4402    1491.59 0.0000e+00
        732 147.510495     42.000     42.390    11.7168  35.496138     1.8823 5.3097e-02    281.479    100.899     42.000    30.8597    23.4279    1491.60 0.0000e+00
        742 147.510523     41.000     41.381    11.7254  35.498783     1.6832 5.3092e-02    281.267    100.896     41.000    30.8555    23.4231    1491.61 0.0000e+00
        752 147.510554     40.000     40.371    11.7421  35.510753     1.7471 5.3123e-02    281.449    101.061     40.000    30.8535    23.4185    1491.64 0.0000e+00
        762 147.510581     39.000     39.362    11.7795  35.545418     1.7278 5.3088e-02    281.755    101.191     39.000    30.8564    23.4139    1491.76 0.0000e+00
        771 147.510609     38.000     38.352    11.8211  35.570682     1.5845 5.3138e-02    281.970    101.260     38.000    30.8466    23.3988    1491.88 0.0000e+00
        780 147.510635     37.000     37.343    11.8335  35.564772     1.6794 5.3126e-02    281.913    101.242     37.000    30.8311    23.3846    1491.88 0.0000e+00
        790 147.510662     36.000     36.334    11.8327  35.554389     1.6201 5.3190e-02    282.401    101.428     36.000    30.8222    23.3778    1491.86 0.0000e+00
        799 147.510687     35.000     35.324    11.8342  35.552672     1.7458 5.5711e-02    282.302    101.402     35.000    30.8197    23.3755    1491.84 0.0000e+00
        808 147.510716     34.000     34.315    11.8404  35.554421     1.7638 6.2815e-02    282.040    101.322     34.000    30.8166    23.3720    1491.84 0.0000e+00
        818 147.510744     33.000     33.306    11.8462  35.554880     1.7278 7.4787e-02    282.400    101.464     33.000    30.8126    23.3678    1491.84 0.0000e+00
        828 147.510773     32.000     32.296    11.8551  35.555187     1.6866 9.6855e-02    282.464    101.485     32.000    30.8060    23.3610    1491.85 0.0000e+00
        838 147.510802     31.000     31.287    11.8655  35.542613     1.7632 1.3193e-01    282.786    101.501     31.000    30.7856    23.3433    1491.84 0.0000e+00
        848 147.510832     30.000     30.278    11.8884  35.463591     1.7369 1.6721e-01    282.839    101.352     30.000    30.6912    23.2659    1491.79 0.0000e+00
        859 147.510860     29.000     29.268    11.8547  35.320117     1.7080 2.0513e-01    281.818    100.958     29.000    30.5815    23.1869    1491.53 0.0000e+00
        868 147.510890     28.000     28.259    11.8144  35.222530     1.8440 2.6298e-01    281.670    100.904     28.000    30.5211    23.1473    1491.30 0.0000e+00
        878 147.510917     27.000     27.250    11.8097  35.204276     1.7630 3.3258e-01    281.900    100.977     27.000    30.5078    23.1378    1491.25 0.0000e+00
        887 147.510945     26.000     26.241    11.8108  35.196831     1.7527 4.2802e-01    282.002    100.988     26.000    30.5001    23.1316    1491.23 0.0000e+00
        897 147.510972     25.000     25.231    11.8139  35.173129     1.8317 5.4531e-01    281.643    100.816     25.000    30.4751    23.1117    1491.19 0.0000e+00
        906 147.510996     24.000     24.222    11.8147  35.128871     1.9026 7.1373e-01    281.632    100.843     24.000    30.4324    23.0783    1491.12 0.0000e+00
        914 147.511023     23.000     23.212    11.8097  35.077435     1.7365 9.2290e-01    281.645    100.799     23.000    30.3873    23.0442    1491.04 0.0000e+00
        923 147.511048     22.000     22.203    11.8461  35.015213     1.7367 1.1932e+00    280.877    100.475     22.000    30.2984    22.9687    1491.04 0.0000e+00
        932 147.511072     21.000     21.194    11.8631  34.908606     1.8081 1.5666e+00    280.722    100.398     21.000    30.1826    22.8758    1490.95 0.0000e+00
        940 147.511098     20.000     20.185    11.8584  34.840844     1.8848 2.0482e+00    280.633    100.324     20.000    30.1218    22.8295    1490.84 0.0000e+00
        949 147.511123     19.000     19.175    11.8552  34.810924     1.7862 2.6931e+00    280.702    100.284     19.000    30.0961    22.8101    1490.78 0.0000e+00
        957 147.511146     18.000     18.166    11.8473  34.767686     1.8149 3.5773e+00    279.909     99.918     18.000    30.0613    22.7845    1490.70 0.0000e+00
        965 147.511171     17.000     17.157    11.8335  34.704511     1.8715 4.7094e+00    279.210     99.588     17.000    30.0122    22.7489    1490.58 0.0000e+00
        974 147.511193     16.000     16.148    11.8187  34.611049     1.9098 6.2339e+00    279.462     99.657     16.000    29.9349    22.6916    1490.41 0.0000e+00
        982 147.511218     15.000     15.138    11.8101  34.500489     1.8200 8.3043e+00    278.874     99.403     15.000    29.8362    22.6165    1490.25 0.0000e+00
        990 147.511241     14.000     14.129    11.8251  34.407431     1.9469 1.1121e+01    278.953     99.341     14.000    29.7354    22.5357    1490.17 0.0000e+00
        998 147.511266     13.000     13.120    11.8365  34.313745     1.9637 1.5164e+01    279.026     99.258     13.000    29.6369    22.4572    1490.07 0.0000e+00
       1006 147.511290     12.000     12.111    11.8419  34.164205     1.9359 2.0564e+01    279.229     99.265     12.000    29.4898    22.3422    1489.90 0.0000e+00
       1015 147.511313     11.000     11.101    11.8468  33.969894     2.2949 2.7636e+01    279.386     99.282     11.000    29.3005    22.1945    1489.67 0.0000e+00
       1023 147.511337     10.000     10.092    11.8648  33.800646     2.1990 3.7938e+01    279.151     99.167     10.000    29.1251    22.0553    1489.51 0.0000e+00
       1031 147.511360      9.000      9.083    11.8813  33.681184     2.3778 5.2875e+01    279.282     99.194      9.000    28.9986    21.9543    1489.40 0.0000e+00
       1039 147.511385      8.000      8.074    11.8873  33.610779     2.2800 7.4617e+01    279.200     99.151      8.000    28.9272    21.8978    1489.32 0.0000e+00
       1048 147.511408      7.000      7.064    11.8920  33.558164     2.5219 1.0284e+02    279.666     99.265      7.000    28.8737    21.8555    1489.25 0.0000e+00
       1056 147.511434      6.000      6.055    11.8969  33.518351     2.8110 1.4831e+02    280.463     99.491      6.000    28.8324    21.8226    1489.21 0.0000e+00
       1065 147.511457      5.000      5.046    11.9063  33.419021     2.8863 2.1194e+02    281.439     99.727      5.000    28.7309    21.7423    1489.10 0.0000e+00
       1073 147.511482      4.000      4.037    11.9191  33.286032     2.9592 3.0547e+02    282.865     99.850      4.000    28.5949    21.6346    1488.97 0.0000e+00
       1083 147.511510      3.000      3.028    11.9427  32.972265     3.1102 4.6210e+02    283.848     99.889      3.000    28.2792    21.3858    1488.66 0.0000e+00
       1093 147.511539      2.000      2.019    12.0127  32.030100     3.1996 7.9212e+02    284.990    100.077      2.000    27.3360    20.6429    1487.76 0.0000e+00
       1105 147.511572      1.000      1.009    12.0949  31.304682     2.8934 1.3147e+03    289.740     96.221      1.000    26.5942    20.0542    1487.15 0.0000e+00
