Loch_Etive/CTD_data_US/2025-05-28/sbe55_sbe19p_5215_20250528_re7_1m.cnv
* Sea-Bird SBE 19plus Data File:
* FileName = C:\Data\sbe55_sbe19p_5215\2025-05-28\sbe55_sbe19p_5215_20250528_re7071.hex
* Software Version SeatermAF 2.1.4
* Temperature SN = 5215
* Conductivity SN = 5215
* System UpLoad Time = May 28 2025 12:44:59 (localtime) = May 28 2025 12:44:59 (UTC)
* ds
* SeacatPlus V 1.6b  SERIAL NO. 5215    28 May 2025  12:44:20
# nquan = 15
# nvalues = 115                         
# units = specified
# name 0 = scan: Scan Count
# name 1 = timeJ: Julian Days
# name 2 = depSM: Depth [salt water, m], lat = 56.00
# name 3 = prdM: Pressure, Strain Gauge [db]
# name 4 = tv290C: Temperature [ITS-90, deg C]
# name 5 = c0mS/cm: Conductivity [mS/cm]
# name 6 = flECO-AFL: Fluorescence, WET Labs ECO-AFL/FL [mg/m^3]
# name 7 = par/sat/log: PAR/Logarithmic, Satlantic [umol photons/m^2/sec]
# name 8 = sbeox0Mm/L: Oxygen, SBE 43 [umol/l]
# name 9 = sbeox0PS: Oxygen, SBE 43 [% saturation]
# name 10 = depSM: Depth [salt water, m], lat = 56
# name 11 = sal00: Salinity, Practical [PSU]
# name 12 = sigma-é00: Density [sigma-theta, kg/m^3]
# name 13 = svCM: Sound Velocity [Chen-Millero, m/s]
# name 14 = flag: flag
# span 0 =        196,       1470       
# span 1 = 148.524741, 148.528429       
# span 2 =      1.000,     58.000       
# span 3 =      1.009,     58.541       
# span 4 =    11.9414,    12.5716       
# span 5 =  25.712006,  34.556089       
# span 6 =     1.1956,     4.5565       
# span 7 = 5.3070e-02, 3.2557e+02       
# span 8 =    228.772,    286.649       
# span 9 =     78.874,     98.871       
# span 10 =      1.000,     58.000      
# span 11 =    21.1550,    29.4756      
# span 12 =    15.7695,    22.2474      
# span 13 =    1482.37,    1492.27      
# span 14 = 0.0000e+00, 0.0000e+00      
# interval = meters: 1                  
# start_time = May 28 2025 12:34:49 [Instrument's time stamp, header]
# bad_flag = -9.990e-29
*END*
        196 148.524741      1.000      1.009    12.5716  25.712006     4.3411 3.2557e+02    228.772     78.874      1.000    21.1550    15.7695    1482.37 0.0000e+00
        312 148.525077      2.000      2.018    12.3875  29.430999     4.5183 1.2604e+02    269.876     94.979      2.000    24.6561    18.5045    1485.89 0.0000e+00
        323 148.525108      3.000      3.028    12.1169  30.984073     3.5817 6.6846e+01    266.916     94.197      3.000    26.2783    19.8059    1486.88 0.0000e+00
        332 148.525137      4.000      4.037    12.0294  31.683146     2.9579 4.2153e+01    264.932     93.577      4.000    26.9960    20.3767    1487.45 0.0000e+00
        341 148.525161      5.000      5.046    11.9538  32.292225     2.6538 2.7365e+01    265.921     94.003      5.000    27.6256    20.8776    1487.95 0.0000e+00
        350 148.525187      6.000      6.055    11.9414  32.482720     2.2927 1.8278e+01    267.184     94.533      6.000    27.8147    21.0262    1488.15 0.0000e+00
        359 148.525215      7.000      7.064    11.9469  32.610018     2.2553 1.2280e+01    268.319     94.998      7.000    27.9309    21.1153    1488.32 0.0000e+00
        368 148.525242      8.000      8.074    11.9555  32.740100     2.1965 8.4530e+00    268.449     95.087      8.000    28.0473    21.2040    1488.51 0.0000e+00
        378 148.525267      9.000      9.083    11.9608  32.835336     2.1697 5.9283e+00    268.629     95.206      9.000    28.1332    21.2696    1488.64 0.0000e+00
        387 148.525295     10.000     10.092    11.9640  32.899506     2.1762 4.2092e+00    269.467     95.573     10.000    28.1914    21.3141    1488.74 0.0000e+00
        396 148.525320     11.000     11.101    11.9692  32.984696     2.2390 2.9853e+00    270.251     95.886     11.000    28.2678    21.3725    1488.87 0.0000e+00
        404 148.525346     12.000     12.111    11.9760  33.085728     2.2005 2.1248e+00    271.054     96.207     12.000    28.3582    21.4413    1489.02 0.0000e+00
        413 148.525369     13.000     13.120    11.9782  33.144796     2.4316 1.5464e+00    272.797     96.834     13.000    28.4122    21.4827    1489.10 0.0000e+00
        422 148.525399     14.000     14.129    11.9799  33.199554     2.0700 1.1335e+00    272.998     96.934     14.000    28.4625    21.5215    1489.19 0.0000e+00
        431 148.525424     15.000     15.138    11.9808  33.218572     2.1913 8.3478e-01    273.710     97.216     15.000    28.4795    21.5344    1489.23 0.0000e+00
        441 148.525451     16.000     16.148    11.9822  33.263324     2.0514 6.1007e-01    274.226     97.431     16.000    28.5205    21.5660    1489.30 0.0000e+00
        450 148.525475     17.000     17.157    11.9836  33.310657     2.0177 4.5397e-01    274.936     97.790     17.000    28.5641    21.5996    1489.37 0.0000e+00
        459 148.525504     18.000     18.166    11.9848  33.370884     1.9256 3.3783e-01    275.922     98.212     18.000    28.6199    21.6426    1489.46 0.0000e+00
        468 148.525531     19.000     19.175    11.9960  33.516445     1.8345 2.5079e-01    275.515     98.152     19.000    28.7493    21.7409    1489.67 0.0000e+00
        478 148.525558     20.000     20.185    12.0105  33.607332     1.7608 1.8898e-01    275.445     98.236     20.000    28.8240    21.7962    1489.82 0.0000e+00
        487 148.525585     21.000     21.194    12.0279  33.707633     1.8566 1.4602e-01    274.946     98.161     21.000    28.9055    21.8563    1490.00 0.0000e+00
        497 148.525612     22.000     22.203    12.0509  33.832573     1.6989 1.0912e-01    274.983     98.214     22.000    29.0060    21.9300    1490.21 0.0000e+00
        506 148.525639     23.000     23.213    12.0750  33.926639     1.5634 7.7307e-02    274.896     98.189     23.000    29.0763    21.9801    1490.40 0.0000e+00
        515 148.525665     24.000     24.222    12.0832  33.969180     1.5985 6.2658e-02    274.886     98.223     24.000    29.1099    22.0047    1490.48 0.0000e+00
        524 148.525691     25.000     25.231    12.0847  33.982035     1.6129 5.3723e-02    274.614     98.162     25.000    29.1206    22.0128    1490.52 0.0000e+00
        533 148.525718     26.000     26.241    12.0928  34.020577     1.5870 5.3247e-02    274.815     98.267     26.000    29.1505    22.0345    1490.60 0.0000e+00
        542 148.525746     27.000     27.250    12.1038  34.055024     1.5519 5.3115e-02    274.437     98.179     27.000    29.1743    22.0509    1490.68 0.0000e+00
        551 148.525770     28.000     28.259    12.1147  34.085613     1.5536 5.3113e-02    274.529     98.262     28.000    29.1944    22.0646    1490.76 0.0000e+00
        561 148.525797     29.000     29.268    12.1290  34.132182     1.4644 5.3082e-02    274.229     98.160     29.000    29.2271    22.0874    1490.86 0.0000e+00
        571 148.525826     30.000     30.278    12.1431  34.170591     1.3746 5.3106e-02    274.267     98.173     30.000    29.2522    22.1043    1490.96 0.0000e+00
        580 148.525855     31.000     31.287    12.1452  34.173528     1.4418 5.3127e-02    274.187     98.165     31.000    29.2530    22.1045    1490.98 0.0000e+00
        590 148.525882     32.000     32.297    12.1453  34.175383     1.4330 5.3096e-02    274.208     98.211     32.000    29.2542    22.1055    1491.00 0.0000e+00
        600 148.525911     33.000     33.306    12.1515  34.196036     1.4161 5.3109e-02    274.227     98.295     33.000    29.2686    22.1155    1491.06 0.0000e+00
        609 148.525937     34.000     34.315    12.1658  34.237060     1.3841 5.3136e-02    273.888     98.182     34.000    29.2959    22.1342    1491.15 0.0000e+00
        618 148.525964     35.000     35.324    12.1888  34.286147     1.3431 5.3115e-02    274.219     98.313     35.000    29.3242    22.1519    1491.29 0.0000e+00
        628 148.525992     36.000     36.334    12.1930  34.293198     1.4158 5.3091e-02    273.959     98.214     36.000    29.3272    22.1535    1491.32 0.0000e+00
        637 148.526020     37.000     37.343    12.1967  34.301569     1.3281 5.3088e-02    274.120     98.333     37.000    29.3318    22.1564    1491.35 0.0000e+00
        647 148.526046     38.000     38.352    12.1964  34.301941     1.3334 5.3096e-02    273.766     98.274     38.000    29.3320    22.1566    1491.37 0.0000e+00
        656 148.526075     39.000     39.362    12.2161  34.359687     1.3657 5.3120e-02    274.202     98.445     39.000    29.3709    22.1832    1491.50 0.0000e+00
        666 148.526101     40.000     40.371    12.2387  34.403633     1.3481 5.3109e-02    274.063     98.394     40.000    29.3945    22.1974    1491.63 0.0000e+00
        675 148.526130     41.000     41.381    12.2442  34.409685     1.3698 5.3114e-02    274.031     98.401     41.000    29.3955    22.1972    1491.66 0.0000e+00
        685 148.526157     42.000     42.390    12.2443  34.412908     1.2673 5.3120e-02    274.191     98.466     42.000    29.3981    22.1992    1491.68 0.0000e+00
        695 148.526186     43.000     43.399    12.2501  34.425146     1.2951 5.3092e-02    274.467     98.613     43.000    29.4048    22.2033    1491.73 0.0000e+00
        705 148.526213     44.000     44.409    12.2549  34.440129     1.2720 5.3076e-02    274.688     98.708     44.000    29.4149    22.2103    1491.77 0.0000e+00
        714 148.526243     45.000     45.418    12.2700  34.471014     1.2670 5.3124e-02    274.518     98.646     45.000    29.4319    22.2207    1491.86 0.0000e+00
        724 148.526269     46.000     46.428    12.2754  34.477916     1.2845 5.3120e-02    274.295     98.567     46.000    29.4338    22.2213    1491.90 0.0000e+00
        734 148.526299     47.000     47.437    12.2752  34.477430     1.3169 5.3091e-02    274.571     98.684     47.000    29.4331    22.2208    1491.91 0.0000e+00
        743 148.526325     48.000     48.447    12.2759  34.480470     1.2574 5.3112e-02    274.289     98.599     48.000    29.4351    22.2222    1491.93 0.0000e+00
        753 148.526354     49.000     49.456    12.2820  34.496151     1.2738 5.3092e-02    274.439     98.656     49.000    29.4448    22.2287    1491.98 0.0000e+00
        763 148.526381     50.000     50.465    12.2876  34.505527     1.3174 5.3096e-02    274.605     98.729     50.000    29.4488    22.2308    1492.02 0.0000e+00
        772 148.526411     51.000     51.475    12.2892  34.509417     1.2936 5.3100e-02    274.713     98.770     51.000    29.4509    22.2321    1492.05 0.0000e+00
        782 148.526438     52.000     52.484    12.2939  34.519685     1.2522 5.3119e-02    274.443     98.673     52.000    29.4565    22.2356    1492.09 0.0000e+00
        792 148.526468     53.000     53.494    12.2940  34.518038     1.2611 5.3114e-02    274.510     98.705     53.000    29.4545    22.2340    1492.10 0.0000e+00
        802 148.526497     54.000     54.503    12.2947  34.520717     1.2663 5.3103e-02    274.612     98.758     54.000    29.4561    22.2352    1492.12 0.0000e+00
        813 148.526528     55.000     55.513    12.2977  34.529239     1.2479 5.3115e-02    274.794     98.846     55.000    29.4614    22.2388    1492.16 0.0000e+00
        823 148.526556     56.000     56.522    12.3045  34.545877     1.2425 5.3111e-02    274.756     98.834     56.000    29.4715    22.2454    1492.21 0.0000e+00
        834 148.526588     57.000     57.531    12.3107  34.555789     1.2142 5.3096e-02    274.565     98.764     57.000    29.4756    22.2474    1492.25 0.0000e+00
        855 148.526649     58.000     58.541    12.3110  34.556089     1.1956 5.3109e-02    274.744     98.827     58.000    29.4753    22.2472    1492.27 0.0000e+00
        866 148.526683     57.000     57.531    12.3103  34.555026     1.2388 5.3126e-02    274.674     98.801     57.000    29.4752    22.2472    1492.25 0.0000e+00
        882 148.526727     56.000     56.522    12.3100  34.554189     1.2810 5.3086e-02    274.521     98.743     56.000    29.4750    22.2471    1492.23 0.0000e+00
        896 148.526767     55.000     55.513    12.3091  34.551857     1.2471 5.3120e-02    274.824     98.850     55.000    29.4739    22.2463    1492.21 0.0000e+00
        909 148.526805     54.000     54.503    12.3082  34.549758     1.2601 5.3096e-02    274.578     98.754     54.000    29.4731    22.2459    1492.19 0.0000e+00
        921 148.526840     53.000     53.494    12.3072  34.546610     1.2572 5.3108e-02    274.918     98.871     53.000    29.4712    22.2445    1492.17 0.0000e+00
        933 148.526875     52.000     52.484    12.3043  34.540319     1.2719 5.3097e-02    274.782     98.819     52.000    29.4679    22.2425    1492.14 0.0000e+00
        945 148.526911     51.000     51.475    12.3031  34.537965     1.2811 5.3070e-02    274.447     98.687     51.000    29.4670    22.2420    1492.12 0.0000e+00
        956 148.526942     50.000     50.465    12.3012  34.532457     1.2981 5.3092e-02    274.872     98.830     50.000    29.4637    22.2398    1492.09 0.0000e+00
        967 148.526975     49.000     49.456    12.2972  34.523964     1.3129 5.3086e-02    274.635     98.738     49.000    29.4591    22.2370    1492.05 0.0000e+00
        979 148.527007     48.000     48.447    12.2941  34.517471     1.3126 5.3109e-02    274.646     98.733     48.000    29.4558    22.2349    1492.02 0.0000e+00
        990 148.527039     47.000     47.437    12.2916  34.512097     1.2554 5.3115e-02    274.539     98.664     47.000    29.4531    22.2332    1491.99 0.0000e+00
       1001 148.527071     46.000     46.427    12.2867  34.498617     1.2229 5.3108e-02    274.513     98.617     46.000    29.4445    22.2275    1491.95 0.0000e+00
       1012 148.527104     45.000     45.418    12.2741  34.469537     1.2292 5.3113e-02    274.368     98.538     45.000    29.4273    22.2164    1491.87 0.0000e+00
       1023 148.527137     44.000     44.409    12.2614  34.443454     1.2958 5.3100e-02    274.052     98.413     44.000    29.4129    22.2076    1491.79 0.0000e+00
       1034 148.527168     43.000     43.400    12.2541  34.430464     1.3140 5.3104e-02    274.129     98.427     43.000    29.4067    22.2041    1491.74 0.0000e+00
       1045 148.527200     42.000     42.390    12.2507  34.422688     1.3904 5.3109e-02    274.234     98.441     42.000    29.4024    22.2014    1491.71 0.0000e+00
       1056 148.527233     41.000     41.381    12.2446  34.407070     1.3407 5.3098e-02    274.242     98.423     41.000    29.3928    22.1950    1491.66 0.0000e+00
       1067 148.527263     40.000     40.371    12.2367  34.390512     1.3874 5.3119e-02    274.644     98.551     40.000    29.3836    22.1893    1491.61 0.0000e+00
       1078 148.527295     39.000     39.362    12.2299  34.375583     1.2947 5.3093e-02    274.242     98.380     39.000    29.3753    22.1841    1491.55 0.0000e+00
       1088 148.527323     38.000     38.353    12.2244  34.361351     1.3548 5.3105e-02    274.166     98.329     38.000    29.3664    22.1782    1491.51 0.0000e+00
       1099 148.527356     37.000     37.343    12.2150  34.337348     1.3481 5.3098e-02    274.038     98.244     37.000    29.3514    22.1683    1491.44 0.0000e+00
       1109 148.527385     36.000     36.334    12.2074  34.319025     1.3286 5.3121e-02    274.074     98.176     36.000    29.3404    22.1611    1491.38 0.0000e+00
       1120 148.527416     35.000     35.324    12.1902  34.264973     1.3468 5.3118e-02    274.268     98.204     35.000    29.3029    22.1352    1491.26 0.0000e+00
       1131 148.527448     34.000     34.315    12.1658  34.209710     1.4206 5.3113e-02    274.271     98.181     34.000    29.2700    22.1141    1491.12 0.0000e+00
       1142 148.527480     33.000     33.306    12.1531  34.184495     1.5260 5.3093e-02    274.051     98.099     33.000    29.2564    22.1058    1491.05 0.0000e+00
       1153 148.527512     32.000     32.297    12.1470  34.173190     1.4119 5.3109e-02    274.293     98.188     32.000    29.2508    22.1026    1491.00 0.0000e+00
       1164 148.527542     31.000     31.287    12.1464  34.173690     1.4814 5.3101e-02    274.339     98.189     31.000    29.2521    22.1037    1490.99 0.0000e+00
       1174 148.527573     30.000     30.278    12.1466  34.172349     1.5154 5.3083e-02    274.396     98.159     30.000    29.2511    22.1028    1490.97 0.0000e+00
       1185 148.527602     29.000     29.268    12.1397  34.143043     1.4546 5.3114e-02    274.311     98.081     29.000    29.2290    22.0869    1490.90 0.0000e+00
       1195 148.527634     28.000     28.259    12.1252  34.096201     1.4511 5.3118e-02    274.692     98.188     28.000    29.1963    22.0642    1490.80 0.0000e+00
       1205 148.527662     27.000     27.250    12.1119  34.061717     1.6551 5.3104e-02    274.316     98.026     27.000    29.1743    22.0495    1490.71 0.0000e+00
       1216 148.527694     26.000     26.240    12.1032  34.036136     1.6974 5.3105e-02    274.617     98.105     26.000    29.1572    22.0378    1490.64 0.0000e+00
       1226 148.527723     25.000     25.231    12.0955  34.008086     1.7017 5.6275e-02    274.813     98.156     25.000    29.1369    22.0235    1490.57 0.0000e+00
       1237 148.527753     24.000     24.222    12.0887  33.982677     1.5620 6.5705e-02    274.961     98.170     24.000    29.1185    22.0104    1490.51 0.0000e+00
       1247 148.527783     23.000     23.213    12.0855  33.953866     1.5609 8.1462e-02    274.629     98.016     23.000    29.0939    21.9919    1490.46 0.0000e+00
       1257 148.527813     22.000     22.203    12.0777  33.904875     1.6465 1.1418e-01    274.911     98.065     22.000    29.0539    21.9623    1490.36 0.0000e+00
       1267 148.527842     21.000     21.194    12.0686  33.868973     1.7183 1.5502e-01    275.687     98.193     21.000    29.0272    21.9432    1490.28 0.0000e+00
       1277 148.527872     20.000     20.185    12.0546  33.790846     1.7413 2.0268e-01    275.385     97.918     20.000    28.9643    21.8970    1490.14 0.0000e+00
