Loch_Etive/CTD_data_US/2025-05-28/sbe55_sbe19p_5215_20250528_re7_1m.cnv
* Sea-Bird SBE 19plus Data File:
* FileName = C:\Data\sbe55_sbe19p_5215\2025-05-28\sbe55_sbe19p_5215_20250528_re7071.hex
* Software Version SeatermAF 2.1.4
* Temperature SN = 5215
* Conductivity SN = 5215
* System UpLoad Time = May 28 2025 12:44:59 (localtime) = May 28 2025 12:44:59 (UTC)
* ds
* SeacatPlus V 1.6b  SERIAL NO. 5215    28 May 2025  12:44:20
# nquan = 15
# nvalues = 115                         
# units = specified
# name 0 = scan: Scan Count
# name 1 = timeJ: Julian Days
# name 2 = depSM: Depth [salt water, m], lat = 56.00
# name 3 = prdM: Pressure, Strain Gauge [db]
# name 4 = tv290C: Temperature [ITS-90, deg C]
# name 5 = c0mS/cm: Conductivity [mS/cm]
# name 6 = flECO-AFL: Fluorescence, WET Labs ECO-AFL/FL [mg/m^3]
# name 7 = par/sat/log: PAR/Logarithmic, Satlantic [umol photons/m^2/sec]
# name 8 = sbeox0Mm/L: Oxygen, SBE 43 [umol/l]
# name 9 = sbeox0PS: Oxygen, SBE 43 [% saturation]
# name 10 = depSM: Depth [salt water, m], lat = 56
# name 11 = sal00: Salinity, Practical [PSU]
# name 12 = sigma-é00: Density [sigma-theta, kg/m^3]
# name 13 = svCM: Sound Velocity [Chen-Millero, m/s]
# name 14 = flag: flag
# span 0 =        196,       1470       
# span 1 = 148.524741, 148.528429       
# span 2 =      1.000,     58.000       
# span 3 =      1.009,     58.541       
# span 4 =    11.9414,    12.5716       
# span 5 =  25.712006,  34.556089       
# span 6 =     1.1956,     4.5565       
# span 7 = 5.3070e-02, 3.2557e+02       
# span 8 =    228.772,    286.649       
# span 9 =     78.874,     98.871       
# span 10 =      1.000,     58.000      
# span 11 =    21.1550,    29.4756      
# span 12 =    15.7695,    22.2474      
# span 13 =    1482.37,    1492.27      
# span 14 = 0.0000e+00, 0.0000e+00      
# interval = meters: 1                  
# start_time = May 28 2025 12:34:49 [Instrument's time stamp, header]
# bad_flag = -9.990e-29
*END*
[from data line 97]
       1297 148.527930     18.000     18.166    12.0010  33.405458     1.8224 3.5202e-01    273.828     97.228     18.000    28.6404    21.6556    1489.54 0.0000e+00
       1307 148.527958     17.000     17.157    11.9916  33.301590     2.0285 4.5857e-01    273.200     96.979     17.000    28.5493    21.5867    1489.38 0.0000e+00
       1318 148.527989     16.000     16.148    11.9861  33.234872     1.9724 6.0066e-01    272.919     96.862     16.000    28.4906    21.5421    1489.27 0.0000e+00
       1328 148.528018     15.000     15.138    11.9833  33.202542     2.0956 8.0048e-01    272.523     96.710     15.000    28.4624    21.5208    1489.21 0.0000e+00
       1339 148.528049     14.000     14.129    11.9816  33.179968     2.2162 1.0643e+00    272.248     96.584     14.000    28.4426    21.5057    1489.17 0.0000e+00
       1349 148.528078     13.000     13.120    11.9802  33.155616     2.0571 1.4073e+00    270.938     96.093     13.000    28.4210    21.4892    1489.12 0.0000e+00
       1359 148.528107     12.000     12.111    11.9781  33.114399     2.0395 1.8504e+00    270.314     95.854     12.000    28.3838    21.4607    1489.05 0.0000e+00
       1369 148.528138     11.000     11.101    11.9767  33.078480     2.0638 2.4363e+00    269.695     95.582     11.000    28.3511    21.4357    1488.99 0.0000e+00
       1379 148.528166     10.000     10.092    11.9753  33.038985     2.0800 3.2477e+00    269.262     95.371     10.000    28.3151    21.4080    1488.93 0.0000e+00
       1389 148.528196      9.000      9.083    11.9704  32.952961     2.2932 4.3548e+00    268.815     95.175      9.000    28.2375    21.3487    1488.80 0.0000e+00
       1399 148.528224      8.000      8.074    11.9655  32.877825     2.4024 5.8961e+00    268.249     94.919      8.000    28.1704    21.2975    1488.69 0.0000e+00
       1409 148.528253      7.000      7.064    11.9621  32.816031     2.0561 8.1257e+00    267.964     94.746      7.000    28.1147    21.2550    1488.59 0.0000e+00
       1420 148.528283      6.000      6.055    11.9565  32.722549     2.3549 1.1368e+01    267.344     94.382      6.000    28.0307    21.1909    1488.46 0.0000e+00
       1430 148.528313      5.000      5.046    11.9502  32.598570     2.3829 1.6318e+01    267.183     94.138      5.000    27.9182    21.1049    1488.28 0.0000e+00
       1440 148.528341      4.000      4.037    11.9548  32.306772     2.4580 2.4132e+01    270.911     95.063      4.000    27.6389    20.8877    1487.95 0.0000e+00
       1450 148.528372      3.000      3.028    11.9942  31.775739     2.9731 3.6459e+01    275.986     96.378      3.000    27.1089    20.4703    1487.44 0.0000e+00
       1460 148.528399      2.000      2.018    12.0900  30.842101     3.8167 6.5214e+01    281.755     97.761      2.000    26.1637    19.7218    1486.64 0.0000e+00
       1470 148.528429      1.000      1.009    12.2456  29.321026     4.5565 1.6857e+02    286.649     93.490      1.000    24.6446    18.5200    1485.36 0.0000e+00
