Loch_Etive/CTD_data_US/2025-05-28/sbe55_sbe19p_5215_20250528_re9.cnv
* Sea-Bird SBE 19plus Data File:
* FileName = C:\Data\sbe55_sbe19p_5215\2025-05-28\sbe55_sbe19p_5215_20250528_re9072.hex
* Software Version SeatermAF 2.1.4
* Temperature SN = 5215
* Conductivity SN = 5215
* System UpLoad Time = May 28 2025 13:10:54 (localtime) = May 28 2025 13:10:54 (UTC)
* ds
* SeacatPlus V 1.6b  SERIAL NO. 5215    28 May 2025  13:10:24
# nquan = 15                                
# nvalues = 1387                        
# units = specified
# name 0 = scan: Scan Count
# name 1 = timeJ: Julian Days
# name 2 = depSM: Depth [salt water, m], lat = 56.00
# name 3 = prdM: Pressure, Strain Gauge [db]
# name 4 = tv290C: Temperature [ITS-90, deg C]
# name 5 = c0mS/cm: Conductivity [mS/cm]
# name 6 = flECO-AFL: Fluorescence, WET Labs ECO-AFL/FL [mg/m^3]
# name 7 = par/sat/log: PAR/Logarithmic, Satlantic [umol photons/m^2/sec]
# name 8 = sbeox0Mm/L: Oxygen, SBE 43 [umol/l]
# name 9 = sbeox0PS: Oxygen, SBE 43 [% saturation]
# name 10 = depSM: Depth [salt water, m], lat = 56
# name 11 = sal00: Salinity, Practical [PSU]
# name 12 = sigma-é00: Density [sigma-theta, kg/m^3]
# name 13 = svCM: Sound Velocity [Chen-Millero, m/s]
# name 14 = flag: flag
# span 0 =          1,       1387       
# span 1 = 148.543777, 148.547791       
# span 2 =     -0.104,     49.851       
# span 3 =     -0.105,     50.315       
# span 4 =    11.5347,    12.4963       
# span 5 =  -0.380474,  35.413841       
# span 6 =    -0.0315,   123.8565       
# span 7 = 5.2971e-02, 6.2978e+02       
# span 8 =    175.008,    345.167       
# span 9 =     61.196,    108.606       
# span 10 =     -0.104,     49.851      
# span 11 =     0.0000,    30.8643      
# span 12 =    -0.4495,    23.4506      
# span 13 =    1453.26,    1491.37      
# span 14 = 0.0000e+00, 0.0000e+00      
# interval = seconds: 0.25
# start_time = May 28 2025 13:03:03 [Instrument's time stamp, header]
# bad_flag = -9.990e-29
*END*
[from data line 482]
        483 148.545181     14.288     14.420    11.8357  34.012901     1.8568 1.4006e+00    278.561     99.198     14.288    29.3491    22.2343    1489.75 0.0000e+00
        484 148.545181     14.385     14.518    11.8350  34.020889     1.9122 1.3566e+00    278.482     99.171     14.385    29.3573    22.2407    1489.76 0.0000e+00
        485 148.545181     14.483     14.617    11.8343  34.027039     1.9217 1.3164e+00    278.488     99.182     14.483    29.3636    22.2458    1489.76 0.0000e+00
        486 148.545181     14.581     14.715    11.8337  34.032516     1.8683 1.2709e+00    278.454     99.173     14.581    29.3694    22.2503    1489.77 0.0000e+00
        487 148.545197     14.678     14.813    11.8330  34.038624     1.8645 1.2478e+00    278.507     99.192     14.678    29.3757    22.2553    1489.78 0.0000e+00
        488 148.545197     14.775     14.911    11.8324  34.046368     1.8378 1.2081e+00    278.475     99.180     14.775    29.3836    22.2616    1489.78 0.0000e+00
        489 148.545197     14.871     15.009    11.8316  34.056736     1.8378 1.1934e+00    278.583     99.217     14.871    29.3941    22.2699    1489.80 0.0000e+00
        490 148.545197     14.968     15.106    11.8305  34.070347     1.8511 1.1454e+00    278.831     99.309     14.968    29.4079    22.2808    1489.81 0.0000e+00
        491 148.545197     15.064     15.203    11.8292  34.085632     1.8378 1.1194e+00    278.845     99.330     15.064    29.4235    22.2931    1489.83 0.0000e+00
        492 148.545212     15.161     15.301    11.8277  34.099552     1.7767 1.0754e+00    279.150     99.449     15.161    29.4380    22.3046    1489.84 0.0000e+00
        493 148.545212     15.257     15.398    11.8261  34.110970     1.7710 1.0623e+00    279.251     99.491     15.257    29.4501    22.3143    1489.85 0.0000e+00
        494 148.545212     15.353     15.495    11.8248  34.120689     1.8397 1.0220e+00    279.356     99.540     15.353    29.4604    22.3225    1489.86 0.0000e+00
        495 148.545212     15.449     15.592    11.8236  34.130192     1.8454 1.0006e+00    279.167     99.497     15.449    29.4705    22.3305    1489.87 0.0000e+00
        496 148.545212     15.546     15.689    11.8223  34.141232     1.9026 9.6602e-01    279.208     99.546     15.546    29.4820    22.3397    1489.88 0.0000e+00
        497 148.545227     15.643     15.787    11.8208  34.155540     1.9045 9.5240e-01    279.075     99.532     15.643    29.4969    22.3515    1489.89 0.0000e+00
        498 148.545227     15.740     15.885    11.8185  34.173088     1.6794 9.2837e-01    279.110     99.571     15.740    29.5154    22.3663    1489.91 0.0000e+00
        499 148.545227     15.838     15.984    11.8154  34.191135     1.6737 8.9064e-01    279.046     99.542     15.838    29.5351    22.3821    1489.92 0.0000e+00
        500 148.545227     15.936     16.083    11.8118  34.207077     1.8454 8.5893e-01    279.181     99.582     15.936    29.5532    22.3968    1489.93 0.0000e+00
        501 148.545227     16.033     16.181    11.8085  34.220390     1.8339 8.4166e-01    279.111     99.547     16.033    29.5686    22.4093    1489.94 0.0000e+00
        502 148.545227     16.129     16.278    11.8059  34.232094     1.8435 8.2727e-01    279.331     99.617     16.129    29.5818    22.4200    1489.95 0.0000e+00
        503 148.545242     16.226     16.376    11.8039  34.242821     2.0590 8.0411e-01    279.319     99.608     16.226    29.5936    22.4296    1489.96 0.0000e+00
        504 148.545242     16.323     16.474    11.8023  34.252186     2.0476 7.8485e-01    279.253     99.581     16.323    29.6038    22.4377    1489.97 0.0000e+00
        505 148.545242     16.421     16.573    11.8010  34.260216     1.9522 7.7109e-01    279.361     99.620     16.421    29.6125    22.4447    1489.98 0.0000e+00
        506 148.545242     16.520     16.672    11.8001  34.267807     1.9522 7.4024e-01    279.408     99.638     16.520    29.6205    22.4511    1489.98 0.0000e+00
        507 148.545242     16.619     16.772    11.7995  34.276291     1.6375 7.3012e-01    279.481     99.664     16.619    29.6291    22.4578    1489.99 0.0000e+00
        508 148.545258     16.718     16.872    11.7994  34.287178     1.6470 6.9572e-01    279.630     99.717     16.718    29.6395    22.4660    1490.01 0.0000e+00
        509 148.545258     16.818     16.973    11.7998  34.300659     1.8378 6.7906e-01    279.810     99.782     16.818    29.6521    22.4756    1490.02 0.0000e+00
        510 148.545258     16.918     17.074    11.8009  34.315453     1.8454 6.6497e-01    279.885     99.808     16.918    29.6653    22.4857    1490.05 0.0000e+00
        511 148.545258     17.019     17.176    11.8025  34.331734     1.9465 6.3752e-01    280.105     99.888     17.019    29.6796    22.4965    1490.07 0.0000e+00
        512 148.545258     17.119     17.277    11.8045  34.351673     1.9732 6.1510e-01    280.050     99.870     17.119    29.6971    22.5098    1490.10 0.0000e+00
        513 148.545273     17.219     17.378    11.8065  34.376560     1.9274 6.0881e-01    280.290     99.956     17.219    29.7193    22.5266    1490.14 0.0000e+00
        514 148.545273     17.320     17.479    11.8082  34.405167     1.9160 5.8804e-01    280.269     99.948     17.320    29.7453    22.5465    1490.17 0.0000e+00
        515 148.545273     17.420     17.580    11.8086  34.435032     1.8339 5.7283e-01    280.251     99.943     17.420    29.7737    22.5684    1490.21 0.0000e+00
        516 148.545273     17.520     17.681    11.8064  34.463120     1.8454 5.4930e-01    280.153     99.911     17.520    29.8023    22.5910    1490.24 0.0000e+00
        517 148.545273     17.620     17.782    11.8016  34.486427     2.1906 5.3079e-01    280.061     99.879     17.620    29.8284    22.6121    1490.26 0.0000e+00
        518 148.545288     17.719     17.883    11.7956  34.504169     2.1906 5.2583e-01    279.978     99.852     17.719    29.8503    22.6301    1490.26 0.0000e+00
        519 148.545288     17.820     17.984    11.7895  34.517101     1.9045 5.0922e-01    279.879     99.817     17.820    29.8676    22.6446    1490.26 0.0000e+00
        520 148.545288     17.920     18.086    11.7841  34.526268     1.8950 4.9399e-01    279.868     99.815     17.920    29.8806    22.6557    1490.26 0.0000e+00
        521 148.545288     18.021     18.188    11.7797  34.532864     1.7577 4.8831e-01    279.536     99.698     18.021    29.8904    22.6641    1490.26 0.0000e+00
        522 148.545288     18.123     18.290    11.7765  34.537895     1.7309 4.7609e-01    279.522     99.693     18.123    29.8978    22.6704    1490.26 0.0000e+00
        523 148.545288     18.224     18.392    11.7742  34.542030     2.1220 4.4893e-01    279.308     99.617     18.224    29.9036    22.6753    1490.26 0.0000e+00
        524 148.545303     18.325     18.494    11.7727  34.545406     2.1315 4.3799e-01    279.048     99.526     18.325    29.9080    22.6790    1490.26 0.0000e+00
        525 148.545303     18.425     18.595    11.7716  34.548008     1.8397 4.3589e-01    279.004     99.517     18.425    29.9114    22.6818    1490.26 0.0000e+00
        526 148.545303     18.525     18.696    11.7709  34.549999     1.7710 4.1012e-01    278.738     99.427     18.525    29.9138    22.6838    1490.26 0.0000e+00
        527 148.545303     18.625     18.797    11.7704  34.551632     1.7653 4.0941e-01    278.804     99.454     18.625    29.9157    22.6854    1490.27 0.0000e+00
        528 148.545303     18.725     18.898    11.7701  34.553215     1.6604 4.0647e-01    278.830     99.471     18.725    29.9174    22.6868    1490.27 0.0000e+00
        529 148.545319     18.825     18.999    11.7699  34.554970     1.6527 3.8294e-01    278.906     99.502     18.825    29.9193    22.6882    1490.27 0.0000e+00
        530 148.545319     18.925     19.100    11.7697  34.556866     1.7844 3.8935e-01    278.849     99.479     18.925    29.9212    22.6898    1490.28 0.0000e+00
        531 148.545319     19.025     19.201    11.7695  34.558819     1.7767 3.6538e-01    279.141     99.585     19.025    29.9232    22.6914    1490.28 0.0000e+00
        532 148.545319     19.126     19.303    11.7693  34.560978     1.9064 3.5826e-01    279.202     99.614     19.126    29.9254    22.6931    1490.28 0.0000e+00
        533 148.545319     19.227     19.405    11.7691  34.563519     1.9007 3.6259e-01    279.356     99.673     19.227    29.9280    22.6951    1490.29 0.0000e+00
        534 148.545334     19.328     19.507    11.7689  34.566334     1.8835 3.4946e-01    279.414     99.696     19.328    29.9307    22.6973    1490.29 0.0000e+00
        535 148.545334     19.429     19.609    11.7688  34.569180     1.8969 3.4258e-01    279.455     99.713     19.429    29.9335    22.6995    1490.30 0.0000e+00
        536 148.545334     19.530     19.710    11.7687  34.571999     1.6413 3.1133e-01    279.343     99.672     19.530    29.9363    22.7017    1490.30 0.0000e+00
        537 148.545334     19.629     19.811    11.7686  34.574848     1.6527 3.2036e-01    279.270     99.653     19.629    29.9391    22.7038    1490.31 0.0000e+00
        538 148.545334     19.728     19.911    11.7684  34.577797     2.0800 3.1557e-01    279.256     99.654     19.728    29.9420    22.7061    1490.31 0.0000e+00
        539 148.545334     19.827     20.010    11.7682  34.580971     2.0743 3.0500e-01    279.226     99.646     19.827    29.9452    22.7087    1490.31 0.0000e+00
        540 148.545349     19.926     20.110    11.7678  34.584618     2.0514 2.9325e-01    279.234     99.651     19.926    29.9490    22.7117    1490.32 0.0000e+00
        541 148.545349     20.024     20.209    11.7673  34.589272     2.0552 3.0031e-01    279.340     99.690     20.024    29.9538    22.7155    1490.33 0.0000e+00
        542 148.545349     20.124     20.309    11.7666  34.595608     1.9293 2.8176e-01    279.467     99.738     20.124    29.9604    22.7207    1490.33 0.0000e+00
        543 148.545349     20.223     20.410    11.7657  34.603832     1.9255 2.7137e-01    279.755     99.843     20.223    29.9690    22.7276    1490.34 0.0000e+00
        544 148.545349     20.322     20.510    11.7646  34.613483     1.7844 2.6028e-01    279.836     99.876     20.322    29.9792    22.7357    1490.35 0.0000e+00
        545 148.545364     20.422     20.610    11.7631  34.624207     1.7882 2.6441e-01    280.086     99.968     20.422    29.9906    22.7448    1490.36 0.0000e+00
        546 148.545364     20.521     20.710    11.7613  34.635651     1.8912 2.5179e-01    280.248    100.027     20.521    30.0030    22.7548    1490.37 0.0000e+00
        547 148.545364     20.619     20.810    11.7592  34.646912     1.9141 2.4629e-01    280.285    100.039     20.619    30.0155    22.7648    1490.38 0.0000e+00
        548 148.545364     20.718     20.909    11.7568  34.657692     1.8587 2.4987e-01    280.539    100.128     20.718    30.0277    22.7747    1490.39 0.0000e+00
        549 148.545364     20.816     21.008    11.7545  34.668785     1.8664 2.3326e-01    280.728    100.194     20.816    30.0402    22.7849    1490.40 0.0000e+00
        550 148.545380     20.913     21.106    11.7522  34.680260     1.8607 2.2212e-01    280.812    100.227     20.913    30.0530    22.7952    1490.41 0.0000e+00
        551 148.545380     21.011     21.205    11.7502  34.691051     1.9656 2.3464e-01    281.058    100.323     21.011    30.0650    22.8048    1490.41 0.0000e+00
        552 148.545380     21.108     21.303    11.7485  34.700611     1.9636 2.0708e-01    281.225    100.392     21.108    30.0755    22.8133    1490.42 0.0000e+00
        553 148.545380     21.205     21.401    11.7471  34.709164     1.8206 2.0116e-01    281.060    100.340     21.205    30.0848    22.8208    1490.43 0.0000e+00
        554 148.545380     21.304     21.501    11.7459  34.717308     1.8263 2.0895e-01    281.070    100.356     21.304    30.0936    22.8278    1490.44 0.0000e+00
        555 148.545395     21.403     21.601    11.7450  34.725544     1.8454 2.0686e-01    280.875    100.296     21.403    30.1022    22.8347    1490.45 0.0000e+00
        556 148.545395     21.502     21.701    11.7443  34.733353     1.8397 1.9845e-01    280.815    100.283     21.502    30.1103    22.8410    1490.46 0.0000e+00
        557 148.545395     21.602     21.802    11.7438  34.739902     1.9236 1.9535e-01    280.763    100.268     21.602    30.1169    22.8463    1490.46 0.0000e+00
        558 148.545395     21.702     21.902    11.7436  34.745110     1.9274 1.9159e-01    280.795    100.282     21.702    30.1221    22.8503    1490.47 0.0000e+00
        559 148.545395     21.801     22.003    11.7435  34.749424     1.6184 1.8305e-01    280.851    100.306     21.801    30.1262    22.8536    1490.48 0.0000e+00
        560 148.545395     21.901     22.103    11.7437  34.753265     1.6318 1.8165e-01    280.682    100.253     21.901    30.1298    22.8563    1490.48 0.0000e+00
        561 148.545410     22.000     22.203    11.7440  34.756668     1.7405 1.7917e-01    281.056    100.396     22.000    30.1327    22.8585    1490.49 0.0000e+00
        562 148.545410     22.098     22.303    11.7445  34.759476     1.7443 1.7159e-01    280.922    100.357     22.098    30.1350    22.8602    1490.50 0.0000e+00
        563 148.545410     22.197     22.402    11.7449  34.761738     1.9484 1.6325e-01    281.007    100.398     22.197    30.1368    22.8615    1490.50 0.0000e+00
        564 148.545410     22.296     22.502    11.7451  34.763836     1.9522 1.5563e-01    281.037    100.424     22.296    30.1387    22.8629    1490.51 0.0000e+00
        565 148.545410     22.396     22.602    11.7449  34.766251     2.3985 1.6570e-01    281.001    100.432     22.396    30.1411    22.8648    1490.51 0.0000e+00
        566 148.545425     22.495     22.703    11.7445  34.769440     2.4329 1.5682e-01    281.068    100.482     22.495    30.1444    22.8675    1490.51 0.0000e+00
        567 148.545425     22.596     22.805    11.7443  34.773670     1.8435 1.4389e-01    281.123    100.517     22.596    30.1486    22.8708    1490.52 0.0000e+00
        568 148.545425     22.697     22.906    11.7446  34.778881     1.8549 1.5038e-01    281.141    100.527     22.697    30.1533    22.8744    1490.53 0.0000e+00
        569 148.545425     22.797     23.008    11.7459  34.784611     1.8931 1.3705e-01    281.047    100.488     22.797    30.1578    22.8776    1490.54 0.0000e+00
        570 148.545425     22.898     23.110    11.7480  34.790180     1.8893 1.4311e-01    281.146    100.517     22.898    30.1614    22.8800    1490.55 0.0000e+00
        571 148.545441     22.998     23.211    11.7508  34.795506     1.7042 1.3562e-01    281.031    100.472     22.998    30.1642    22.8817    1490.57 0.0000e+00
        572 148.545441     23.097     23.311    11.7539  34.800766     1.7062 1.3017e-01    281.023    100.463     23.097    30.1667    22.8831    1490.58 0.0000e+00
        573 148.545441     23.197     23.411    11.7571  34.805523     1.6852 1.4119e-01    280.998    100.449     23.197    30.1687    22.8841    1490.60 0.0000e+00
        574 148.545441     23.295     23.510    11.7601  34.809574     1.6756 1.3643e-01    280.830    100.386     23.295    30.1700    22.8846    1490.61 0.0000e+00
        575 148.545441     23.394     23.610    11.7627  34.813419     1.6890 1.3539e-01    280.712    100.351     23.394    30.1716    22.8853    1490.63 0.0000e+00
        576 148.545456     23.492     23.710    11.7650  34.817612     2.3909 1.1970e-01    280.752    100.375     23.492    30.1737    22.8866    1490.64 0.0000e+00
        577 148.545456     23.591     23.809    11.7673  34.822395     2.3833 1.2178e-01    280.797    100.394     23.591    30.1764    22.8883    1490.65 0.0000e+00
        578 148.545456     23.690     23.909    11.7701  34.827805     1.6489 1.0842e-01    280.717    100.369     23.690    30.1793    22.8900    1490.67 0.0000e+00
