Loch_Etive/CTD_data_US/2025-05-28/sbe55_sbe19p_5215_20250528_re5_1m.cnv
* Sea-Bird SBE 19plus Data File:
* FileName = C:\Data\sbe55_sbe19p_5215\2025-05-28\sbe55_sbe19p_5215_20250528_re5067.hex
* Software Version SeatermAF 2.1.4
* Temperature SN = 5215
* Conductivity SN = 5215
* System UpLoad Time = May 28 2025 09:50:51 (localtime) = May 28 2025 09:50:51 (UTC)
* ds
* SeacatPlus V 1.6b  SERIAL NO. 5215    28 May 2025  09:49:52
# nquan = 15
# nvalues = 283                         
# units = specified
# name 0 = scan: Scan Count
# name 1 = timeJ: Julian Days
# name 2 = depSM: Depth [salt water, m], lat = 56.00
# name 3 = prdM: Pressure, Strain Gauge [db]
# name 4 = tv290C: Temperature [ITS-90, deg C]
# name 5 = c0mS/cm: Conductivity [mS/cm]
# name 6 = flECO-AFL: Fluorescence, WET Labs ECO-AFL/FL [mg/m^3]
# name 7 = par/sat/log: PAR/Logarithmic, Satlantic [umol photons/m^2/sec]
# name 8 = sbeox0Mm/L: Oxygen, SBE 43 [umol/l]
# name 9 = sbeox0PS: Oxygen, SBE 43 [% saturation]
# name 10 = depSM: Depth [salt water, m], lat = 56
# name 11 = sal00: Salinity, Practical [PSU]
# name 12 = sigma-é00: Density [sigma-theta, kg/m^3]
# name 13 = svCM: Sound Velocity [Chen-Millero, m/s]
# name 14 = flag: flag
# span 0 =       1085,       3860       
# span 1 = 148.395000, 148.403031       
# span 2 =      1.000,    142.000       
# span 3 =      1.009,    143.354       
# span 4 =    10.6509,    12.7836       
# span 5 =  18.152901,  32.647828       
# span 6 =     0.9778,     6.1808       
# span 7 = 5.3050e-02, 4.9208e+02       
# span 8 =    237.752,    309.161       
# span 9 =     82.407,    103.117       
# span 10 =      1.000,    142.000      
# span 11 =    14.4143,    28.0133      
# span 12 =    10.5430,    21.2045      
# span 13 =    1475.07,    1490.21      
# span 14 = 0.0000e+00, 0.0000e+00      
# interval = meters: 1                  
# start_time = May 28 2025 09:24:17 [Instrument's time stamp, header]
# bad_flag = -9.990e-29
*END*
[from data line 97]
       2195 148.398211     98.000     98.924    11.8115  32.596673     1.3946 5.3097e-02    258.825     91.264     98.000    27.9864    21.1840    1489.43 0.0000e+00
       2204 148.398237     99.000     99.933    11.8124  32.599293     1.2585 5.3074e-02    258.472     91.140     99.000    27.9878    21.1850    1489.45 0.0000e+00
       2213 148.398265    100.000    100.943    11.8125  32.600804     1.2441 5.3076e-02    258.703     91.222    100.000    27.9889    21.1858    1489.46 0.0000e+00
       2223 148.398293    101.000    101.953    11.8124  32.602151     1.2668 5.3088e-02    259.457     91.488    101.000    27.9898    21.1865    1489.48 0.0000e+00
       2232 148.398320    102.000    102.962    11.8126  32.603461     1.3609 5.3066e-02    259.378     91.461    102.000    27.9906    21.1871    1489.50 0.0000e+00
       2242 148.398349    103.000    103.972    11.8127  32.604323     1.4236 5.3110e-02    259.633     91.551    103.000    27.9909    21.1874    1489.52 0.0000e+00
       2251 148.398373    104.000    104.982    11.8125  32.605542     1.4089 5.3092e-02    259.576     91.531    104.000    27.9919    21.1882    1489.53 0.0000e+00
       2261 148.398402    105.000    105.991    11.8121  32.606353     1.4407 5.3084e-02    259.488     91.498    105.000    27.9926    21.1888    1489.55 0.0000e+00
       2271 148.398430    106.000    107.001    11.8118  32.607047     1.5000 5.3094e-02    259.054     91.343    106.000    27.9931    21.1893    1489.57 0.0000e+00
       2281 148.398461    107.000    108.011    11.8107  32.607544     1.4571 5.3108e-02    259.201     91.391    107.000    27.9940    21.1902    1489.58 0.0000e+00
       2291 148.398488    108.000    109.021    11.8097  32.607831     1.4878 5.3099e-02    258.359     91.088    108.000    27.9947    21.1910    1489.60 0.0000e+00
       2301 148.398518    109.000    110.030    11.8066  32.607280     1.4756 5.3091e-02    257.748     90.869    109.000    27.9961    21.1926    1489.60 0.0000e+00
       2311 148.398546    110.000    111.040    11.8031  32.607208     1.5010 5.3090e-02    257.867     90.911    110.000    27.9983    21.1949    1489.61 0.0000e+00
       2320 148.398574    111.000    112.049    11.8017  32.607542     1.5697 5.3105e-02    257.870     90.912    111.000    27.9994    21.1960    1489.62 0.0000e+00
       2330 148.398602    112.000    113.059    11.8013  32.607676     1.5247 5.3098e-02    257.742     90.873    112.000    27.9994    21.1962    1489.64 0.0000e+00
       2340 148.398631    113.000    114.069    11.8019  32.608354     1.5674 5.3103e-02    258.015     90.975    113.000    27.9992    21.1959    1489.66 0.0000e+00
       2350 148.398659    114.000    115.079    11.8054  32.611020     1.3575 5.3070e-02    258.995     91.311    114.000    27.9987    21.1949    1489.68 0.0000e+00
       2360 148.398689    115.000    116.089    11.8068  32.613378     1.4753 5.3082e-02    258.362     91.083    115.000    27.9995    21.1953    1489.71 0.0000e+00
       2370 148.398718    116.000    117.098    11.8016  32.609868     1.5403 5.3103e-02    258.192     91.022    116.000    27.9998    21.1964    1489.70 0.0000e+00
       2380 148.398749    117.000    118.108    11.7995  32.608967     1.4485 5.3089e-02    258.057     90.973    117.000    28.0001    21.1971    1489.71 0.0000e+00
       2391 148.398778    118.000    119.118    11.7995  32.609054     1.4563 5.3090e-02    258.045     90.970    118.000    27.9998    21.1969    1489.73 0.0000e+00
       2401 148.398808    119.000    120.128    11.7986  32.608826     1.4893 5.3100e-02    258.223     91.034    119.000    28.0000    21.1972    1489.74 0.0000e+00
       2411 148.398837    120.000    121.138    11.7993  32.610648     1.5466 5.3087e-02    258.006     90.957    120.000    28.0008    21.1977    1489.77 0.0000e+00
       2421 148.398865    121.000    122.147    11.7997  32.611259     1.4964 5.3124e-02    258.200     91.025    121.000    28.0007    21.1976    1489.78 0.0000e+00
       2432 148.398897    122.000    123.157    11.7994  32.611506     1.4788 5.3080e-02    258.031     90.966    122.000    28.0008    21.1978    1489.80 0.0000e+00
       2442 148.398926    123.000    124.167    11.7993  32.611861     1.5453 5.3100e-02    258.362     91.083    123.000    28.0008    21.1978    1489.82 0.0000e+00
       2453 148.398958    124.000    125.177    11.7995  32.612484     1.5452 5.3100e-02    258.152     91.008    124.000    28.0010    21.1980    1489.83 0.0000e+00
       2464 148.398989    125.000    126.186    11.7993  32.612964     1.5085 5.3094e-02    257.901     90.915    125.000    28.0012    21.1982    1489.85 0.0000e+00
       2474 148.399019    126.000    127.196    11.7988  32.612695     1.5292 5.3110e-02    257.359     90.721    126.000    28.0010    21.1981    1489.86 0.0000e+00
       2485 148.399051    127.000    128.206    11.7964  32.610535     1.5468 5.3098e-02    256.868     90.561    127.000    28.0003    21.1981    1489.87 0.0000e+00
       2496 148.399082    128.000    129.216    11.7967  32.614261     1.4586 5.3112e-02    257.761     90.878    128.000    28.0033    21.2003    1489.89 0.0000e+00
       2507 148.399114    129.000    130.226    11.8016  32.621480     1.5697 5.3116e-02    257.757     90.874    129.000    28.0061    21.2016    1489.93 0.0000e+00
       2517 148.399144    130.000    131.236    11.8017  32.621443     1.4935 5.3096e-02    257.499     90.788    130.000    28.0056    21.2012    1489.95 0.0000e+00
       2528 148.399175    131.000    132.245    11.8009  32.621031     1.5510 5.3088e-02    258.063     90.992    131.000    28.0054    21.2013    1489.96 0.0000e+00
       2538 148.399203    132.000    133.255    11.8034  32.625558     1.4618 5.3138e-02    258.176     91.033    132.000    28.0075    21.2025    1489.99 0.0000e+00
       2548 148.399233    133.000    134.265    11.8053  32.627671     1.4708 5.3137e-02    258.290     91.076    133.000    28.0077    21.2023    1490.01 0.0000e+00
       2558 148.399262    134.000    135.275    11.8061  32.629335     1.5892 5.3113e-02    258.611     91.194    134.000    28.0083    21.2027    1490.03 0.0000e+00
       2569 148.399294    135.000    136.285    11.8076  32.631482     1.5297 5.3099e-02    258.575     91.179    135.000    28.0089    21.2029    1490.05 0.0000e+00
       2579 148.399321    136.000    137.295    11.8093  32.633342     1.5730 5.3079e-02    258.172     91.047    136.000    28.0090    21.2027    1490.08 0.0000e+00
       2589 148.399350    137.000    138.304    11.8091  32.634365     1.6508 5.3069e-02    259.119     91.387    137.000    28.0098    21.2033    1490.09 0.0000e+00
       2599 148.399380    138.000    139.314    11.8135  32.640450     1.5923 5.3106e-02    259.341     91.466    138.000    28.0119    21.2042    1490.13 0.0000e+00
       2609 148.399411    139.000    140.324    11.8154  32.642512     1.5768 5.3098e-02    259.299     91.454    139.000    28.0121    21.2040    1490.15 0.0000e+00
       2620 148.399442    140.000    141.334    11.8163  32.643884     1.6127 5.3092e-02    259.323     91.465    140.000    28.0123    21.2041    1490.17 0.0000e+00
       2632 148.399477    141.000    142.344    11.8175  32.646076     1.5911 5.3087e-02    259.370     91.482    141.000    28.0131    21.2045    1490.19 0.0000e+00
       2655 148.399537    142.000    143.354    11.8190  32.647828     1.6607 5.3130e-02    258.924     91.324    142.000    28.0133    21.2045    1490.21 0.0000e+00
       2657 148.399548    141.000    142.344    11.8186  32.647091     1.5723 5.3082e-02    259.243     91.434    141.000    28.0133    21.2045    1490.20 0.0000e+00
       2671 148.399588    140.000    141.334    11.8179  32.645006     1.6525 5.3090e-02    258.468     91.148    140.000    28.0121    21.2037    1490.18 0.0000e+00
       2683 148.399626    139.000    140.324    11.8132  32.637877     1.6241 5.3093e-02    258.522     91.164    139.000    28.0093    21.2023    1490.14 0.0000e+00
       2694 148.399655    138.000    139.314    11.8104  32.634650     1.5309 5.3100e-02    258.386     91.116    138.000    28.0087    21.2023    1490.11 0.0000e+00
       2704 148.399685    137.000    138.305    11.8098  32.633855     1.5335 5.3070e-02    258.332     91.097    137.000    28.0087    21.2024    1490.09 0.0000e+00
       2715 148.399716    136.000    137.295    11.8099  32.633721     1.6337 5.3081e-02    258.409     91.123    136.000    28.0089    21.2025    1490.08 0.0000e+00
       2725 148.399747    135.000    136.285    11.8095  32.632671     1.6166 5.3088e-02    258.289     91.079    135.000    28.0086    21.2023    1490.06 0.0000e+00
       2736 148.399778    134.000    135.275    11.8090  32.632020     1.5549 5.3091e-02    258.403     91.118    134.000    28.0087    21.2025    1490.04 0.0000e+00
       2747 148.399808    133.000    134.265    11.8086  32.631038     1.5905 5.3087e-02    258.204     91.043    133.000    28.0085    21.2023    1490.02 0.0000e+00
       2757 148.399838    132.000    133.255    11.8078  32.629581     1.4977 5.3081e-02    257.838     90.904    132.000    28.0080    21.2021    1490.00 0.0000e+00
       2767 148.399867    131.000    132.246    11.8048  32.624343     1.5322 5.3111e-02    257.154     90.657    131.000    28.0056    21.2008    1489.97 0.0000e+00
       2777 148.399895    130.000    131.235    11.8010  32.620121     1.4524 5.3065e-02    256.653     90.473    130.000    28.0049    21.2008    1489.94 0.0000e+00
       2787 148.399924    129.000    130.226    11.7980  32.615390     1.4163 5.3099e-02    256.897     90.559    129.000    28.0030    21.1998    1489.91 0.0000e+00
       2796 148.399952    128.000    129.216    11.7957  32.611895     1.3729 5.3087e-02    257.045     90.612    128.000    28.0018    21.1993    1489.89 0.0000e+00
       2806 148.399980    127.000    128.206    11.7960  32.610338     1.4490 5.3115e-02    257.277     90.693    127.000    28.0004    21.1982    1489.87 0.0000e+00
       2816 148.400008    126.000    127.196    11.7963  32.609700     1.4404 5.3076e-02    257.082     90.624    126.000    28.0000    21.1978    1489.85 0.0000e+00
       2825 148.400034    125.000    126.187    11.7962  32.609220     1.4271 5.3124e-02    257.511     90.776    125.000    28.0000    21.1977    1489.84 0.0000e+00
       2835 148.400063    124.000    125.177    11.7962  32.609027     1.3741 5.3082e-02    257.437     90.751    124.000    28.0002    21.1979    1489.82 0.0000e+00
       2845 148.400092    123.000    124.167    11.7963  32.608949     1.4555 5.3098e-02    257.372     90.727    123.000    28.0003    21.1980    1489.80 0.0000e+00
       2854 148.400120    122.000    123.157    11.7964  32.608676     1.4862 5.3118e-02    257.657     90.828    122.000    28.0004    21.1979    1489.79 0.0000e+00
       2864 148.400147    121.000    122.147    11.7964  32.608257     1.3930 5.3094e-02    257.355     90.721    121.000    28.0003    21.1979    1489.77 0.0000e+00
       2873 148.400175    120.000    121.138    11.7963  32.607653     1.3692 5.3088e-02    257.113     90.635    120.000    28.0003    21.1978    1489.75 0.0000e+00
       2883 148.400200    119.000    120.128    11.7962  32.607245     1.4058 5.3084e-02    257.073     90.620    119.000    28.0003    21.1979    1489.74 0.0000e+00
       2892 148.400230    118.000    119.118    11.7959  32.606202     1.4020 5.3097e-02    257.421     90.744    118.000    27.9998    21.1975    1489.72 0.0000e+00
       2901 148.400256    117.000    118.109    11.7957  32.605324     1.3857 5.3108e-02    257.340     90.719    117.000    27.9995    21.1974    1489.70 0.0000e+00
       2910 148.400282    116.000    117.098    11.7961  32.605660     1.3983 5.3094e-02    257.854     90.910    116.000    27.9999    21.1975    1489.69 0.0000e+00
       2920 148.400308    115.000    116.089    11.7983  32.607480     1.3860 5.3095e-02    258.190     91.029    115.000    28.0004    21.1975    1489.68 0.0000e+00
       2929 148.400336    114.000    115.079    11.8026  32.610197     1.4766 5.3084e-02    258.200     91.037    114.000    28.0001    21.1965    1489.68 0.0000e+00
       2938 148.400362    113.000    114.069    11.8039  32.610231     1.4751 5.3058e-02    257.821     90.904    113.000    27.9995    21.1958    1489.66 0.0000e+00
       2947 148.400388    112.000    113.060    11.8060  32.610594     1.5075 5.3069e-02    257.414     90.760    112.000    27.9987    21.1948    1489.65 0.0000e+00
       2956 148.400415    111.000    112.050    11.8065  32.609580     1.3681 5.3090e-02    257.241     90.699    111.000    27.9977    21.1938    1489.64 0.0000e+00
       2966 148.400442    110.000    111.040    11.8065  32.608685     1.3940 5.3093e-02    257.238     90.699    110.000    27.9972    21.1934    1489.62 0.0000e+00
       2975 148.400469    109.000    110.030    11.8065  32.607618     1.3489 5.3108e-02    258.441     91.130    109.000    27.9965    21.1929    1489.60 0.0000e+00
       2984 148.400495    108.000    109.020    11.8079  32.607592     1.4258 5.3086e-02    258.754     91.243    108.000    27.9959    21.1922    1489.59 0.0000e+00
       2993 148.400522    107.000    108.011    11.8119  32.607390     1.3515 5.3101e-02    259.100     91.366    107.000    27.9930    21.1892    1489.58 0.0000e+00
       3002 148.400547    106.000    107.001    11.8137  32.606738     1.4068 5.3109e-02    259.314     91.442    106.000    27.9914    21.1877    1489.57 0.0000e+00
       3011 148.400575    105.000    105.991    11.8143  32.606535     1.3808 5.3057e-02    259.309     91.439    105.000    27.9911    21.1873    1489.56 0.0000e+00
       3021 148.400600    104.000    104.982    11.8146  32.605963     1.3926 5.3120e-02    258.770     91.248    104.000    27.9907    21.1869    1489.54 0.0000e+00
       3030 148.400627    103.000    103.972    11.8143  32.604639     1.4077 5.3087e-02    258.907     91.296    103.000    27.9901    21.1865    1489.52 0.0000e+00
       3039 148.400652    102.000    102.962    11.8138  32.603370     1.3644 5.3103e-02    259.092     91.362    102.000    27.9896    21.1861    1489.50 0.0000e+00
       3047 148.400679    101.000    101.953    11.8138  32.602572     1.3605 5.3098e-02    258.975     91.321    101.000    27.9892    21.1859    1489.49 0.0000e+00
       3056 148.400703    100.000    100.943    11.8144  32.601661     1.3046 5.3081e-02    259.203     91.403    100.000    27.9882    21.1850    1489.47 0.0000e+00
       3065 148.400730     99.000     99.933    11.8151  32.600905     1.3308 5.3100e-02    259.569     91.535     99.000    27.9873    21.1841    1489.46 0.0000e+00
       3074 148.400755     98.000     98.924    11.8162  32.600510     1.4262 5.3098e-02    260.241     91.773     98.000    27.9865    21.1832    1489.44 0.0000e+00
       3083 148.400780     97.000     97.914    11.8177  32.600637     1.3789 5.3092e-02    260.745     91.951     97.000    27.9859    21.1825    1489.43 0.0000e+00
       3091 148.400806     96.000     96.904    11.8184  32.600344     1.4008 5.3109e-02    260.555     91.881     96.000    27.9854    21.1820    1489.41 0.0000e+00
       3100 148.400830     95.000     95.895    11.8185  32.599385     1.4295 5.3105e-02    260.465     91.842     95.000    27.9848    21.1815    1489.40 0.0000e+00
       3109 148.400856     94.000     94.885    11.8177  32.596525     1.4207 5.3110e-02    260.230     91.752     94.000    27.9831    21.1802    1489.38 0.0000e+00
       3117 148.400880     93.000     93.875    11.8150  32.592050     1.3628 5.3113e-02    260.108     91.706     93.000    27.9812    21.1793    1489.35 0.0000e+00
       3126 148.400906     92.000     92.866    11.8116  32.587246     1.3671 5.3097e-02    260.351     91.791     92.000    27.9796    21.1786    1489.32 0.0000e+00
