Loch_Etive/CTD_data_US/2025-05-28/sbe55_sbe19p_5215_20250528_re9.cnv
* Sea-Bird SBE 19plus Data File:
* FileName = C:\Data\sbe55_sbe19p_5215\2025-05-28\sbe55_sbe19p_5215_20250528_re9072.hex
* Software Version SeatermAF 2.1.4
* Temperature SN = 5215
* Conductivity SN = 5215
* System UpLoad Time = May 28 2025 13:10:54 (localtime) = May 28 2025 13:10:54 (UTC)
* ds
* SeacatPlus V 1.6b  SERIAL NO. 5215    28 May 2025  13:10:24
# nquan = 15                                
# nvalues = 1387                        
# units = specified
# name 0 = scan: Scan Count
# name 1 = timeJ: Julian Days
# name 2 = depSM: Depth [salt water, m], lat = 56.00
# name 3 = prdM: Pressure, Strain Gauge [db]
# name 4 = tv290C: Temperature [ITS-90, deg C]
# name 5 = c0mS/cm: Conductivity [mS/cm]
# name 6 = flECO-AFL: Fluorescence, WET Labs ECO-AFL/FL [mg/m^3]
# name 7 = par/sat/log: PAR/Logarithmic, Satlantic [umol photons/m^2/sec]
# name 8 = sbeox0Mm/L: Oxygen, SBE 43 [umol/l]
# name 9 = sbeox0PS: Oxygen, SBE 43 [% saturation]
# name 10 = depSM: Depth [salt water, m], lat = 56
# name 11 = sal00: Salinity, Practical [PSU]
# name 12 = sigma-é00: Density [sigma-theta, kg/m^3]
# name 13 = svCM: Sound Velocity [Chen-Millero, m/s]
# name 14 = flag: flag
# span 0 =          1,       1387       
# span 1 = 148.543777, 148.547791       
# span 2 =     -0.104,     49.851       
# span 3 =     -0.105,     50.315       
# span 4 =    11.5347,    12.4963       
# span 5 =  -0.380474,  35.413841       
# span 6 =    -0.0315,   123.8565       
# span 7 = 5.2971e-02, 6.2978e+02       
# span 8 =    175.008,    345.167       
# span 9 =     61.196,    108.606       
# span 10 =     -0.104,     49.851      
# span 11 =     0.0000,    30.8643      
# span 12 =    -0.4495,    23.4506      
# span 13 =    1453.26,    1491.37      
# span 14 = 0.0000e+00, 0.0000e+00      
# interval = seconds: 0.25
# start_time = May 28 2025 13:03:03 [Instrument's time stamp, header]
# bad_flag = -9.990e-29
*END*
[from data line 386]
        387 148.544907      5.022      5.068    11.9956  32.746777     2.2326 2.8143e+01    278.300     98.709      5.022    28.0246    21.1792    1488.57 0.0000e+00
        388 148.544907      5.110      5.157    11.9960  32.752106     2.3261 2.7349e+01    278.443     98.787      5.110    28.0294    21.1829    1488.58 0.0000e+00
        389 148.544907      5.199      5.246    11.9965  32.759094     2.3184 2.6601e+01    278.551     98.818      5.199    28.0356    21.1876    1488.59 0.0000e+00
        390 148.544907      5.288      5.336    11.9973  32.768284     2.3547 2.5733e+01    278.738     98.902      5.288    28.0437    21.1937    1488.60 0.0000e+00
        391 148.544907      5.377      5.426    11.9983  32.778774     2.3604 2.4925e+01    278.770     98.924      5.377    28.0528    21.2006    1488.62 0.0000e+00
        392 148.544922      5.466      5.517    11.9997  32.788845     2.1963 2.4027e+01    278.829     98.929      5.466    28.0613    21.2069    1488.64 0.0000e+00
        393 148.544922      5.556      5.607    12.0012  32.797878     2.2002 2.3268e+01    279.072     99.008      5.556    28.0687    21.2124    1488.65 0.0000e+00
        394 148.544922      5.645      5.697    12.0027  32.806454     2.4958 2.2548e+01    279.255     99.069      5.645    28.0756    21.2175    1488.67 0.0000e+00
        395 148.544922      5.735      5.787    12.0043  32.814880     2.4863 2.1902e+01    279.205     99.048      5.735    28.0824    21.2224    1488.68 0.0000e+00
        396 148.544922      5.823      5.877    12.0059  32.822784     2.2555 2.1183e+01    279.236     99.066      5.823    28.0886    21.2270    1488.70 0.0000e+00
        397 148.544937      5.912      5.966    12.0076  32.830082     2.2593 2.0617e+01    279.124     99.039      5.912    28.0942    21.2311    1488.71 0.0000e+00
        398 148.544937      6.000      6.055    12.0091  32.837425     2.3375 2.0035e+01    279.004     99.006      6.000    28.1000    21.2352    1488.72 0.0000e+00
        399 148.544937      6.087      6.143    12.0105  32.845329     2.3356 1.9364e+01    278.847     98.948      6.087    28.1064    21.2399    1488.74 0.0000e+00
        400 148.544937      6.175      6.232    12.0118  32.854313     2.6331 1.8830e+01    278.651     98.876      6.175    28.1139    21.2456    1488.75 0.0000e+00
        401 148.544937      6.262      6.320    12.0129  32.865715     2.6446 1.8311e+01    278.264     98.741      6.262    28.1239    21.2531    1488.77 0.0000e+00
        402 148.544952      6.350      6.408    12.0137  32.881489     2.3623 1.7679e+01    277.912     98.624      6.350    28.1381    21.2640    1488.79 0.0000e+00
        403 148.544952      6.438      6.497    12.0142  32.903179     2.3680 1.7154e+01    277.611     98.532      6.438    28.1582    21.2795    1488.82 0.0000e+00
        404 148.544952      6.527      6.587    12.0142  32.931572     2.4214 1.6710e+01    277.272     98.423      6.527    28.1851    21.3003    1488.85 0.0000e+00
        405 148.544952      6.617      6.678    12.0131  32.965187     2.5568 1.6175e+01    277.037     98.348      6.617    28.2178    21.3258    1488.89 0.0000e+00
        406 148.544952      6.708      6.769    12.0103  32.999210     2.5435 1.5609e+01    276.766     98.258      6.708    28.2521    21.3529    1488.92 0.0000e+00
        407 148.544952      6.799      6.861    12.0057  33.031151     2.3661 1.5014e+01    276.381     98.128      6.799    28.2858    21.3798    1488.95 0.0000e+00
        408 148.544968      6.890      6.954    11.9996  33.061993     2.3699 1.4546e+01    276.208     98.068      6.890    28.3197    21.4071    1488.97 0.0000e+00
        409 148.544968      6.982      7.046    11.9924  33.089783     2.5225 1.4148e+01    276.115     98.036      6.982    28.3514    21.4330    1488.98 0.0000e+00
        410 148.544968      7.075      7.140    11.9849  33.111980     2.5225 1.3743e+01    276.090     98.028      7.075    28.3782    21.4551    1488.99 0.0000e+00
        411 148.544968      7.167      7.233    11.9779  33.129906     2.4195 1.3309e+01    275.876     97.955      7.167    28.4005    21.4736    1488.99 0.0000e+00
        412 148.544968      7.261      7.328    11.9718  33.146004     2.4214 1.2872e+01    275.876     97.979      7.261    28.4203    21.4900    1489.00 0.0000e+00
        413 148.544983      7.356      7.424    11.9666  33.162483     2.1735 1.2376e+01    275.780     97.982      7.356    28.4399    21.5062    1489.00 0.0000e+00
        414 148.544983      7.452      7.521    11.9617  33.181316     2.1754 1.1922e+01    275.567     97.924      7.452    28.4615    21.5237    1489.01 0.0000e+00
        415 148.544983      7.549      7.619    11.9569  33.202507     2.1773 1.1535e+01    275.558     97.947      7.549    28.4852    21.5430    1489.03 0.0000e+00
        416 148.544983      7.648      7.718    11.9519  33.224136     2.1658 1.1186e+01    275.370     97.887      7.648    28.5096    21.5628    1489.04 0.0000e+00
        417 148.544983      7.746      7.818    11.9466  33.244698     2.3375 1.0794e+01    275.396     97.892      7.746    28.5331    21.5819    1489.05 0.0000e+00
        418 148.544998      7.846      7.918    11.9415  33.264690     2.3222 1.0385e+01    275.376     97.885      7.846    28.5560    21.6006    1489.06 0.0000e+00
        419 148.544998      7.945      8.019    11.9368  33.285656     2.2307 1.0037e+01    275.569     97.955      7.945    28.5795    21.6196    1489.08 0.0000e+00
        420 148.544998      8.045      8.119    11.9325  33.308609     2.2269 9.6820e+00    275.763     98.027      8.045    28.6045    21.6398    1489.09 0.0000e+00
        421 148.544998      8.145      8.220    11.9286  33.333092     1.7901 9.3720e+00    276.094     98.149      8.145    28.6308    21.6608    1489.11 0.0000e+00
        422 148.544998      8.244      8.320    11.9249  33.357430     1.8034 9.0938e+00    276.217     98.196      8.244    28.6567    21.6816    1489.13 0.0000e+00
        423 148.544998      8.344      8.421    11.9215  33.380123     1.8607 8.8450e+00    276.517     98.303      8.344    28.6809    21.7009    1489.15 0.0000e+00
        424 148.545013      8.443      8.521    11.9184  33.400642     1.8854 8.5376e+00    276.603     98.334      8.443    28.7028    21.7184    1489.17 0.0000e+00
        425 148.545013      8.543      8.622    11.9157  33.418930     2.3737 8.2751e+00    276.912     98.443      8.543    28.7223    21.7340    1489.18 0.0000e+00
        426 148.545013      8.643      8.723    11.9133  33.435345     2.3756 7.9874e+00    277.010     98.478      8.643    28.7397    21.7479    1489.20 0.0000e+00
        427 148.545013      8.743      8.824    11.9112  33.451416     2.0228 7.7081e+00    277.091     98.507      8.743    28.7565    21.7614    1489.21 0.0000e+00
        428 148.545013      8.844      8.925    11.9093  33.469753     2.0399 7.4809e+00    277.195     98.545      8.844    28.7754    21.7763    1489.23 0.0000e+00
        429 148.545029      8.944      9.026    11.9074  33.493736     2.0171 7.2256e+00    277.106     98.511      8.944    28.7997    21.7955    1489.25 0.0000e+00
        430 148.545029      9.045      9.128    11.9053  33.525520     1.8950 6.9958e+00    277.358     98.604      9.045    28.8316    21.8206    1489.28 0.0000e+00
        431 148.545029      9.145      9.230    11.9027  33.562523     1.9007 6.7674e+00    277.359     98.606      9.145    28.8688    21.8499    1489.32 0.0000e+00
        432 148.545029      9.246      9.331    11.8996  33.599564     1.9675 6.5479e+00    277.444     98.636      9.246    28.9065    21.8797    1489.36 0.0000e+00
        433 148.545029      9.346      9.432    11.8963  33.632481     1.9579 6.3106e+00    277.413     98.626      9.346    28.9404    21.9065    1489.39 0.0000e+00
        434 148.545044      9.446      9.533    11.8931  33.658108     1.9942 6.1380e+00    277.363     98.619      9.446    28.9672    21.9279    1489.41 0.0000e+00
        435 148.545044      9.545      9.633    11.8903  33.676243     1.9751 5.9285e+00    277.381     98.633      9.545    28.9866    21.9434    1489.43 0.0000e+00
        436 148.545044      9.644      9.733    11.8881  33.689396     1.8397 5.7600e+00    277.368     98.637      9.644    29.0009    21.9548    1489.44 0.0000e+00
        437 148.545044      9.743      9.833    11.8865  33.699757     1.8282 5.5769e+00    277.440     98.675      9.743    29.0120    21.9638    1489.45 0.0000e+00
        438 148.545044      9.843      9.933    11.8852  33.708511     1.7691 5.3960e+00    277.489     98.694      9.843    29.0213    21.9712    1489.45 0.0000e+00
        439 148.545059      9.942     10.033    11.8842  33.716061     1.7767 5.2564e+00    277.518     98.717      9.942    29.0293    21.9776    1489.46 0.0000e+00
        440 148.545059     10.041     10.134    11.8834  33.722263     1.6680 5.0648e+00    277.636     98.768     10.041    29.0358    21.9828    1489.47 0.0000e+00
        441 148.545059     10.141     10.234    11.8826  33.727020     1.6566 4.9080e+00    277.809     98.823     10.141    29.0409    21.9868    1489.47 0.0000e+00
        442 148.545059     10.240     10.335    11.8820  33.730560     2.1048 4.7457e+00    277.916     98.859     10.240    29.0447    21.9899    1489.48 0.0000e+00
        443 148.545059     10.339     10.434    11.8815  33.733253     2.1258 4.6290e+00    278.114     98.928     10.339    29.0476    21.9923    1489.48 0.0000e+00
        444 148.545059     10.438     10.534    11.8811  33.735451     1.7805 4.4955e+00    278.259     98.977     10.438    29.0500    21.9942    1489.48 0.0000e+00
        445 148.545074     10.536     10.633    11.8807  33.737431     1.7729 4.3535e+00    278.239     98.968     10.536    29.0521    21.9959    1489.49 0.0000e+00
        446 148.545074     10.634     10.732    11.8804  33.739399     1.9598 4.2150e+00    278.360     99.014     10.634    29.0542    21.9976    1489.49 0.0000e+00
        447 148.545074     10.732     10.831    11.8802  33.741814     1.9732 4.1060e+00    278.293     98.992     10.732    29.0567    21.9996    1489.49 0.0000e+00
        448 148.545074     10.830     10.930    11.8799  33.745235     1.8702 3.9832e+00    278.392     99.029     10.830    29.0601    22.0023    1489.50 0.0000e+00
        449 148.545074     10.928     11.029    11.8795  33.749840     1.8530 3.8785e+00    278.371     99.022     10.928    29.0647    22.0059    1489.50 0.0000e+00
        450 148.545090     11.027     11.128    11.8791  33.755947     2.0171 3.7856e+00    278.248     98.979     11.027    29.0709    22.0108    1489.51 0.0000e+00
        451 148.545090     11.126     11.228    11.8785  33.764511     2.0361 3.6151e+00    278.199     98.964     11.126    29.0795    22.0175    1489.52 0.0000e+00
        452 148.545090     11.225     11.329    11.8777  33.776093     2.0190 3.5086e+00    278.282     99.002     11.225    29.0911    22.0267    1489.53 0.0000e+00
        453 148.545090     11.325     11.430    11.8767  33.790096     2.0132 3.3822e+00    278.163     98.960     11.325    29.1052    22.0378    1489.55 0.0000e+00
        454 148.545090     11.425     11.530    11.8755  33.805683     2.0228 3.2918e+00    277.910     98.866     11.425    29.1210    22.0503    1489.56 0.0000e+00
        455 148.545105     11.524     11.630    11.8739  33.821808     1.9331 3.2109e+00    277.842     98.840     11.524    29.1376    22.0634    1489.58 0.0000e+00
        456 148.545105     11.622     11.729    11.8720  33.837765     1.9255 3.1162e+00    277.734     98.799     11.622    29.1543    22.0767    1489.60 0.0000e+00
        457 148.545105     11.720     11.828    11.8696  33.853455     1.8664 3.0310e+00    277.694     98.779     11.720    29.1711    22.0901    1489.61 0.0000e+00
        458 148.545105     11.819     11.928    11.8668  33.867516     1.8702 2.9288e+00    277.486     98.704     11.819    29.1867    22.1027    1489.62 0.0000e+00
        459 148.545105     11.917     12.027    11.8637  33.878723     1.9217 2.8456e+00    277.400     98.672     11.917    29.1998    22.1134    1489.63 0.0000e+00
        460 148.545120     12.016     12.127    11.8606  33.887669     1.9198 2.7389e+00    277.522     98.715     12.016    29.2107    22.1225    1489.63 0.0000e+00
        461 148.545120     12.115     12.226    11.8577  33.895050     2.1563 2.6652e+00    277.655     98.763     12.115    29.2200    22.1302    1489.63 0.0000e+00
        462 148.545120     12.213     12.326    11.8553  33.901184     2.1391 2.5889e+00    277.688     98.783     12.213    29.2277    22.1366    1489.64 0.0000e+00
        463 148.545120     12.313     12.426    11.8533  33.906712     2.2078 2.4994e+00    277.749     98.819     12.313    29.2345    22.1423    1489.64 0.0000e+00
        464 148.545120     12.412     12.527    11.8517  33.912010     2.1944 2.4152e+00    277.819     98.860     12.412    29.2408    22.1474    1489.64 0.0000e+00
        465 148.545120     12.512     12.628    11.8506  33.916832     1.8206 2.3358e+00    277.878     98.883     12.512    29.2462    22.1518    1489.65 0.0000e+00
        466 148.545135     12.612     12.728    11.8499  33.921021     1.7996 2.2923e+00    277.941     98.908     12.612    29.2508    22.1555    1489.65 0.0000e+00
        467 148.545135     12.712     12.829    11.8493  33.924911     2.1048 2.2238e+00    278.072     98.954     12.712    29.2549    22.1588    1489.65 0.0000e+00
        468 148.545135     12.811     12.929    11.8487  33.929119     2.0819 2.1376e+00    278.143     98.977     12.811    29.2594    22.1623    1489.66 0.0000e+00
        469 148.545135     12.910     13.029    11.8479  33.934261     1.7729 2.0910e+00    278.363     99.057     12.910    29.2648    22.1667    1489.67 0.0000e+00
        470 148.545135     13.008     13.128    11.8469  33.939999     1.7615 2.0183e+00    278.484     99.102     13.008    29.2711    22.1718    1489.67 0.0000e+00
        471 148.545151     13.107     13.228    11.8455  33.944981     2.4710 1.9851e+00    278.682     99.175     13.107    29.2769    22.1765    1489.67 0.0000e+00
        472 148.545151     13.206     13.328    11.8439  33.948467     2.4882 1.9190e+00    278.565     99.142     13.206    29.2815    22.1803    1489.68 0.0000e+00
        473 148.545151     13.305     13.428    11.8423  33.950657     2.1029 1.8588e+00    278.575     99.167     13.305    29.2847    22.1832    1489.68 0.0000e+00
        474 148.545151     13.405     13.529    11.8410  33.951870     2.1181 1.8044e+00    278.380     99.100     13.405    29.2870    22.1851    1489.68 0.0000e+00
        475 148.545151     13.505     13.629    11.8398  33.952709     2.0514 1.7585e+00    278.242     99.053     13.505    29.2887    22.1866    1489.68 0.0000e+00
        476 148.545166     13.604     13.730    11.8388  33.954029     2.0533 1.7033e+00    278.203     99.039     13.604    29.2906    22.1884    1489.68 0.0000e+00
        477 148.545166     13.703     13.830    11.8380  33.956394     2.0476 1.6531e+00    278.197     99.037     13.703    29.2935    22.1907    1489.68 0.0000e+00
        478 148.545166     13.802     13.929    11.8375  33.960503     1.8664 1.6065e+00    278.345     99.091     13.802    29.2978    22.1941    1489.68 0.0000e+00
        479 148.545166     13.899     14.028    11.8371  33.967358     1.8645 1.5500e+00    278.389     99.112     13.899    29.3046    22.1995    1489.69 0.0000e+00
        480 148.545166     13.997     14.126    11.8368  33.977459     1.8397 1.5168e+00    278.392     99.136     13.997    29.3144    22.2072    1489.70 0.0000e+00
        481 148.545166     14.094     14.224    11.8366  33.989925     1.8244 1.4660e+00    278.511     99.185     14.094    29.3265    22.2166    1489.72 0.0000e+00
