Loch_Etive/CTD_data_US/2025-05-28/sbe55_sbe19p_5215_20250528_re6.cnv
* Sea-Bird SBE 19plus Data File:
* FileName = C:\Data\sbe55_sbe19p_5215\2025-05-28\sbe55_sbe19p_5215_20250528_re6070.hex
* Software Version SeatermAF 2.1.4
* Temperature SN = 5215
* Conductivity SN = 5215
* System UpLoad Time = May 28 2025 12:17:43 (localtime) = May 28 2025 12:17:43 (UTC)
* ds
* SeacatPlus V 1.6b  SERIAL NO. 5215    28 May 2025  12:17:05
# nquan = 15                                
# nvalues = 1646                        
# units = specified
# name 0 = scan: Scan Count
# name 1 = timeJ: Julian Days
# name 2 = depSM: Depth [salt water, m], lat = 56.00
# name 3 = prdM: Pressure, Strain Gauge [db]
# name 4 = tv290C: Temperature [ITS-90, deg C]
# name 5 = c0mS/cm: Conductivity [mS/cm]
# name 6 = flECO-AFL: Fluorescence, WET Labs ECO-AFL/FL [mg/m^3]
# name 7 = par/sat/log: PAR/Logarithmic, Satlantic [umol photons/m^2/sec]
# name 8 = sbeox0Mm/L: Oxygen, SBE 43 [umol/l]
# name 9 = sbeox0PS: Oxygen, SBE 43 [% saturation]
# name 10 = depSM: Depth [salt water, m], lat = 56
# name 11 = sal00: Salinity, Practical [PSU]
# name 12 = sigma-é00: Density [sigma-theta, kg/m^3]
# name 13 = svCM: Sound Velocity [Chen-Millero, m/s]
# name 14 = flag: flag
# span 0 =          1,       1646       
# span 1 = 148.506058, 148.510818       
# span 2 =     -0.126,     60.217       
# span 3 =     -0.127,     60.779       
# span 4 =    10.8989,    12.5849       
# span 5 =   0.013461,  34.659657       
# span 6 =     0.0830,     4.4909       
# span 7 = 5.2948e-02, 4.7185e+02       
# span 8 =    203.486,    354.124       
# span 9 =     68.536,    106.933       
# span 10 =     -0.126,     60.217      
# span 11 =     0.0120,    29.5236      
# span 12 =    -0.3733,    22.2737      
# span 13 =    1450.82,    1492.58      
# span 14 = 0.0000e+00, 0.0000e+00      
# interval = seconds: 0.25
# start_time = May 28 2025 12:08:44 [Instrument's time stamp, header]
# bad_flag = -9.990e-29
*END*
[from data line 386]
        387 148.507187      7.232      7.299    11.8734  32.050419     2.2631 9.0265e+00    265.756     93.734      7.232    27.4551    20.7596    1487.50 0.0000e+00
        388 148.507187      7.318      7.386    11.8706  32.094318     2.1162 8.7949e+00    265.787     93.754      7.318    27.4987    20.7939    1487.55 0.0000e+00
        389 148.507187      7.405      7.473    11.8679  32.135750     2.1048 8.5469e+00    265.729     93.739      7.405    27.5399    20.8263    1487.59 0.0000e+00
        390 148.507187      7.491      7.560    11.8657  32.170376     2.0686 8.2588e+00    265.797     93.769      7.491    27.5744    20.8534    1487.62 0.0000e+00
        391 148.507187      7.578      7.647    11.8639  32.199100     2.0476 8.0084e+00    265.646     93.722      7.578    27.6029    20.8757    1487.65 0.0000e+00
        392 148.507202      7.665      7.735    11.8628  32.225494     1.8988 7.7622e+00    265.818     93.788      7.665    27.6287    20.8959    1487.68 0.0000e+00
        393 148.507202      7.751      7.823    11.8622  32.252121     1.8854 7.5647e+00    265.664     93.737      7.752    27.6543    20.9159    1487.71 0.0000e+00
        394 148.507202      7.838      7.911    11.8621  32.278439     1.8626 7.3642e+00    265.583     93.708      7.838    27.6793    20.9353    1487.74 0.0000e+00
        395 148.507202      7.925      7.998    11.8624  32.302647     1.8759 7.1284e+00    265.578     93.703      7.925    27.7021    20.9529    1487.77 0.0000e+00
        396 148.507202      8.012      8.086    11.8630  32.324043     1.8473 6.9244e+00    265.631     93.721      8.012    27.7219    20.9682    1487.80 0.0000e+00
        397 148.507217      8.099      8.173    11.8637  32.342884     1.8397 6.7173e+00    265.684     93.738      8.099    27.7392    20.9815    1487.82 0.0000e+00
        398 148.507217      8.186      8.261    11.8644  32.359871     1.8034 6.5479e+00    265.720     93.748      8.186    27.7548    20.9934    1487.84 0.0000e+00
        399 148.507217      8.272      8.348    11.8652  32.375237     1.8168 6.3757e+00    265.997     93.848      8.272    27.7688    21.0041    1487.86 0.0000e+00
        400 148.507217      8.358      8.435    11.8659  32.388828     1.8492 6.1851e+00    266.039     93.872      8.358    27.7811    21.0135    1487.88 0.0000e+00
        401 148.507217      8.443      8.520    11.8667  32.401306     1.8225 6.0422e+00    265.931     93.866      8.443    27.7923    21.0220    1487.90 0.0000e+00
        402 148.507233      8.528      8.606    11.8675  32.413376     1.7195 5.8911e+00    266.095     93.942      8.528    27.8031    21.0303    1487.92 0.0000e+00
        403 148.507233      8.613      8.692    11.8683  32.425152     1.7233 5.7274e+00    265.887     93.881      8.613    27.8136    21.0383    1487.93 0.0000e+00
        404 148.507233      8.698      8.778    11.8693  32.436306     1.7519 5.5805e+00    266.034     93.940      8.698    27.8235    21.0458    1487.95 0.0000e+00
        405 148.507233      8.784      8.865    11.8703  32.446606     1.7367 5.4302e+00    265.831     93.872      8.784    27.8325    21.0525    1487.97 0.0000e+00
        406 148.507233      8.870      8.952    11.8714  32.456055     1.7367 5.3129e+00    265.929     93.909      8.870    27.8406    21.0586    1487.98 0.0000e+00
        407 148.507233      8.956      9.039    11.8725  32.464474     1.7901 5.1586e+00    265.742     93.844      8.956    27.8477    21.0640    1488.00 0.0000e+00
        408 148.507248      9.042      9.126    11.8736  32.471851     1.8092 5.0011e+00    265.916     93.906      9.042    27.8539    21.0685    1488.01 0.0000e+00
        409 148.507248      9.128      9.212    11.8746  32.478115     1.8359 4.8728e+00    266.021     93.943      9.128    27.8590    21.0724    1488.02 0.0000e+00
        410 148.507248      9.213      9.298    11.8756  32.482872     1.8339 4.7665e+00    266.162     93.994      9.213    27.8628    21.0751    1488.03 0.0000e+00
        411 148.507248      9.298      9.384    11.8763  32.485821     1.8072 4.6452e+00    266.367     94.072      9.298    27.8650    21.0767    1488.04 0.0000e+00
        412 148.507248      9.382      9.469    11.8770  32.487080     1.7939 4.5280e+00    266.117     93.988      9.382    27.8657    21.0771    1488.04 0.0000e+00
        413 148.507263      9.466      9.553    11.8774  32.487572     1.9522 4.4167e+00    266.461     94.113      9.466    27.8658    21.0771    1488.04 0.0000e+00
        414 148.507263      9.550      9.638    11.8777  32.488586     1.9503 4.3109e+00    266.382     94.083      9.550    27.8665    21.0777    1488.05 0.0000e+00
        415 148.507263      9.634      9.722    11.8779  32.491135     1.8053 4.2159e+00    266.312     94.061      9.634    27.8688    21.0794    1488.05 0.0000e+00
        416 148.507263      9.717      9.807    11.8781  32.496498     1.8072 4.1330e+00    266.302     94.062      9.717    27.8737    21.0831    1488.06 0.0000e+00
        417 148.507263      9.802      9.892    11.8785  32.506443     1.8416 4.0305e+00    266.310     94.068      9.802    27.8828    21.0901    1488.07 0.0000e+00
        418 148.507278      9.887      9.978    11.8792  32.522144     1.8435 3.9254e+00    266.296     94.064      9.887    27.8971    21.1011    1488.09 0.0000e+00
        419 148.507278      9.972     10.064    11.8803  32.541576     1.7519 3.8130e+00    266.298     94.066      9.972    27.9147    21.1145    1488.12 0.0000e+00
        420 148.507278     10.057     10.150    11.8819  32.559845     1.7424 3.6982e+00    266.409     94.108     10.057    27.9308    21.1267    1488.15 0.0000e+00
        421 148.507278     10.143     10.236    11.8837  32.573986     1.7424 3.5728e+00    266.308     94.072     10.143    27.9428    21.1357    1488.17 0.0000e+00
        422 148.507278     10.228     10.322    11.8854  32.584049     1.7405 3.5017e+00    266.292     94.066     10.228    27.9511    21.1418    1488.18 0.0000e+00
        423 148.507278     10.313     10.408    11.8869  32.591015     2.0285 3.4074e+00    266.351     94.086     10.313    27.9566    21.1458    1488.20 0.0000e+00
        424 148.507294     10.397     10.493    11.8879  32.595852     2.0075 3.3323e+00    266.530     94.152     10.397    27.9603    21.1485    1488.21 0.0000e+00
        425 148.507294     10.482     10.579    11.8887  32.599361     1.7710 3.2454e+00    266.506     94.148     10.482    27.9630    21.1505    1488.21 0.0000e+00
        426 148.507294     10.567     10.664    11.8893  32.602310     1.7786 3.1567e+00    266.425     94.119     10.567    27.9654    21.1522    1488.22 0.0000e+00
        427 148.507294     10.651     10.750    11.8897  32.605309     1.7786 3.0898e+00    266.611     94.186     10.651    27.9679    21.1541    1488.23 0.0000e+00
        428 148.507294     10.735     10.834    11.8900  32.608940     1.7824 3.0105e+00    266.798     94.252     10.735    27.9711    21.1565    1488.23 0.0000e+00
        429 148.507309     10.819     10.919    11.8902  32.613354     1.7176 2.9558e+00    266.778     94.245     10.820    27.9751    21.1596    1488.24 0.0000e+00
        430 148.507309     10.904     11.005    11.8905  32.617920     1.7042 2.8787e+00    266.779     94.246     10.904    27.9792    21.1627    1488.25 0.0000e+00
        431 148.507309     10.990     11.091    11.8907  32.621872     1.7100 2.7921e+00    266.839     94.269     10.990    27.9828    21.1654    1488.25 0.0000e+00
        432 148.507309     11.077     11.179    11.8909  32.625263     1.7577 2.7133e+00    266.853     94.276     11.077    27.9858    21.1678    1488.26 0.0000e+00
        433 148.507309     11.165     11.268    11.8911  32.628807     1.7386 2.6190e+00    266.766     94.246     11.165    27.9890    21.1702    1488.27 0.0000e+00
        434 148.507324     11.253     11.357    11.8912  32.632618     1.8320 2.5424e+00    266.803     94.259     11.253    27.9924    21.1729    1488.27 0.0000e+00
        435 148.507324     11.341     11.446    11.8914  32.636108     1.8301 2.4534e+00    266.896     94.300     11.341    27.9956    21.1753    1488.28 0.0000e+00
        436 148.507324     11.430     11.535    11.8916  32.638981     1.8950 2.3994e+00    266.809     94.270     11.430    27.9981    21.1772    1488.28 0.0000e+00
        437 148.507324     11.519     11.625    11.8917  32.641453     1.8740 2.3455e+00    266.912     94.309     11.519    28.0003    21.1789    1488.29 0.0000e+00
        438 148.507324     11.608     11.715    11.8919  32.643620     1.8645 2.2918e+00    266.861     94.297     11.608    28.0023    21.1804    1488.29 0.0000e+00
        439 148.507339     11.697     11.805    11.8919  32.645355     1.8759 2.2296e+00    266.990     94.347     11.697    28.0038    21.1816    1488.29 0.0000e+00
        440 148.507339     11.786     11.894    11.8920  32.646816     1.8130 2.1672e+00    267.035     94.365     11.786    28.0052    21.1826    1488.30 0.0000e+00
        441 148.507339     11.875     11.984    11.8920  32.648548     1.8111 2.1167e+00    266.998     94.355     11.875    28.0068    21.1838    1488.30 0.0000e+00
        442 148.507339     11.964     12.074    11.8919  32.651009     1.8797 2.0602e+00    266.971     94.346     11.964    28.0091    21.1857    1488.31 0.0000e+00
        443 148.507339     12.053     12.164    11.8919  32.653820     1.8683 2.0056e+00    266.957     94.343     12.053    28.0118    21.1878    1488.31 0.0000e+00
        444 148.507339     12.143     12.255    11.8918  32.656311     1.7424 1.9363e+00    267.005     94.365     12.143    28.0142    21.1896    1488.31 0.0000e+00
        445 148.507355     12.232     12.345    11.8917  32.658371     1.7424 1.8821e+00    267.091     94.398     12.232    28.0162    21.1912    1488.32 0.0000e+00
        446 148.507355     12.321     12.435    11.8916  32.660130     1.8473 1.8330e+00    267.179     94.435     12.321    28.0179    21.1925    1488.32 0.0000e+00
        447 148.507355     12.411     12.525    11.8915  32.661873     1.8397 1.8083e+00    267.105     94.414     12.411    28.0195    21.1938    1488.32 0.0000e+00
        448 148.507355     12.500     12.615    11.8915  32.664005     1.7519 1.7421e+00    267.032     94.413     12.500    28.0216    21.1954    1488.33 0.0000e+00
        449 148.507355     12.589     12.705    11.8914  32.666656     1.7481 1.7059e+00    267.158     94.478     12.589    28.0241    21.1974    1488.33 0.0000e+00
        450 148.507370     12.679     12.796    11.8914  32.669724     1.7176 1.6531e+00    267.010     94.442     12.679    28.0270    21.1996    1488.34 0.0000e+00
        451 148.507370     12.767     12.885    11.8913  32.673229     1.7138 1.6089e+00    266.918     94.427     12.767    28.0303    21.2022    1488.34 0.0000e+00
        452 148.507370     12.856     12.974    11.8913  32.677658     1.7386 1.5625e+00    266.845     94.414     12.856    28.0346    21.2055    1488.35 0.0000e+00
        453 148.507370     12.943     13.063    11.8912  32.683151     1.7481 1.5298e+00    266.967     94.472     12.943    28.0398    21.2096    1488.36 0.0000e+00
        454 148.507370     13.031     13.151    11.8911  32.689003     1.7233 1.5013e+00    266.935     94.476     13.031    28.0454    21.2139    1488.36 0.0000e+00
        455 148.507385     13.120     13.240    11.8910  32.695148     1.6775 1.4552e+00    266.974     94.496     13.120    28.0513    21.2185    1488.37 0.0000e+00
        456 148.507385     13.209     13.330    11.8910  32.701698     1.6814 1.4117e+00    267.174     94.571     13.209    28.0575    21.2234    1488.38 0.0000e+00
        457 148.507385     13.298     13.420    11.8909  32.708069     1.7786 1.3751e+00    267.171     94.569     13.298    28.0636    21.2281    1488.39 0.0000e+00
        458 148.507385     13.386     13.510    11.8909  32.713970     1.7729 1.3428e+00    267.364     94.631     13.386    28.0692    21.2324    1488.40 0.0000e+00
        459 148.507385     13.476     13.600    11.8908  32.719616     1.6222 1.3075e+00    267.476     94.663     13.476    28.0745    21.2366    1488.40 0.0000e+00
        460 148.507401     13.565     13.690    11.8908  32.725498     1.6203 1.2629e+00    267.342     94.617     13.565    28.0801    21.2409    1488.41 0.0000e+00
        461 148.507401     13.654     13.780    11.8908  32.732529     1.7748 1.2380e+00    267.586     94.705     13.654    28.0867    21.2461    1488.42 0.0000e+00
        462 148.507401     13.744     13.871    11.8908  32.741333     1.7653 1.2044e+00    267.707     94.750     13.744    28.0951    21.2525    1488.43 0.0000e+00
        463 148.507401     13.833     13.961    11.8908  32.752243     1.7004 1.1727e+00    267.676     94.747     13.833    28.1054    21.2605    1488.45 0.0000e+00
        464 148.507401     13.922     14.051    11.8909  32.766041     1.7100 1.1487e+00    267.697     94.759     13.922    28.1184    21.2705    1488.46 0.0000e+00
        465 148.507401     14.012     14.141    11.8913  32.784027     1.7500 1.1090e+00    267.721     94.769     14.012    28.1351    21.2835    1488.49 0.0000e+00
        466 148.507416     14.101     14.231    11.8920  32.806152     1.7424 1.0841e+00    267.894     94.828     14.101    28.1556    21.2992    1488.52 0.0000e+00
        467 148.507416     14.190     14.321    11.8932  32.829712     1.7100 1.0535e+00    267.859     94.812     14.190    28.1770    21.3156    1488.55 0.0000e+00
        468 148.507416     14.279     14.411    11.8948  32.852245     1.7062 1.0267e+00    268.074     94.892     14.279    28.1972    21.3309    1488.58 0.0000e+00
        469 148.507416     14.368     14.500    11.8966  32.872944     1.6947 1.0076e+00    268.076     94.906     14.368    28.2154    21.3448    1488.61 0.0000e+00
        470 148.507416     14.457     14.590    11.8985  32.891483     1.6871 9.7769e-01    268.095     94.922     14.457    28.2316    21.3570    1488.64 0.0000e+00
        471 148.507431     14.547     14.681    11.9004  32.907692     1.5517 9.4577e-01    268.263     94.985     14.547    28.2456    21.3675    1488.66 0.0000e+00
        472 148.507431     14.637     14.772    11.9021  32.920666     1.5574 9.1090e-01    268.280     94.993     14.637    28.2565    21.3756    1488.68 0.0000e+00
        473 148.507431     14.728     14.864    11.9038  32.929264     1.6585 8.9298e-01    268.349     95.020     14.728    28.2634    21.3807    1488.70 0.0000e+00
        474 148.507431     14.819     14.955    11.9052  32.933376     1.6470 8.6439e-01    268.194     94.969     14.819    28.2662    21.3826    1488.71 0.0000e+00
        475 148.507431     14.909     15.046    11.9063  32.933704     1.6604 8.3380e-01    268.158     94.963     14.909    28.2656    21.3820    1488.71 0.0000e+00
        476 148.507446     14.998     15.137    11.9070  32.931751     1.6547 8.1241e-01    267.793     94.842     14.998    28.2632    21.3800    1488.71 0.0000e+00
        477 148.507446     15.088     15.227    11.9074  32.929871     1.6775 8.0499e-01    267.964     94.906     15.088    28.2611    21.3782    1488.71 0.0000e+00
        478 148.507446     15.179     15.319    11.9076  32.929836     1.6833 7.8571e-01    268.176     94.987     15.179    28.2608    21.3780    1488.71 0.0000e+00
        479 148.507446     15.271     15.412    11.9078  32.931747     1.6814 7.7143e-01    268.165     94.989     15.271    28.2625    21.3793    1488.72 0.0000e+00
        480 148.507446     15.365     15.506    11.9081  32.935036     1.6222 7.4056e-01    268.318     95.049     15.365    28.2654    21.3814    1488.72 0.0000e+00
        481 148.507446     15.460     15.602    11.9085  32.939037     1.6108 7.1341e-01    268.462     95.104     15.460    28.2688    21.3840    1488.73 0.0000e+00
