Loch_Etive/CTD_data_US/2025-05-28/sbe55_sbe19p_5215_20250528_re2_1m.cnv
* Sea-Bird SBE 19plus Data File:
* FileName = C:\Data\sbe55_sbe19p_5215\2025-05-28\sbe55_sbe19p_5215_20250528_re2069.hex
* Software Version SeatermAF 2.1.4
* Temperature SN = 5215
* Conductivity SN = 5215
* System UpLoad Time = May 28 2025 10:46:08 (localtime) = May 28 2025 10:46:08 (UTC)
* ds
* SeacatPlus V 1.6b  SERIAL NO. 5215    28 May 2025  10:45:39
# nquan = 15
# nvalues = 85                          
# units = specified
# name 0 = scan: Scan Count
# name 1 = timeJ: Julian Days
# name 2 = depSM: Depth [salt water, m], lat = 56.00
# name 3 = prdM: Pressure, Strain Gauge [db]
# name 4 = tv290C: Temperature [ITS-90, deg C]
# name 5 = c0mS/cm: Conductivity [mS/cm]
# name 6 = flECO-AFL: Fluorescence, WET Labs ECO-AFL/FL [mg/m^3]
# name 7 = par/sat/log: PAR/Logarithmic, Satlantic [umol photons/m^2/sec]
# name 8 = sbeox0Mm/L: Oxygen, SBE 43 [umol/l]
# name 9 = sbeox0PS: Oxygen, SBE 43 [% saturation]
# name 10 = depSM: Depth [salt water, m], lat = 56
# name 11 = sal00: Salinity, Practical [PSU]
# name 12 = sigma-é00: Density [sigma-theta, kg/m^3]
# name 13 = svCM: Sound Velocity [Chen-Millero, m/s]
# name 14 = flag: flag
# span 0 =        339,       1229       
# span 1 = 148.444057, 148.446631       
# span 2 =      1.000,     43.000       
# span 3 =      1.009,     43.399       
# span 4 =    10.6135,    14.1177       
# span 5 =   5.996149,  31.939564       
# span 6 =     1.5440,     9.0072       
# span 7 = 5.3067e-02, 2.8042e+02       
# span 8 =    148.977,    334.288       
# span 9 =     51.302,    103.201       
# span 10 =      1.000,     43.000      
# span 11 =     4.5343,    27.6173      
# span 12 =     3.0822,    20.9922      
# span 13 =    1458.61,    1493.04      
# span 14 = 0.0000e+00, 0.0000e+00      
# interval = meters: 1                  
# start_time = May 28 2025 10:38:02 [Instrument's time stamp, header]
# bad_flag = -9.990e-29
*END*
        339 148.444057      1.000      1.009    11.4877   5.996149     6.3746 2.3114e+02    329.023    102.123      1.000     4.5343     3.0822    1458.61 0.0000e+00
        378 148.444168      2.000      2.018    12.4009  17.552378     8.5752 5.7958e+01    296.941    103.201      2.000    13.9964    10.2725    1473.30 0.0000e+00
        389 148.444201      3.000      3.028    13.1732  23.858997     9.0072 2.0559e+01    284.460    101.120      3.000    19.1713    14.1373    1482.16 0.0000e+00
        399 148.444231      4.000      4.037    13.3026  26.742025     7.7447 9.2401e+00    276.839    100.683      4.000    21.6543    16.0273    1485.54 0.0000e+00
        410 148.444263      5.000      5.046    13.6886  30.006080     4.9086 4.8976e+00    276.847    100.958      5.000    24.3319    18.0189    1490.01 0.0000e+00
        421 148.444293      6.000      6.055    14.1177  31.819614     3.1732 3.0276e+00    256.879     91.529      6.000    25.6737    18.9706    1493.04 0.0000e+00
        432 148.444327      7.000      7.064    13.5874  31.939564     2.8084 2.1190e+00    236.884     83.442      7.000    26.1385    19.4297    1491.82 0.0000e+00
        443 148.444357      8.000      8.074    12.4708  31.511762     2.5504 1.5509e+00    223.274     78.261      8.000    26.5194    19.9298    1488.48 0.0000e+00
        454 148.444391      9.000      9.083    11.9892  31.363864     3.3492 1.1311e+00    208.873     73.083      9.000    26.7223    20.1719    1487.06 0.0000e+00
        466 148.444424     10.000     10.092    11.8306  31.471499     3.6694 8.2082e-01    181.357     63.085     10.000    26.9374    20.3660    1486.78 0.0000e+00
        477 148.444455     11.000     11.101    11.5980  31.413603     4.7886 5.8364e-01    158.875     55.049     11.000    27.0509    20.4940    1486.11 0.0000e+00
        488 148.444489     12.000     12.111    11.3520  31.295268     6.7357 4.1578e-01    148.977     51.302     12.000    27.1173    20.5872    1485.34 0.0000e+00
        499 148.444518     13.000     13.120    11.1608  31.164204     8.8676 2.9968e-01    190.546     65.202     13.000    27.1316    20.6303    1484.69 0.0000e+00
        510 148.444551     14.000     14.129    10.8456  30.927057     8.1730 2.0794e-01    232.218     79.398     14.000    27.1347    20.6847    1483.58 0.0000e+00
        520 148.444581     15.000     15.138    10.6170  30.840918     5.4253 1.4492e-01    238.751     81.841     15.000    27.2202    20.7882    1482.88 0.0000e+00
        531 148.444613     16.000     16.148    10.6157  30.917737     4.5723 9.5069e-02    239.875     82.365     16.000    27.2957    20.8471    1482.98 0.0000e+00
        542 148.444644     17.000     17.157    10.7166  31.057092     3.3604 6.7651e-02    243.292     83.668     17.000    27.3558    20.8775    1483.43 0.0000e+00
        553 148.444676     18.000     18.166    10.7796  31.145783     3.0166 5.4825e-02    242.923     83.649     18.000    27.3946    20.8975    1483.72 0.0000e+00
        563 148.444705     19.000     19.175    10.8344  31.218046     2.6739 5.3142e-02    242.747     83.676     19.000    27.4234    20.9109    1483.97 0.0000e+00
        573 148.444735     20.000     20.185    10.8829  31.280965     2.3240 5.3096e-02    241.644     83.337     20.000    27.4479    20.9220    1484.19 0.0000e+00
        583 148.444764     21.000     21.194    10.9204  31.323824     2.1156 5.3104e-02    242.289     83.660     21.000    27.4610    20.9261    1484.36 0.0000e+00
        593 148.444792     22.000     22.203    10.9434  31.356967     1.9923 5.3086e-02    243.481     84.130     22.000    27.4756    20.9336    1484.48 0.0000e+00
        603 148.444822     23.000     23.212    10.9924  31.421205     1.9815 5.3118e-02    243.523     84.178     23.000    27.5007    20.9451    1484.70 0.0000e+00
        613 148.444850     24.000     24.222    11.0156  31.443299     1.7287 5.3105e-02    243.428     84.241     24.000    27.5044    20.9441    1484.80 0.0000e+00
        623 148.444880     25.000     25.231    11.0366  31.476721     1.8216 5.3101e-02    242.679     84.052     25.000    27.5206    20.9532    1484.91 0.0000e+00
        633 148.444907     26.000     26.240    11.0799  31.530862     1.7439 5.3115e-02    242.515     84.054     26.000    27.5401    20.9612    1485.11 0.0000e+00
        643 148.444937     27.000     27.250    11.1153  31.577631     1.9512 5.3110e-02    242.260     83.998     27.000    27.5584    20.9695    1485.27 0.0000e+00
        653 148.444966     28.000     28.259    11.1415  31.607125     2.0925 5.3089e-02    241.776     83.862     28.000    27.5670    20.9718    1485.39 0.0000e+00
        664 148.444997     29.000     29.268    11.1571  31.626778     1.6455 5.3109e-02    241.761     83.873     29.000    27.5739    20.9745    1485.47 0.0000e+00
        674 148.445027     30.000     30.278    11.1723  31.645049     3.2736 5.3098e-02    241.535     83.798     30.000    27.5797    20.9766    1485.55 0.0000e+00
        685 148.445059     31.000     31.287    11.1778  31.649713     1.6098 5.3118e-02    241.648     83.828     31.000    27.5797    20.9757    1485.59 0.0000e+00
        696 148.445090     32.000     32.296    11.1782  31.649087     1.7911 5.3074e-02    241.528     83.781     32.000    27.5785    20.9746    1485.61 0.0000e+00
        706 148.445120     33.000     33.306    11.1736  31.642893     1.7697 5.3094e-02    241.632     83.824     33.000    27.5756    20.9732    1485.60 0.0000e+00
        716 148.445149     34.000     34.315    11.1723  31.642248     1.8007 5.3122e-02    241.188     83.694     34.000    27.5756    20.9734    1485.61 0.0000e+00
        726 148.445178     35.000     35.324    11.1767  31.651285     2.2468 5.3112e-02    240.604     83.494     35.000    27.5806    20.9766    1485.65 0.0000e+00
        737 148.445207     36.000     36.334    11.1868  31.663498     2.0554 5.3105e-02    239.202     83.019     36.000    27.5844    20.9779    1485.71 0.0000e+00
        747 148.445237     37.000     37.343    11.1883  31.666039     1.8992 5.3117e-02    239.358     83.091     37.000    27.5854    20.9784    1485.73 0.0000e+00
        757 148.445267     38.000     38.353    11.1952  31.676156     1.6642 5.3097e-02    241.070     83.724     38.000    27.5896    20.9806    1485.78 0.0000e+00
        768 148.445296     39.000     39.362    11.2054  31.691612     1.6546 5.3099e-02    241.386     83.854     39.000    27.5965    20.9842    1485.84 0.0000e+00
        778 148.445328     40.000     40.371    11.2241  31.715866     1.6996 5.3095e-02    240.802     83.670     40.000    27.6055    20.9881    1485.93 0.0000e+00
        789 148.445357     41.000     41.381    11.2318  31.724536     2.0481 5.3112e-02    240.346     83.537     41.000    27.6077    20.9885    1485.98 0.0000e+00
        799 148.445389     42.000     42.390    11.2433  31.741395     1.5440 5.3119e-02    238.622     82.944     42.000    27.6150    20.9922    1486.05 0.0000e+00
        817 148.445440     43.000     43.399    11.2550  31.753285     2.0830 5.3101e-02    239.029     83.069     43.000    27.6173    20.9921    1486.11 0.0000e+00
        832 148.445483     42.000     42.390    11.2506  31.744063     1.8978 5.3101e-02    240.731     83.634     42.000    27.6121    20.9888    1486.07 0.0000e+00
        842 148.445513     41.000     41.381    11.2406  31.729352     1.6033 5.3111e-02    241.516     83.895     41.000    27.6058    20.9855    1486.01 0.0000e+00
        852 148.445541     40.000     40.371    11.2337  31.721447     1.6925 5.3095e-02    241.588     83.898     40.000    27.6037    20.9851    1485.97 0.0000e+00
        862 148.445568     39.000     39.362    11.2276  31.711589     1.8104 5.3083e-02    241.063     83.682     39.000    27.5991    20.9825    1485.92 0.0000e+00
        871 148.445597     38.000     38.352    11.2168  31.695284     1.8702 5.3107e-02    240.069     83.307     38.000    27.5919    20.9787    1485.86 0.0000e+00
        881 148.445625     37.000     37.343    11.2009  31.674018     1.8915 5.3115e-02    240.985     83.602     37.000    27.5836    20.9750    1485.78 0.0000e+00
        891 148.445653     36.000     36.334    11.1866  31.655931     1.8543 5.3085e-02    241.630     83.790     36.000    27.5772    20.9724    1485.70 0.0000e+00
        901 148.445682     35.000     35.324    11.1747  31.638839     1.8026 5.3100e-02    242.317     83.995     35.000    27.5701    20.9688    1485.63 0.0000e+00
        910 148.445710     34.000     34.315    11.1583  31.616361     1.9166 5.3113e-02    242.742     84.119     34.000    27.5611    20.9645    1485.55 0.0000e+00
        920 148.445737     33.000     33.306    11.1420  31.594615     1.9224 5.3106e-02    242.933     84.176     33.000    27.5526    20.9607    1485.46 0.0000e+00
        930 148.445766     32.000     32.296    11.1320  31.584229     1.9257 5.3067e-02    243.083     84.201     32.000    27.5504    20.9606    1485.41 0.0000e+00
        940 148.445794     31.000     31.287    11.1270  31.576015     1.8885 5.3120e-02    243.038     84.165     31.000    27.5467    20.9585    1485.37 0.0000e+00
        950 148.445825     30.000     30.278    11.1137  31.558064     1.8986 5.3106e-02    243.067     84.152     30.000    27.5397    20.9553    1485.29 0.0000e+00
        960 148.445854     29.000     29.268    11.1037  31.545589     1.9723 5.3106e-02    242.726     83.985     29.000    27.5355    20.9537    1485.24 0.0000e+00
        971 148.445885     28.000     28.259    11.0909  31.526384     2.0845 5.3111e-02    243.305     84.119     28.000    27.5268    20.9491    1485.16 0.0000e+00
        981 148.445913     27.000     27.250    11.0645  31.487539     2.2045 5.3090e-02    243.686     84.213     27.000    27.5095    20.9399    1485.03 0.0000e+00
        991 148.445944     26.000     26.240    11.0358  31.454113     2.0530 5.3080e-02    243.124     83.991     26.000    27.4990    20.9366    1484.90 0.0000e+00
       1001 148.445971     25.000     25.231    11.0191  31.434857     2.1954 5.3085e-02    243.099     83.934     25.000    27.4932    20.9349    1484.82 0.0000e+00
       1011 148.446001     24.000     24.222    11.0055  31.414919     2.1174 5.3099e-02    242.855     83.799     24.000    27.4845    20.9303    1484.74 0.0000e+00
       1020 148.446027     23.000     23.213    10.9822  31.382315     2.1385 5.3079e-02    242.538     83.655     23.000    27.4707    20.9234    1484.63 0.0000e+00
       1029 148.446054     22.000     22.203    10.9593  31.355785     2.3632 5.3117e-02    241.955     83.413     22.000    27.4625    20.9208    1484.52 0.0000e+00
       1039 148.446082     21.000     21.194    10.9427  31.335003     2.5166 5.3123e-02    242.129     83.388     21.000    27.4552    20.9178    1484.43 0.0000e+00
       1048 148.446110     20.000     20.185    10.9214  31.302844     2.8141 5.3094e-02    240.972     82.857     20.000    27.4403    20.9098    1484.32 0.0000e+00
       1058 148.446136     19.000     19.175    10.8796  31.242444     3.0399 5.3108e-02    240.280     82.481     19.000    27.4133    20.8957    1484.12 0.0000e+00
       1067 148.446164     18.000     18.166    10.8162  31.153867     3.7726 5.5538e-02    239.829     82.192     18.000    27.3751    20.8764    1483.83 0.0000e+00
       1076 148.446190     17.000     17.157    10.7513  31.068011     4.3957 6.7513e-02    235.953     80.699     17.000    27.3405    20.8600    1483.54 0.0000e+00
       1086 148.446219     16.000     16.148    10.6858  30.973379     4.7421 9.5917e-02    228.430     78.127     16.000    27.2976    20.8373    1483.24 0.0000e+00
       1095 148.446243     15.000     15.138    10.6135  30.873032     6.3109 1.4251e-01    212.403     72.922     15.000    27.2542    20.8152    1482.91 0.0000e+00
       1105 148.446273     14.000     14.129    10.6331  30.873775     7.5927 1.9306e-01    173.078     59.837     14.000    27.2406    20.8015    1482.95 0.0000e+00
       1114 148.446300     13.000     13.120    10.8489  31.051790     8.6476 2.7762e-01    153.406     53.292     13.000    27.2536    20.7764    1483.72 0.0000e+00
       1124 148.446328     12.000     12.110    11.1546  31.257563     7.0148 3.9537e-01    173.854     60.640     12.000    27.2263    20.7049    1484.77 0.0000e+00
       1133 148.446356     11.000     11.101    11.3787  31.377174     5.1202 5.6213e-01    201.475     70.416     11.000    27.1765    20.6287    1485.49 0.0000e+00
       1143 148.446383     10.000     10.092    11.5859  31.403201     4.8224 8.1915e-01    216.878     76.226     10.000    27.0502    20.4955    1486.05 0.0000e+00
       1152 148.446407      9.000      9.083    11.7429  31.367329     4.3450 1.1675e+00    234.617     83.521      9.000    26.9025    20.3541    1486.41 0.0000e+00
       1161 148.446434      8.000      8.074    12.0488  31.465200     3.0883 1.6945e+00    257.953     93.574      8.000    26.7753    20.2024    1487.32 0.0000e+00
       1170 148.446461      7.000      7.064    12.7102  31.754032     3.2563 2.5047e+00    278.308    100.525      7.000    26.5761    19.9302    1489.35 0.0000e+00
       1179 148.446487      6.000      6.055    13.6960  31.850584     3.2217 3.9010e+00    281.280     99.546      6.000    25.9859    19.2918    1491.99 0.0000e+00
       1188 148.446513      5.000      5.046    13.8939  30.615714     4.1480 6.5388e+00    287.447     99.896      5.000    24.7469    18.3001    1491.19 0.0000e+00
       1197 148.446540      4.000      4.037    13.5546  27.908951     5.9947 1.2254e+01    300.807    102.171      4.000    22.5452    16.6679    1487.45 0.0000e+00
       1207 148.446569      3.000      3.028    13.2992  25.150334     8.1867 2.6115e+01    317.738    100.758      3.000    20.2458    14.9432    1483.86 0.0000e+00
       1218 148.446599      2.000      2.018    13.0001  20.144456     8.4306 6.8054e+01    334.288    101.320      2.000    16.0106    11.7321    1477.82 0.0000e+00
       1229 148.446631      1.000      1.009    12.0546   9.286183     6.7882 2.8042e+02    323.105     97.275      1.000     7.1069     5.0034    1463.83 0.0000e+00
