Loch_Etive/CTD_data_US/2025-05-28/sbe55_sbe19p_5215_20250528_re2.cnv
* Sea-Bird SBE 19plus Data File:
* FileName = C:\Data\sbe55_sbe19p_5215\2025-05-28\sbe55_sbe19p_5215_20250528_re2069.hex
* Software Version SeatermAF 2.1.4
* Temperature SN = 5215
* Conductivity SN = 5215
* System UpLoad Time = May 28 2025 10:46:08 (localtime) = May 28 2025 10:46:08 (UTC)
* ds
* SeacatPlus V 1.6b  SERIAL NO. 5215    28 May 2025  10:45:39
# nquan = 15                                
# nvalues = 985                         
# units = specified
# name 0 = scan: Scan Count
# name 1 = timeJ: Julian Days
# name 2 = depSM: Depth [salt water, m], lat = 56.00
# name 3 = prdM: Pressure, Strain Gauge [db]
# name 4 = tv290C: Temperature [ITS-90, deg C]
# name 5 = c0mS/cm: Conductivity [mS/cm]
# name 6 = flECO-AFL: Fluorescence, WET Labs ECO-AFL/FL [mg/m^3]
# name 7 = par/sat/log: PAR/Logarithmic, Satlantic [umol photons/m^2/sec]
# name 8 = sbeox0Mm/L: Oxygen, SBE 43 [umol/l]
# name 9 = sbeox0PS: Oxygen, SBE 43 [% saturation]
# name 10 = depSM: Depth [salt water, m], lat = 56
# name 11 = sal00: Salinity, Practical [PSU]
# name 12 = sigma-é00: Density [sigma-theta, kg/m^3]
# name 13 = svCM: Sound Velocity [Chen-Millero, m/s]
# name 14 = flag: flag
# span 0 =        301,       1285       
# span 1 = 148.443939, 148.446793       
# span 2 =     -0.002,     43.132       
# span 3 =     -0.002,     43.533       
# span 4 =    10.5924,    14.1687       
# span 5 =   0.313349,  32.186115       
# span 6 =     0.1154,    10.4477       
# span 7 = 5.2971e-02, 5.2114e+02       
# span 8 =    144.650,    339.472       
# span 9 =     49.858,    104.614       
# span 10 =     -0.002,     43.132      
# span 11 =     0.2018,    27.6179      
# span 12 =    -0.3339,    20.9933      
# span 13 =    1454.99,    1493.42      
# span 14 = 0.0000e+00, 0.0000e+00      
# interval = seconds: 0.25
# start_time = May 28 2025 10:38:02 [Instrument's time stamp, header]
# bad_flag = -9.990e-29
*END*
[from data line 386]
        687 148.445068     31.153     31.442    11.1781  31.650343     1.5250 5.3133e-02    241.570     83.798     31.153    27.5801    20.9759    1485.59 0.0000e+00
        688 148.445068     31.245     31.534    11.1783  31.650484     1.6146 5.3156e-02    241.574     83.798     31.245    27.5800    20.9758    1485.59 0.0000e+00
        689 148.445068     31.336     31.627    11.1785  31.650568     1.6127 5.3040e-02    241.489     83.768     31.337    27.5799    20.9757    1485.60 0.0000e+00
        690 148.445068     31.428     31.719    11.1787  31.650612     1.8835 5.3098e-02    241.479     83.765     31.428    27.5798    20.9756    1485.60 0.0000e+00
        691 148.445068     31.520     31.812    11.1788  31.650637     1.8664 5.3087e-02    241.297     83.701     31.520    27.5797    20.9755    1485.60 0.0000e+00
        692 148.445084     31.613     31.906    11.1788  31.650616     1.5497 5.3133e-02    241.409     83.741     31.613    27.5796    20.9754    1485.60 0.0000e+00
        693 148.445084     31.707     32.000    11.1788  31.650520     1.5574 5.3098e-02    241.502     83.774     31.707    27.5795    20.9753    1485.60 0.0000e+00
        694 148.445084     31.802     32.096    11.1788  31.650341     1.6909 5.2994e-02    241.353     83.721     31.802    27.5793    20.9752    1485.60 0.0000e+00
        695 148.445084     31.898     32.193    11.1787  31.650047     1.8378 5.3075e-02    241.446     83.754     31.898    27.5790    20.9750    1485.61 0.0000e+00
        696 148.445084     31.994     32.290    11.1785  31.649647     1.8168 5.3040e-02    241.605     83.808     31.994    27.5788    20.9748    1485.61 0.0000e+00
        697 148.445099     32.089     32.387    11.1783  31.649183     1.5574 5.2971e-02    241.617     83.812     32.089    27.5785    20.9747    1485.61 0.0000e+00
        698 148.445099     32.184     32.482    11.1780  31.648594     1.5574 5.3133e-02    241.566     83.794     32.184    27.5781    20.9744    1485.61 0.0000e+00
        699 148.445099     32.279     32.578    11.1776  31.647778     2.2612 5.3156e-02    241.717     83.846     32.279    27.5775    20.9740    1485.61 0.0000e+00
        700 148.445099     32.374     32.674    11.1771  31.646805     2.2574 5.3064e-02    241.630     83.817     32.374    27.5769    20.9736    1485.61 0.0000e+00
        701 148.445099     32.470     32.771    11.1765  31.645821     1.7405 5.3064e-02    241.670     83.831     32.470    27.5764    20.9733    1485.60 0.0000e+00
        702 148.445114     32.567     32.868    11.1758  31.644888     1.7367 5.3110e-02    241.676     83.833     32.567    27.5760    20.9732    1485.60 0.0000e+00
        703 148.445114     32.664     32.967    11.1751  31.644047     1.5726 5.3064e-02    241.713     83.845     32.664    27.5757    20.9730    1485.60 0.0000e+00
        704 148.445114     32.762     33.066    11.1744  31.643347     1.5497 5.3075e-02    241.761     83.863     32.762    27.5755    20.9730    1485.60 0.0000e+00
        705 148.445114     32.861     33.166    11.1738  31.642807     1.6070 5.3052e-02    241.760     83.865     32.861    27.5754    20.9730    1485.60 0.0000e+00
        706 148.445114     32.960     33.265    11.1733  31.642412     1.6222 5.3075e-02    241.615     83.817     32.960    27.5753    20.9731    1485.60 0.0000e+00
        707 148.445114     33.059     33.365    11.1729  31.642181     1.5574 5.3180e-02    241.727     83.858     33.059    27.5754    20.9732    1485.60 0.0000e+00
        708 148.445129     33.157     33.464    11.1726  31.642111     1.5421 5.3087e-02    241.645     83.831     33.157    27.5755    20.9733    1485.60 0.0000e+00
        709 148.445129     33.256     33.564    11.1725  31.642151     2.4653 5.3133e-02    241.536     83.795     33.256    27.5756    20.9734    1485.60 0.0000e+00
        710 148.445129     33.355     33.664    11.1724  31.642216     2.4500 5.3064e-02    241.445     83.765     33.355    27.5757    20.9735    1485.60 0.0000e+00
        711 148.445129     33.454     33.764    11.1724  31.642189     1.5917 5.3098e-02    241.453     83.770     33.454    27.5756    20.9734    1485.60 0.0000e+00
        712 148.445129     33.555     33.866    11.1724  31.642065     1.5822 5.3087e-02    241.359     83.742     33.555    27.5755    20.9733    1485.61 0.0000e+00
        713 148.445145     33.656     33.968    11.1723  31.641945     1.7290 5.3191e-02    241.337     83.739     33.656    27.5753    20.9732    1485.61 0.0000e+00
        714 148.445145     33.757     34.070    11.1723  31.641859     1.7367 5.3156e-02    241.467     83.787     33.757    27.5753    20.9732    1485.61 0.0000e+00
        715 148.445145     33.857     34.171    11.1722  31.641779     1.6070 5.3191e-02    241.165     83.685     33.857    27.5752    20.9732    1485.61 0.0000e+00
        716 148.445145     33.958     34.273    11.1721  31.641777     1.6165 5.3133e-02    241.070     83.654     33.958    27.5752    20.9732    1485.61 0.0000e+00
        717 148.445145     34.058     34.374    11.1721  31.641932     2.1544 5.3052e-02    241.208     83.704     34.058    27.5754    20.9733    1485.61 0.0000e+00
        718 148.445160     34.159     34.475    11.1721  31.642181     2.1773 5.3029e-02    241.185     83.696     34.159    27.5756    20.9735    1485.62 0.0000e+00
        719 148.445160     34.260     34.577    11.1722  31.642454     2.1735 5.3098e-02    241.064     83.655     34.260    27.5757    20.9736    1485.62 0.0000e+00
        720 148.445160     34.360     34.679    11.1724  31.642849     1.6184 5.3145e-02    240.943     83.613     34.360    27.5759    20.9737    1485.62 0.0000e+00
        721 148.445160     34.461     34.780    11.1725  31.643587     1.6146 5.3145e-02    241.050     83.650     34.461    27.5765    20.9741    1485.62 0.0000e+00
        722 148.445160     34.561     34.882    11.1729  31.644743     1.7729 5.3110e-02    240.920     83.604     34.561    27.5773    20.9747    1485.63 0.0000e+00
        723 148.445175     34.661     34.982    11.1734  31.646128     1.7710 5.3075e-02    240.905     83.598     34.661    27.5782    20.9753    1485.63 0.0000e+00
        724 148.445175     34.760     35.082    11.1742  31.647493     4.4986 5.3064e-02    240.882     83.590     34.760    27.5789    20.9757    1485.64 0.0000e+00
        725 148.445175     34.860     35.183    11.1751  31.648739     4.5024 5.3098e-02    240.629     83.503     34.860    27.5794    20.9759    1485.64 0.0000e+00
        726 148.445175     34.959     35.283    11.1760  31.649960     1.6623 5.3145e-02    240.588     83.488     34.959    27.5798    20.9761    1485.65 0.0000e+00
        727 148.445175     35.060     35.385    11.1770  31.651352     1.6394 5.3191e-02    240.541     83.472     35.060    27.5804    20.9765    1485.65 0.0000e+00
        728 148.445175     35.160     35.486    11.1779  31.653111     1.7615 5.3168e-02    240.415     83.428     35.160    27.5814    20.9770    1485.66 0.0000e+00
        729 148.445190     35.259     35.586    11.1790  31.655254     1.7290 5.3110e-02    240.441     83.437     35.259    27.5826    20.9778    1485.67 0.0000e+00
        730 148.445190     35.358     35.686    11.1804  31.657486     1.5822 5.3064e-02    240.433     83.434     35.358    27.5837    20.9784    1485.67 0.0000e+00
        731 148.445190     35.457     35.785    11.1819  31.659449     1.5917 5.3098e-02    240.226     83.363     35.457    27.5844    20.9787    1485.68 0.0000e+00
        732 148.445190     35.554     35.884    11.1834  31.661013     2.9383 5.3180e-02    240.057     83.306     35.554    27.5848    20.9788    1485.69 0.0000e+00
        733 148.445190     35.652     35.982    11.1847  31.662199     2.9536 5.3087e-02    239.795     83.217     35.652    27.5849    20.9786    1485.70 0.0000e+00
        734 148.445206     35.749     36.081    11.1858  31.663046     1.5669 5.3087e-02    239.497     83.116     35.749    27.5848    20.9784    1485.70 0.0000e+00
        735 148.445206     35.847     36.179    11.1867  31.663603     1.5517 5.3040e-02    239.354     83.069     35.847    27.5847    20.9782    1485.71 0.0000e+00
        736 148.445206     35.945     36.278    11.1873  31.663921     1.7481 5.3156e-02    239.157     83.003     35.945    27.5845    20.9779    1485.71 0.0000e+00
        737 148.445206     36.043     36.377    11.1877  31.664080     1.7500 5.3075e-02    239.000     82.950     36.043    27.5843    20.9777    1485.71 0.0000e+00
        738 148.445206     36.141     36.476    11.1880  31.664129     1.5459 5.3087e-02    238.824     82.891     36.141    27.5841    20.9775    1485.71 0.0000e+00
        739 148.445221     36.239     36.575    11.1881  31.664120     1.5497 5.3191e-02    238.976     82.945     36.239    27.5840    20.9774    1485.72 0.0000e+00
        740 148.445221     36.337     36.674    11.1881  31.664095     2.4805 5.3052e-02    238.728     82.861     36.337    27.5839    20.9773    1485.72 0.0000e+00
        741 148.445221     36.435     36.773    11.1880  31.664061     2.4805 5.3098e-02    238.716     82.858     36.435    27.5839    20.9773    1485.72 0.0000e+00
        742 148.445221     36.532     36.871    11.1879  31.664047     1.8950 5.3098e-02    238.923     82.931     36.532    27.5839    20.9774    1485.72 0.0000e+00
        743 148.445221     36.629     36.969    11.1879  31.664082     1.9007 5.3168e-02    238.951     82.942     36.629    27.5840    20.9774    1485.72 0.0000e+00
        744 148.445236     36.726     37.067    11.1878  31.664183     1.8988 5.3075e-02    238.887     82.921     36.726    27.5841    20.9775    1485.72 0.0000e+00
        745 148.445236     36.823     37.164    11.1878  31.664375     2.7895 5.3075e-02    239.080     82.990     36.823    27.5843    20.9776    1485.73 0.0000e+00
        746 148.445236     36.920     37.262    11.1877  31.664661     2.7991 5.3110e-02    239.189     83.030     36.920    27.5845    20.9778    1485.73 0.0000e+00
        747 148.445236     37.017     37.360    11.1878  31.665098     1.5211 5.3064e-02    239.282     83.064     37.017    27.5849    20.9781    1485.73 0.0000e+00
        748 148.445236     37.113     37.458    11.1880  31.665785     1.5288 5.3180e-02    239.366     83.096     37.113    27.5854    20.9785    1485.73 0.0000e+00
        749 148.445236     37.210     37.555    11.1883  31.666767     1.6432 5.3156e-02    239.578     83.171     37.210    27.5860    20.9789    1485.74 0.0000e+00
        750 148.445251     37.306     37.652    11.1888  31.667984     1.6470 5.3156e-02    239.714     83.221     37.306    27.5868    20.9794    1485.74 0.0000e+00
        751 148.445251     37.402     37.749    11.1896  31.669308     1.6280 5.3029e-02    239.940     83.302     37.402    27.5875    20.9798    1485.75 0.0000e+00
        752 148.445251     37.498     37.846    11.1904  31.670593     1.6127 5.3180e-02    240.057     83.348     37.498    27.5880    20.9801    1485.75 0.0000e+00
        753 148.445251     37.595     37.943    11.1914  31.671797     1.6451 5.3110e-02    240.332     83.448     37.595    27.5884    20.9803    1485.76 0.0000e+00
        754 148.445251     37.690     38.040    11.1924  31.672939     1.6661 5.3098e-02    240.369     83.467     37.690    27.5887    20.9804    1485.76 0.0000e+00
        755 148.445267     37.786     38.137    11.1933  31.674040     1.6413 5.3075e-02    240.676     83.579     37.786    27.5890    20.9804    1485.77 0.0000e+00
        756 148.445267     37.882     38.233    11.1943  31.675097     1.6756 5.3098e-02    241.010     83.700     37.882    27.5893    20.9805    1485.77 0.0000e+00
        757 148.445267     37.978     38.331    11.1951  31.676073     1.7405 5.3098e-02    240.981     83.694     37.978    27.5896    20.9806    1485.78 0.0000e+00
        758 148.445267     38.075     38.428    11.1959  31.676962     1.7462 5.3052e-02    241.410     83.847     38.075    27.5898    20.9806    1485.78 0.0000e+00
        759 148.445267     38.173     38.527    11.1967  31.677828     1.6184 5.3145e-02    241.502     83.883     38.173    27.5900    20.9807    1485.79 0.0000e+00
        760 148.445282     38.271     38.626    11.1974  31.678780     1.6146 5.3098e-02    241.738     83.969     38.271    27.5904    20.9808    1485.79 0.0000e+00
        761 148.445282     38.368     38.724    11.1981  31.679867     1.6203 5.3110e-02    241.614     83.928     38.368    27.5909    20.9811    1485.80 0.0000e+00
        762 148.445282     38.465     38.822    11.1989  31.681076     1.6070 5.3075e-02    241.555     83.910     38.465    27.5914    20.9814    1485.80 0.0000e+00
        763 148.445282     38.562     38.920    11.1998  31.682423     1.7119 5.3087e-02    241.523     83.900     38.562    27.5920    20.9817    1485.81 0.0000e+00
        764 148.445282     38.657     39.016    11.2007  31.683899     1.7271 5.3133e-02    241.474     83.884     38.657    27.5927    20.9821    1485.81 0.0000e+00
        765 148.445282     38.753     39.112    11.2017  31.685474     1.6680 5.3029e-02    241.462     83.880     38.753    27.5934    20.9825    1485.82 0.0000e+00
        766 148.445297     38.848     39.208    11.2028  31.687157     1.6718 5.3098e-02    241.422     83.866     38.848    27.5942    20.9829    1485.82 0.0000e+00
        767 148.445297     38.943     39.305    11.2040  31.689091     1.6890 5.3075e-02    241.272     83.814     38.943    27.5951    20.9834    1485.83 0.0000e+00
        768 148.445297     39.039     39.402    11.2053  31.691439     1.7348 5.3110e-02    241.463     83.881     39.039    27.5964    20.9842    1485.84 0.0000e+00
        769 148.445297     39.136     39.499    11.2068  31.694208     1.7500 5.3052e-02    241.434     83.871     39.136    27.5979    20.9851    1485.85 0.0000e+00
        770 148.445297     39.233     39.597    11.2086  31.697273     1.5612 5.3098e-02    241.462     83.880     39.233    27.5995    20.9860    1485.86 0.0000e+00
        771 148.445313     39.329     39.694    11.2107  31.700447     1.5517 5.3156e-02    241.160     83.776     39.329    27.6009    20.9868    1485.87 0.0000e+00
        772 148.445313     39.425     39.791    11.2130  31.703535     1.4811 5.3156e-02    241.172     83.781     39.425    27.6022    20.9874    1485.88 0.0000e+00
        773 148.445313     39.521     39.888    11.2153  31.706387     1.4544 5.3168e-02    241.142     83.773     39.521    27.6031    20.9877    1485.89 0.0000e+00
        774 148.445313     39.617     39.985    11.2175  31.709013     1.6527 5.3145e-02    241.019     83.732     39.617    27.6039    20.9880    1485.90 0.0000e+00
        775 148.445313     39.713     40.082    11.2197  31.711500     1.6413 5.3040e-02    240.972     83.719     39.713    27.6047    20.9882    1485.91 0.0000e+00
        776 148.445328     39.809     40.178    11.2216  31.713844     1.5517 5.3098e-02    240.818     83.671     39.809    27.6055    20.9885    1485.92 0.0000e+00
        777 148.445328     39.905     40.275    11.2235  31.715904     1.5421 5.2994e-02    240.804     83.671     39.905    27.6060    20.9886    1485.93 0.0000e+00
        778 148.445328     40.000     40.372    11.2251  31.717543     1.6089 5.3098e-02    240.676     83.630     40.000    27.6063    20.9886    1485.94 0.0000e+00
        779 148.445328     40.096     40.468    11.2266  31.718756     1.6146 5.3087e-02    240.703     83.641     40.096    27.6064    20.9884    1485.94 0.0000e+00
        780 148.445328     40.191     40.564    11.2277  31.719635     1.5402 5.3087e-02    240.728     83.651     40.191    27.6063    20.9881    1485.95 0.0000e+00
        781 148.445343     40.286     40.660    11.2287  31.720247     1.5574 5.3075e-02    240.643     83.623     40.286    27.6062    20.9879    1485.95 0.0000e+00
