Loch_Etive/CTD_data_US/2025-05-28/sbe55_sbe19p_5215_20250528_re8.cnv
* Sea-Bird SBE 19plus Data File:
* FileName = C:\Data\sbe55_sbe19p_5215\2025-05-28\sbe55_sbe19p_5215_20250528_re8073.hex
* Software Version SeatermAF 2.1.4
* Temperature SN = 5215
* Conductivity SN = 5215
* System UpLoad Time = May 28 2025 13:57:37 (localtime) = May 28 2025 13:57:37 (UTC)
* ds
* SeacatPlus V 1.6b  SERIAL NO. 5215    28 May 2025  13:57:06
# nquan = 15                                
# nvalues = 1063                        
# units = specified
# name 0 = scan: Scan Count
# name 1 = timeJ: Julian Days
# name 2 = depSM: Depth [salt water, m], lat = 56.00
# name 3 = prdM: Pressure, Strain Gauge [db]
# name 4 = tv290C: Temperature [ITS-90, deg C]
# name 5 = c0mS/cm: Conductivity [mS/cm]
# name 6 = flECO-AFL: Fluorescence, WET Labs ECO-AFL/FL [mg/m^3]
# name 7 = par/sat/log: PAR/Logarithmic, Satlantic [umol photons/m^2/sec]
# name 8 = sbeox0Mm/L: Oxygen, SBE 43 [umol/l]
# name 9 = sbeox0PS: Oxygen, SBE 43 [% saturation]
# name 10 = depSM: Depth [salt water, m], lat = 56
# name 11 = sal00: Salinity, Practical [PSU]
# name 12 = sigma-é00: Density [sigma-theta, kg/m^3]
# name 13 = svCM: Sound Velocity [Chen-Millero, m/s]
# name 14 = flag: flag
# span 0 =          1,       1063       
# span 1 = 148.575684, 148.578751       
# span 2 =     -0.093,     34.292       
# span 3 =     -0.094,     34.609       
# span 4 =    10.6143,    12.8018       
# span 5 =   0.169427,  37.432358       
# span 6 =     0.0467,     7.1078       
# span 7 = 3.9122e-01, 4.4231e+02       
# span 8 =    234.021,    339.139       
# span 9 =     84.179,    107.625       
# span 10 =     -0.093,     34.292      
# span 11 =     0.1060,    33.6376      
# span 12 =    -0.5130,    25.7826      
# span 13 =    1454.16,    1492.16      
# span 14 = 0.0000e+00, 0.0000e+00      
# interval = seconds: 0.25
# start_time = May 28 2025 13:48:59 [Instrument's time stamp, header]
# bad_flag = -9.990e-29
*END*
[from data line 386]
        387 148.576797     10.911     11.011    10.7537  37.400093     1.7138 1.9491e+01    292.397    104.334     10.911    33.5853    25.7178    1490.98 0.0000e+00
        388 148.576797     11.039     11.141    10.7487  37.398582     1.7424 1.8851e+01    292.488    104.365     11.039    33.5884    25.7211    1490.97 0.0000e+00
        389 148.576813     11.163     11.266    10.7442  37.397171     1.7309 1.8777e+01    292.301    104.297     11.163    33.5910    25.7239    1490.96 0.0000e+00
        390 148.576813     11.281     11.385    10.7402  37.395874     1.6737 1.8793e+01    292.256    104.282     11.281    33.5934    25.7265    1490.95 0.0000e+00
        391 148.576813     11.391     11.496    10.7366  37.394455     1.6737 1.8789e+01    292.212    104.266     11.391    33.5952    25.7286    1490.94 0.0000e+00
        392 148.576813     11.495     11.601    10.7333  37.392548     1.3819 1.8675e+01    292.087    104.223     11.495    33.5963    25.7300    1490.93 0.0000e+00
        393 148.576813     11.596     11.702    10.7299  37.390018     1.3933 1.8606e+01    291.999    104.193     11.596    33.5968    25.7310    1490.92 0.0000e+00
        394 148.576813     11.698     11.805    10.7260  37.387154     1.7691 1.8428e+01    291.963    104.179     11.698    33.5975    25.7322    1490.91 0.0000e+00
        395 148.576828     11.805     11.913    10.7216  37.384487     1.7767 1.8101e+01    291.924    104.162     11.805    33.5988    25.7340    1490.90 0.0000e+00
        396 148.576828     11.920     12.029    10.7171  37.382473     1.2522 1.7403e+01    291.827    104.124     11.920    33.6009    25.7364    1490.89 0.0000e+00
        397 148.576828     12.042     12.153    10.7130  37.381298     1.2617 1.6485e+01    292.025    104.190     12.042    33.6034    25.7391    1490.88 0.0000e+00
        398 148.576828     12.168     12.280    10.7098  37.380833     1.5745 1.5545e+01    292.040    104.191     12.168    33.6059    25.7416    1490.87 0.0000e+00
        399 148.576828     12.292     12.406    10.7075  37.380802     1.5517 1.5166e+01    292.091    104.208     12.292    33.6079    25.7436    1490.87 0.0000e+00
        400 148.576843     12.411     12.526    10.7061  37.380894     1.5154 1.5342e+01    292.245    104.262     12.411    33.6092    25.7448    1490.86 0.0000e+00
        401 148.576843     12.523     12.638    10.7053  37.380753     1.5078 1.5620e+01    292.272    104.273     12.523    33.6098    25.7454    1490.86 0.0000e+00
        402 148.576843     12.629     12.745    10.7047  37.380230     1.6642 1.5674e+01    292.325    104.293     12.629    33.6098    25.7456    1490.86 0.0000e+00
        403 148.576843     12.734     12.852    10.7039  37.379528     1.6432 1.5538e+01    292.174    104.239     12.734    33.6098    25.7457    1490.86 0.0000e+00
        404 148.576843     12.844     12.963    10.7028  37.379009     2.3528 1.5097e+01    292.239    104.262     12.844    33.6102    25.7462    1490.86 0.0000e+00
        405 148.576859     12.962     13.081    10.7017  37.378784     2.3508 1.4420e+01    291.877    104.133     12.962    33.6109    25.7470    1490.86 0.0000e+00
        406 148.576859     13.085     13.206    10.7008  37.378799     1.7100 1.3520e+01    291.885    104.135     13.085    33.6117    25.7478    1490.86 0.0000e+00
        407 148.576859     13.210     13.332    10.7001  37.379017     1.6947 1.2702e+01    291.722    104.077     13.210    33.6125    25.7485    1490.86 0.0000e+00
        408 148.576859     13.330     13.452    10.6997  37.379326     1.7977 1.2641e+01    291.774    104.096     13.330    33.6132    25.7491    1490.86 0.0000e+00
        409 148.576859     13.439     13.563    10.6995  37.379547     1.8034 1.2996e+01    291.829    104.116     13.439    33.6135    25.7494    1490.86 0.0000e+00
        410 148.576874     13.539     13.664    10.6994  37.379536     1.2408 1.3237e+01    291.976    104.169     13.539    33.6135    25.7494    1490.87 0.0000e+00
        411 148.576874     13.631     13.757    10.6993  37.379181     1.2312 1.3353e+01    292.085    104.206     13.631    33.6133    25.7492    1490.87 0.0000e+00
        412 148.576874     13.724     13.850    10.6989  37.378487     1.2331 1.3391e+01    291.968    104.163     13.724    33.6129    25.7490    1490.87 0.0000e+00
        413 148.576874     13.824     13.952    10.6981  37.377655     1.5631 1.3107e+01    292.275    104.271     13.824    33.6127    25.7490    1490.86 0.0000e+00
        414 148.576874     13.938     14.067    10.6970  37.376904     1.5497 1.2583e+01    292.130    104.220     13.938    33.6129    25.7493    1490.86 0.0000e+00
        415 148.576874     14.065     14.195    10.6958  37.376350     1.7462 1.1629e+01    291.941    104.154     14.065    33.6134    25.7500    1490.86 0.0000e+00
        416 148.576889     14.199     14.330    10.6946  37.376129     1.7481 1.0552e+01    291.994    104.172     14.199    33.6142    25.7508    1490.86 0.0000e+00
        417 148.576889     14.332     14.464    10.6936  37.376286     1.5650 9.9109e+00    291.798    104.100     14.332    33.6152    25.7518    1490.86 0.0000e+00
        418 148.576889     14.456     14.589    10.6930  37.376610     1.5383 1.0415e+01    291.749    104.079     14.456    33.6161    25.7525    1490.86 0.0000e+00
        419 148.576889     14.567     14.701    10.6928  37.376884     1.8053 1.0975e+01    291.735    104.070     14.567    33.6165    25.7529    1490.86 0.0000e+00
        420 148.576889     14.666     14.802    10.6927  37.377026     1.8111 1.1125e+01    291.585    104.014     14.666    33.6166    25.7530    1490.86 0.0000e+00
        421 148.576904     14.759     14.895    10.6928  37.377041     1.8301 1.1057e+01    291.533    103.993     14.759    33.6166    25.7530    1490.87 0.0000e+00
        422 148.576904     14.852     14.989    10.6927  37.377056     1.8473 1.0849e+01    291.621    104.025     14.852    33.6166    25.7530    1490.87 0.0000e+00
        423 148.576904     14.950     15.088    10.6927  37.377155     1.2026 1.0540e+01    291.640    104.033     14.950    33.6167    25.7531    1490.87 0.0000e+00
        424 148.576904     15.058     15.197    10.6926  37.377335     1.2026 1.0199e+01    291.431    103.960     15.058    33.6169    25.7532    1490.87 0.0000e+00
        425 148.576904     15.173     15.313    10.6926  37.377533     1.8950 9.9131e+00    291.213    103.883     15.173    33.6170    25.7534    1490.87 0.0000e+00
        426 148.576920     15.294     15.435    10.6926  37.377682     1.8854 9.6167e+00    291.023    103.815     15.294    33.6171    25.7534    1490.87 0.0000e+00
        427 148.576920     15.418     15.561    10.6927  37.377728     1.8435 9.4542e+00    290.894    103.767     15.418    33.6171    25.7534    1490.88 0.0000e+00
        428 148.576920     15.544     15.688    10.6926  37.377632     1.8454 9.2298e+00    290.900    103.766     15.544    33.6170    25.7534    1490.88 0.0000e+00
        429 148.576920     15.670     15.814    10.6924  37.377476     1.7481 8.9363e+00    290.981    103.793     15.670    33.6170    25.7534    1490.88 0.0000e+00
        430 148.576920     15.793     15.939    10.6920  37.377392     1.7309 8.7070e+00    291.131    103.846     15.793    33.6172    25.7536    1490.88 0.0000e+00
        431 148.576920     15.912     16.058    10.6916  37.377445     1.8053 8.5712e+00    291.273    103.896     15.912    33.6176    25.7540    1490.88 0.0000e+00
        432 148.576935     16.024     16.172    10.6913  37.377510     1.7901 8.6200e+00    291.502    103.978     16.024    33.6179    25.7543    1490.88 0.0000e+00
        433 148.576935     16.131     16.280    10.6910  37.377289     1.5974 8.6558e+00    291.726    104.060     16.131    33.6179    25.7543    1490.88 0.0000e+00
        434 148.576935     16.236     16.385    10.6907  37.376659     1.5898 8.6389e+00    291.602    104.016     16.236    33.6175    25.7541    1490.88 0.0000e+00
        435 148.576935     16.342     16.493    10.6901  37.375851     1.4105 8.5227e+00    291.440    103.958     16.342    33.6172    25.7540    1490.88 0.0000e+00
        436 148.576935     16.455     16.607    10.6891  37.375130     1.4181 8.3095e+00    291.290    103.903     16.455    33.6173    25.7542    1490.88 0.0000e+00
        437 148.576950     16.576     16.729    10.6881  37.374607     1.4086 7.9457e+00    291.076    103.825     16.576    33.6177    25.7547    1490.88 0.0000e+00
        438 148.576950     16.703     16.857    10.6871  37.374382     1.3457 7.4760e+00    290.970    103.786     16.703    33.6183    25.7553    1490.88 0.0000e+00
        439 148.576950     16.831     16.986    10.6863  37.374485     1.3571 7.0356e+00    290.925    103.770     16.831    33.6190    25.7561    1490.88 0.0000e+00
        440 148.576950     16.955     17.111    10.6859  37.374767     1.3743 6.9198e+00    290.898    103.759     16.955    33.6197    25.7566    1490.88 0.0000e+00
        441 148.576950     17.070     17.228    10.6858  37.375008     1.3705 7.0757e+00    291.054    103.815     17.070    33.6199    25.7569    1490.88 0.0000e+00
        442 148.576965     17.177     17.335    10.6859  37.375034     1.5898 7.2398e+00    291.254    103.885     17.177    33.6198    25.7568    1490.89 0.0000e+00
        443 148.576965     17.277     17.436    10.6859  37.374790     1.5936 7.2620e+00    291.368    103.926     17.277    33.6195    25.7565    1490.89 0.0000e+00
        444 148.576965     17.376     17.536    10.6858  37.374332     1.4582 7.2161e+00    291.348    103.919     17.376    33.6191    25.7562    1490.89 0.0000e+00
        445 148.576965     17.480     17.642    10.6854  37.373802     1.4467 7.0526e+00    291.409    103.940     17.480    33.6189    25.7561    1490.89 0.0000e+00
        446 148.576965     17.595     17.757    10.6849  37.373425     1.9656 6.7926e+00    291.261    103.888     17.595    33.6190    25.7563    1490.89 0.0000e+00
        447 148.576981     17.719     17.882    10.6842  37.373333     1.9617 6.4106e+00    291.175    103.858     17.719    33.6194    25.7567    1490.89 0.0000e+00
        448 148.576981     17.849     18.014    10.6838  37.373440     2.2974 6.0198e+00    291.164    103.854     17.849    33.6199    25.7572    1490.89 0.0000e+00
        449 148.576981     17.979     18.145    10.6835  37.373634     2.2917 5.8068e+00    291.163    103.853     17.979    33.6203    25.7576    1490.89 0.0000e+00
        450 148.576981     18.104     18.271    10.6834  37.373856     1.7386 5.8616e+00    291.124    103.839     18.104    33.6206    25.7578    1490.89 0.0000e+00
        451 148.576981     18.221     18.390    10.6834  37.373966     1.7443 5.9649e+00    291.196    103.864     18.221    33.6206    25.7578    1490.89 0.0000e+00
        452 148.576981     18.331     18.501    10.6835  37.373817     1.5364 5.9844e+00    291.267    103.889     18.331    33.6203    25.7576    1490.90 0.0000e+00
        453 148.576996     18.436     18.606    10.6834  37.373501     1.5211 5.9298e+00    291.348    103.917     18.436    33.6200    25.7574    1490.90 0.0000e+00
        454 148.576996     18.540     18.711    10.6832  37.373196     1.7996 5.8297e+00    291.318    103.906     18.540    33.6199    25.7573    1490.90 0.0000e+00
        455 148.576996     18.645     18.817    10.6828  37.372967     1.7882 5.6863e+00    291.364    103.922     18.645    33.6200    25.7574    1490.90 0.0000e+00
        456 148.576996     18.753     18.926    10.6824  37.372791     1.6985 5.5805e+00    291.072    103.818     18.753    33.6201    25.7576    1490.90 0.0000e+00
        457 148.576996     18.866     19.040    10.6821  37.372696     1.6909 5.4492e+00    291.061    103.814     18.866    33.6202    25.7578    1490.90 0.0000e+00
        458 148.577011     18.982     19.157    10.6818  37.372635     1.3800 5.3339e+00    291.015    103.798     18.982    33.6204    25.7579    1490.90 0.0000e+00
        459 148.577011     19.102     19.278    10.6816  37.372589     1.3914 5.1846e+00    291.078    103.821     19.102    33.6205    25.7581    1490.90 0.0000e+00
        460 148.577011     19.224     19.402    10.6814  37.372593     1.4944 5.0295e+00    291.033    103.805     19.224    33.6206    25.7582    1490.90 0.0000e+00
        461 148.577011     19.347     19.526    10.6812  37.372681     1.5326 4.8920e+00    290.906    103.760     19.347    33.6208    25.7584    1490.91 0.0000e+00
        462 148.577011     19.469     19.649    10.6811  37.372826     1.5421 4.8104e+00    290.710    103.691     19.469    33.6210    25.7586    1490.91 0.0000e+00
        463 148.577026     19.589     19.769    10.6810  37.372990     1.8092 4.7395e+00    290.530    103.627     19.589    33.6212    25.7587    1490.91 0.0000e+00
        464 148.577026     19.704     19.886    10.6810  37.373123     1.8111 4.7085e+00    290.528    103.625     19.704    33.6213    25.7588    1490.91 0.0000e+00
        465 148.577026     19.815     19.998    10.6811  37.373169     1.6184 4.6604e+00    290.557    103.635     19.815    33.6212    25.7587    1490.91 0.0000e+00
        466 148.577026     19.924     20.108    10.6811  37.373119     1.6184 4.6331e+00    290.501    103.614     19.924    33.6211    25.7586    1490.92 0.0000e+00
        467 148.577026     20.032     20.217    10.6811  37.373035     1.5879 4.5399e+00    290.542    103.628     20.032    33.6210    25.7586    1490.92 0.0000e+00
        468 148.577042     20.141     20.327    10.6810  37.372959     1.5993 4.4818e+00    290.765    103.707     20.141    33.6210    25.7586    1490.92 0.0000e+00
        469 148.577042     20.252     20.439    10.6808  37.372898     1.5726 4.3620e+00    290.950    103.773     20.252    33.6210    25.7587    1490.92 0.0000e+00
        470 148.577042     20.364     20.552    10.6806  37.372852     1.5917 4.2697e+00    291.077    103.818     20.364    33.6211    25.7587    1490.92 0.0000e+00
        471 148.577042     20.477     20.667    10.6804  37.372818     1.4467 4.1702e+00    291.241    103.877     20.477    33.6212    25.7588    1490.92 0.0000e+00
        472 148.577042     20.592     20.782    10.6803  37.372810     1.4410 4.1105e+00    291.252    103.881     20.592    33.6213    25.7589    1490.92 0.0000e+00
        473 148.577042     20.707     20.899    10.6802  37.372845     1.4105 4.0499e+00    291.159    103.847     20.707    33.6213    25.7590    1490.93 0.0000e+00
        474 148.577057     20.824     21.016    10.6801  37.372932     1.4105 3.9885e+00    291.227    103.872     20.824    33.6214    25.7591    1490.93 0.0000e+00
        475 148.577057     20.941     21.134    10.6801  37.373081     1.6737 3.9262e+00    291.128    103.837     20.941    33.6216    25.7592    1490.93 0.0000e+00
        476 148.577057     21.059     21.254    10.6801  37.373264     1.6814 3.8138e+00    290.934    103.767     21.059    33.6217    25.7593    1490.93 0.0000e+00
        477 148.577057     21.178     21.374    10.6801  37.373455     1.5402 3.6660e+00    290.915    103.760     21.178    33.6218    25.7594    1490.93 0.0000e+00
        478 148.577057     21.295     21.492    10.6802  37.373634     1.5307 3.5860e+00    290.941    103.769     21.295    33.6218    25.7594    1490.94 0.0000e+00
        479 148.577072     21.409     21.607    10.6803  37.373787     1.7729 3.5270e+00    290.816    103.724     21.409    33.6218    25.7594    1490.94 0.0000e+00
        480 148.577072     21.519     21.718    10.6804  37.373871     1.7672 3.5510e+00    290.723    103.688     21.519    33.6218    25.7594    1490.94 0.0000e+00
        481 148.577072     21.625     21.825    10.6804  37.373829     1.4658 3.5247e+00    290.678    103.669     21.625    33.6217    25.7593    1490.94 0.0000e+00
