Loch_Etive/CTD_data_US/2025-05-28/sbe55_sbe19p_5215_20250528_re6_1m.cnv
* Sea-Bird SBE 19plus Data File:
* FileName = C:\Data\sbe55_sbe19p_5215\2025-05-28\sbe55_sbe19p_5215_20250528_re6070.hex
* Software Version SeatermAF 2.1.4
* Temperature SN = 5215
* Conductivity SN = 5215
* System UpLoad Time = May 28 2025 12:17:43 (localtime) = May 28 2025 12:17:43 (UTC)
* ds
* SeacatPlus V 1.6b  SERIAL NO. 5215    28 May 2025  12:17:05
# nquan = 15
# nvalues = 119                         
# units = specified
# name 0 = scan: Scan Count
# name 1 = timeJ: Julian Days
# name 2 = depSM: Depth [salt water, m], lat = 56.00
# name 3 = prdM: Pressure, Strain Gauge [db]
# name 4 = tv290C: Temperature [ITS-90, deg C]
# name 5 = c0mS/cm: Conductivity [mS/cm]
# name 6 = flECO-AFL: Fluorescence, WET Labs ECO-AFL/FL [mg/m^3]
# name 7 = par/sat/log: PAR/Logarithmic, Satlantic [umol photons/m^2/sec]
# name 8 = sbeox0Mm/L: Oxygen, SBE 43 [umol/l]
# name 9 = sbeox0PS: Oxygen, SBE 43 [% saturation]
# name 10 = depSM: Depth [salt water, m], lat = 56
# name 11 = sal00: Salinity, Practical [PSU]
# name 12 = sigma-é00: Density [sigma-theta, kg/m^3]
# name 13 = svCM: Sound Velocity [Chen-Millero, m/s]
# name 14 = flag: flag
# span 0 =        203,       1589       
# span 1 = 148.506649, 148.510659       
# span 2 =      1.000,     60.000       
# span 3 =      1.009,     60.560       
# span 4 =    11.8640,    12.3703       
# span 5 =  24.347413,  34.655053       
# span 6 =     1.0843,     3.7864       
# span 7 = 5.3082e-02, 2.4106e+02       
# span 8 =    244.263,    287.928       
# span 9 =     83.249,    100.858       
# span 10 =      1.000,     60.000      
# span 11 =    20.0478,    29.5215      
# span 12 =    14.9544,    22.2721      
# span 13 =    1480.21,    1492.56      
# span 14 = 0.0000e+00, 0.0000e+00      
# interval = meters: 1                  
# start_time = May 28 2025 12:08:44 [Instrument's time stamp, header]
# bad_flag = -9.990e-29
*END*
        203 148.506649      1.000      1.009    12.3308  24.347413     3.7864 2.2917e+02    244.263     83.249      1.000    20.0478    14.9544    1480.21 0.0000e+00
        322 148.506994      2.000      2.018    12.3133  27.099097     3.6736 1.0906e+02    271.631     94.976      2.000    22.5566    16.8948    1483.14 0.0000e+00
        337 148.507036      3.000      3.028    12.1021  29.783755     2.9848 5.3611e+01    268.134     94.007      3.000    25.1681    18.9496    1485.51 0.0000e+00
        349 148.507072      4.000      4.037    11.9597  31.077382     2.4526 3.1851e+01    266.900     93.763      4.000    26.4753    19.9857    1486.58 0.0000e+00
        361 148.507107      5.000      5.046    11.9183  31.490568     2.3551 2.1015e+01    265.944     93.495      5.000    26.8940    20.3171    1486.95 0.0000e+00
        373 148.507141      6.000      6.055    11.8872  31.802981     2.1516 1.4243e+01    265.066     93.339      6.000    27.2112    20.5683    1487.24 0.0000e+00
        384 148.507174      7.000      7.065    11.8777  31.976508     2.2004 9.8656e+00    265.339     93.566      7.000    27.3821    20.7023    1487.43 0.0000e+00
        396 148.507207      8.000      8.073    11.8640  32.309729     1.8720 6.9986e+00    265.749     93.766      8.000    27.7076    20.9569    1487.78 0.0000e+00
        408 148.507242      9.000      9.083    11.8728  32.461548     1.7907 5.1075e+00    266.047     93.951      9.000    27.8447    21.0616    1487.99 0.0000e+00
        419 148.507275     10.000     10.092    11.8820  32.544613     1.8353 3.7856e+00    266.353     94.084     10.000    27.9163    21.1154    1488.13 0.0000e+00
        431 148.507309     11.000     11.101    11.8907  32.621512     1.7746 2.7767e+00    266.762     94.244     11.000    27.9824    21.1652    1488.25 0.0000e+00
        442 148.507342     12.000     12.111    11.8918  32.652327     1.8254 2.0416e+00    267.009     94.364     12.000    28.0105    21.1867    1488.31 0.0000e+00
        454 148.507374     13.000     13.120    11.8911  32.689521     1.7235 1.5128e+00    267.088     94.508     13.000    28.0459    21.2143    1488.36 0.0000e+00
        465 148.507407     14.000     14.129    11.8928  32.794617     1.7147 1.1212e+00    267.785     94.788     14.000    28.1441    21.2902    1488.50 0.0000e+00
        476 148.507439     15.000     15.138    11.9058  32.929259     1.6368 8.2515e-01    268.193     94.982     15.000    28.2617    21.3790    1488.71 0.0000e+00
        487 148.507470     16.000     16.147    11.9119  32.962353     1.6272 6.0449e-01    268.688     95.192     16.000    28.2882    21.3985    1488.78 0.0000e+00
        497 148.507500     17.000     17.157    11.9223  33.020689     1.6528 4.4703e-01    268.639     95.184     17.000    28.3354    21.4332    1488.88 0.0000e+00
        507 148.507530     18.000     18.166    11.9292  33.035662     1.7132 3.3141e-01    268.815     95.267     18.000    28.3440    21.4387    1488.94 0.0000e+00
        518 148.507561     19.000     19.175    11.9361  33.049647     1.7714 2.4577e-01    268.787     95.258     19.000    28.3517    21.4434    1488.99 0.0000e+00
        528 148.507590     20.000     20.185    11.9418  33.057383     1.7424 1.8649e-01    268.916     95.316     20.000    28.3543    21.4445    1489.02 0.0000e+00
        538 148.507620     21.000     21.194    11.9423  33.061188     1.8281 1.4415e-01    269.138     95.429     21.000    28.3572    21.4467    1489.05 0.0000e+00
        549 148.507649     22.000     22.203    11.9449  33.078953     1.7562 1.0540e-01    269.442     95.619     22.000    28.3717    21.4574    1489.09 0.0000e+00
        559 148.507678     23.000     23.213    11.9528  33.149092     1.8112 7.9109e-02    270.026     95.834     23.000    28.4319    21.5027    1489.21 0.0000e+00
        569 148.507708     24.000     24.222    11.9655  33.222761     1.8435 6.1953e-02    270.090     95.912     24.000    28.4918    21.5469    1489.34 0.0000e+00
        579 148.507738     25.000     25.231    11.9680  33.242465     1.7414 5.4007e-02    271.004     96.359     25.000    28.5082    21.5592    1489.38 0.0000e+00
        590 148.507769     26.000     26.240    11.9797  33.348292     1.7761 5.3114e-02    272.658     96.997     26.000    28.5994    21.6278    1489.55 0.0000e+00
        600 148.507798     27.000     27.250    12.0017  33.478922     1.8577 5.3146e-02    272.403     96.938     27.000    28.7062    21.7066    1489.77 0.0000e+00
        611 148.507831     28.000     28.259    12.0091  33.523442     1.8845 5.3099e-02    272.684     97.158     28.000    28.7424    21.7334    1489.85 0.0000e+00
        622 148.507861     29.000     29.268    12.0164  33.602054     1.7356 5.3109e-02    273.679     97.611     29.000    28.8111    21.7854    1489.98 0.0000e+00
        633 148.507894     30.000     30.278    12.0397  33.768432     1.7138 5.3088e-02    274.450     97.932     30.000    28.9508    21.8894    1490.24 0.0000e+00
        644 148.507926     31.000     31.287    12.0516  33.862578     1.6849 5.3090e-02    274.327     97.986     31.000    29.0306    21.9492    1490.39 0.0000e+00
        655 148.507957     32.000     32.296    12.0584  33.925743     1.6655 5.3144e-02    274.442     98.151     32.000    29.0849    21.9900    1490.50 0.0000e+00
        665 148.507986     33.000     33.306    12.0852  34.032783     1.5998 5.3119e-02    275.225     98.552     33.000    29.1654    22.0476    1490.71 0.0000e+00
        675 148.508017     34.000     34.315    12.1243  34.145206     1.5097 5.3097e-02    276.915     99.210     34.000    29.2412    22.0993    1490.95 0.0000e+00
        686 148.508047     35.000     35.324    12.1609  34.228031     1.3882 5.3100e-02    276.655     99.173     35.000    29.2909    22.1311    1491.15 0.0000e+00
        696 148.508075     36.000     36.334    12.1749  34.262585     1.3272 5.3094e-02    276.973     99.386     36.000    29.3123    22.1453    1491.24 0.0000e+00
        706 148.508107     37.000     37.343    12.1948  34.342313     1.3604 5.3119e-02    277.540     99.611     37.000    29.3720    22.1878    1491.40 0.0000e+00
        717 148.508135     38.000     38.353    12.2225  34.388529     1.2920 5.3100e-02    277.498     99.614     38.000    29.3936    22.1996    1491.53 0.0000e+00
        727 148.508168     39.000     39.362    12.2308  34.404967     1.2186 5.3096e-02    277.314     99.549     39.000    29.4023    22.2049    1491.59 0.0000e+00
        738 148.508197     40.000     40.371    12.2347  34.412276     1.2276 5.3124e-02    277.319     99.562     40.000    29.4058    22.2069    1491.62 0.0000e+00
        749 148.508228     41.000     41.381    12.2351  34.417570     1.3286 5.3087e-02    276.917     99.434     41.000    29.4102    22.2102    1491.65 0.0000e+00
        760 148.508259     42.000     42.390    12.2390  34.430372     1.2623 5.3109e-02    277.559     99.703     42.000    29.4188    22.2162    1491.69 0.0000e+00
        771 148.508292     43.000     43.399    12.2471  34.448988     1.1506 5.3110e-02    278.693    100.164     43.000    29.4297    22.2232    1491.74 0.0000e+00
        781 148.508323     44.000     44.409    12.2615  34.472304     1.1785 5.3096e-02    278.386    100.118     44.000    29.4401    22.2287    1491.82 0.0000e+00
        792 148.508354     45.000     45.418    12.2876  34.521250     1.1748 5.3108e-02    278.667    100.236     45.000    29.4657    22.2437    1491.96 0.0000e+00
        803 148.508385     46.000     46.428    12.3047  34.540586     1.1480 5.3126e-02    278.553    100.204     46.000    29.4701    22.2440    1492.04 0.0000e+00
        813 148.508413     47.000     47.437    12.3118  34.552556     1.1525 5.3091e-02    278.693    100.255     47.000    29.4755    22.2469    1492.09 0.0000e+00
        823 148.508445     48.000     48.446    12.3140  34.554250     1.2650 5.3108e-02    278.905    100.330     48.000    29.4750    22.2461    1492.11 0.0000e+00
        834 148.508474     49.000     49.456    12.3141  34.554366     1.1768 5.3116e-02    278.494    100.181     49.000    29.4747    22.2459    1492.13 0.0000e+00
        845 148.508506     50.000     50.465    12.3135  34.553150     1.1599 5.3114e-02    278.342    100.127     50.000    29.4736    22.2452    1492.14 0.0000e+00
        856 148.508539     51.000     51.475    12.3138  34.554353     1.1838 5.3129e-02    278.780    100.305     51.000    29.4741    22.2456    1492.16 0.0000e+00
        867 148.508569     52.000     52.484    12.3154  34.558787     1.1539 5.3111e-02    279.950    100.747     52.000    29.4767    22.2473    1492.19 0.0000e+00
        878 148.508603     53.000     53.494    12.3241  34.573222     1.1265 5.3121e-02    280.041    100.794     53.000    29.4831    22.2507    1492.24 0.0000e+00
        889 148.508634     54.000     54.503    12.3328  34.587227     1.1311 5.3100e-02    279.913    100.750     54.000    29.4892    22.2538    1492.29 0.0000e+00
        900 148.508668     55.000     55.512    12.3355  34.590305     1.1472 5.3100e-02    279.966    100.783     55.000    29.4896    22.2537    1492.32 0.0000e+00
        911 148.508698     56.000     56.522    12.3377  34.595584     1.1678 5.3107e-02    280.124    100.858     56.000    29.4924    22.2555    1492.35 0.0000e+00
        922 148.508728     57.000     57.531    12.3433  34.605802     1.1361 5.3122e-02    279.661    100.689     57.000    29.4973    22.2583    1492.39 0.0000e+00
        933 148.508761     58.000     58.541    12.3478  34.612110     1.1135 5.3105e-02    279.753    100.735     58.000    29.4994    22.2591    1492.43 0.0000e+00
        947 148.508801     59.000     59.550    12.3496  34.617439     1.0920 5.3111e-02    279.438    100.672     59.000    29.5026    22.2613    1492.45 0.0000e+00
        971 148.508871     60.000     60.560    12.3703  34.655053     1.1086 5.3105e-02    279.597    100.717     60.000    29.5215    22.2721    1492.56 0.0000e+00
        990 148.508926     59.000     59.551    12.3664  34.643282     1.1180 5.3129e-02    279.648    100.698     59.000    29.5138    22.2669    1492.52 0.0000e+00
       1001 148.508957     58.000     58.541    12.3580  34.627052     1.1340 5.3117e-02    279.902    100.776     58.000    29.5055    22.2619    1492.47 0.0000e+00
       1011 148.508987     57.000     57.531    12.3514  34.615652     1.1411 5.3115e-02    279.815    100.733     57.000    29.5003    22.2591    1492.42 0.0000e+00
       1022 148.509019     56.000     56.522    12.3463  34.606318     1.0843 5.3098e-02    280.077    100.813     56.000    29.4958    22.2566    1492.38 0.0000e+00
       1033 148.509051     55.000     55.513    12.3414  34.597410     1.1271 5.3095e-02    279.948    100.753     55.000    29.4917    22.2542    1492.34 0.0000e+00
       1044 148.509081     54.000     54.503    12.3362  34.588545     1.0896 5.3104e-02    279.921    100.729     54.000    29.4877    22.2521    1492.30 0.0000e+00
       1055 148.509114     53.000     53.493    12.3308  34.579091     1.1311 5.3103e-02    280.008    100.753     53.000    29.4834    22.2497    1492.26 0.0000e+00
       1065 148.509144     52.000     52.484    12.3259  34.571887     1.1324 5.3099e-02    280.027    100.754     52.000    29.4808    22.2486    1492.23 0.0000e+00
       1076 148.509176     51.000     51.475    12.3234  34.568118     1.1238 5.3103e-02    279.574    100.582     51.000    29.4796    22.2481    1492.20 0.0000e+00
       1086 148.509205     50.000     50.465    12.3208  34.563450     1.1159 5.3117e-02    279.350    100.492     50.000    29.4776    22.2469    1492.17 0.0000e+00
       1097 148.509236     49.000     49.456    12.3173  34.557545     1.1197 5.3091e-02    279.156    100.416     49.000    29.4752    22.2457    1492.14 0.0000e+00
       1107 148.509265     48.000     48.446    12.3139  34.552060     1.1748 5.3122e-02    278.782    100.280     48.000    29.4730    22.2446    1492.11 0.0000e+00
       1117 148.509295     47.000     47.437    12.3122  34.549521     1.1326 5.3109e-02    278.395    100.129     47.000    29.4723    22.2444    1492.09 0.0000e+00
       1127 148.509324     46.000     46.428    12.3109  34.545604     1.1114 5.3083e-02    278.387    100.102     46.000    29.4700    22.2428    1492.06 0.0000e+00
       1138 148.509354     45.000     45.418    12.3056  34.534394     1.1749 5.3094e-02    278.742    100.208     45.000    29.4639    22.2390    1492.02 0.0000e+00
       1148 148.509384     44.000     44.409    12.2959  34.518409     1.2365 5.3143e-02    278.432    100.068     44.000    29.4568    22.2353    1491.96 0.0000e+00
       1158 148.509412     43.000     43.400    12.2880  34.506592     1.2673 5.3112e-02    278.706    100.105     43.000    29.4522    22.2331    1491.91 0.0000e+00
       1168 148.509443     42.000     42.390    12.2743  34.478403     1.2003 5.3123e-02    278.043     99.832     42.000    29.4366    22.2235    1491.83 0.0000e+00
       1178 148.509471     41.000     41.381    12.2530  34.440651     1.2376 5.3102e-02    278.199     99.876     41.000    29.4180    22.2130    1491.72 0.0000e+00
       1188 148.509501     40.000     40.371    12.2421  34.422202     1.1907 5.3118e-02    277.951     99.778     40.000    29.4095    22.2083    1491.65 0.0000e+00
       1198 148.509528     39.000     39.362    12.2387  34.412875     1.2380 5.3082e-02    278.238     99.866     39.000    29.4036    22.2044    1491.62 0.0000e+00
       1208 148.509558     38.000     38.353    12.2357  34.404478     1.1597 5.3094e-02    277.872     99.694     38.000    29.3984    22.2009    1491.59 0.0000e+00
       1218 148.509586     37.000     37.343    12.2297  34.390090     1.2647 5.3107e-02    277.535     99.486     37.000    29.3899    22.1954    1491.54 0.0000e+00
       1228 148.509615     36.000     36.334    12.2138  34.351629     1.2284 5.3093e-02    276.706     99.131     36.000    29.3662    22.1800    1491.44 0.0000e+00
       1238 148.509643     35.000     35.325    12.1870  34.276767     1.2195 5.3109e-02    276.618     99.045     35.000    29.3166    22.1463    1491.27 0.0000e+00
       1248 148.509673     34.000     34.315    12.1712  34.229955     1.3075 5.3099e-02    275.876     98.657     34.000    29.2850    22.1247    1491.16 0.0000e+00
       1258 148.509701     33.000     33.306    12.1507  34.165567     1.3922 5.3085e-02    274.695     98.129     33.000    29.2403    22.0937    1491.02 0.0000e+00
       1268 148.509731     32.000     32.296    12.1139  34.058722     1.4587 5.3104e-02    274.458     97.957     32.000    29.1681    22.0445    1490.79 0.0000e+00
       1278 148.509761     31.000     31.287    12.0810  33.960204     1.6173 5.3103e-02    274.717     97.997     31.000    29.1004    21.9980    1490.58 0.0000e+00
       1289 148.509791     30.000     30.278    12.0610  33.886965     1.6924 5.3127e-02    274.366     97.784     30.000    29.0469    21.9600    1490.43 0.0000e+00
       1299 148.509821     29.000     29.268    12.0528  33.812686     1.6011 5.3086e-02    273.557     97.387     29.000    28.9830    21.9120    1490.31 0.0000e+00
       1309 148.509849     28.000     28.259    12.0376  33.683316     1.6262 5.3111e-02    272.701     97.015     28.000    28.8723    21.8289    1490.11 0.0000e+00
       1319 148.509879     27.000     27.250    12.0216  33.570247     1.8367 5.3106e-02    272.810     96.987     27.000    28.7776    21.7584    1489.92 0.0000e+00
       1329 148.509908     26.000     26.240    12.0105  33.488988     1.8936 5.4020e-02    271.565     96.443     26.000    28.7094    21.7075    1489.79 0.0000e+00
       1339 148.509935     25.000     25.231    11.9979  33.400489     1.7749 5.5351e-02    270.203     95.898     25.000    28.6354    21.6524    1489.64 0.0000e+00
       1348 148.509964     24.000     24.222    11.9792  33.282959     1.8406 7.1814e-02    269.632     95.643     24.000    28.5385    21.5807    1489.44 0.0000e+00
