Loch_Etive/CTD_data_US/2025-05-28/sbe55_sbe19p_5215_20250528_re6.cnv
* Sea-Bird SBE 19plus Data File:
* FileName = C:\Data\sbe55_sbe19p_5215\2025-05-28\sbe55_sbe19p_5215_20250528_re6070.hex
* Software Version SeatermAF 2.1.4
* Temperature SN = 5215
* Conductivity SN = 5215
* System UpLoad Time = May 28 2025 12:17:43 (localtime) = May 28 2025 12:17:43 (UTC)
* ds
* SeacatPlus V 1.6b  SERIAL NO. 5215    28 May 2025  12:17:05
# nquan = 15                                
# nvalues = 1646                        
# units = specified
# name 0 = scan: Scan Count
# name 1 = timeJ: Julian Days
# name 2 = depSM: Depth [salt water, m], lat = 56.00
# name 3 = prdM: Pressure, Strain Gauge [db]
# name 4 = tv290C: Temperature [ITS-90, deg C]
# name 5 = c0mS/cm: Conductivity [mS/cm]
# name 6 = flECO-AFL: Fluorescence, WET Labs ECO-AFL/FL [mg/m^3]
# name 7 = par/sat/log: PAR/Logarithmic, Satlantic [umol photons/m^2/sec]
# name 8 = sbeox0Mm/L: Oxygen, SBE 43 [umol/l]
# name 9 = sbeox0PS: Oxygen, SBE 43 [% saturation]
# name 10 = depSM: Depth [salt water, m], lat = 56
# name 11 = sal00: Salinity, Practical [PSU]
# name 12 = sigma-é00: Density [sigma-theta, kg/m^3]
# name 13 = svCM: Sound Velocity [Chen-Millero, m/s]
# name 14 = flag: flag
# span 0 =          1,       1646       
# span 1 = 148.506058, 148.510818       
# span 2 =     -0.126,     60.217       
# span 3 =     -0.127,     60.779       
# span 4 =    10.8989,    12.5849       
# span 5 =   0.013461,  34.659657       
# span 6 =     0.0830,     4.4909       
# span 7 = 5.2948e-02, 4.7185e+02       
# span 8 =    203.486,    354.124       
# span 9 =     68.536,    106.933       
# span 10 =     -0.126,     60.217      
# span 11 =     0.0120,    29.5236      
# span 12 =    -0.3733,    22.2737      
# span 13 =    1450.82,    1492.58      
# span 14 = 0.0000e+00, 0.0000e+00      
# interval = seconds: 0.25
# start_time = May 28 2025 12:08:44 [Instrument's time stamp, header]
# bad_flag = -9.990e-29
*END*
[from data line 290]
        291 148.506897      0.790      0.797    12.5833  23.652550     3.3579 3.0580e+02    289.386     98.350      0.790    19.2877    14.3264    1480.20 0.0000e+00
        292 148.506912      0.791      0.798    12.5825  23.665041     3.4152 3.2318e+02    289.199     98.319      0.791    19.2993    14.3354    1480.21 0.0000e+00
        293 148.506912      0.792      0.799    12.5815  23.681101     3.4113 2.7321e+02    289.087     98.297      0.792    19.3141    14.3470    1480.23 0.0000e+00
        294 148.506912      0.793      0.800    12.5803  23.696589     3.8577 2.9108e+02    288.859     98.262      0.793    19.3286    14.3584    1480.24 0.0000e+00
        295 148.506912      0.794      0.802    12.5788  23.706604     3.8634 2.9822e+02    288.817     98.253      0.794    19.3383    14.3661    1480.25 0.0000e+00
        296 148.506912      0.796      0.803    12.5775  23.709791     3.6688 2.7900e+02    288.838     98.275      0.796    19.3418    14.3691    1480.25 0.0000e+00
        297 148.506927      0.797      0.804    12.5766  23.706364     3.6784 2.7441e+02    288.793     98.246      0.797    19.3392    14.3672    1480.24 0.0000e+00
        298 148.506927      0.800      0.807    12.5763  23.698582     3.8443 3.1228e+02    288.637     98.220      0.800    19.3324    14.3620    1480.23 0.0000e+00
        299 148.506927      0.803      0.811    12.5766  23.690283     3.8405 3.1317e+02    288.526     98.254      0.803    19.3248    14.3561    1480.22 0.0000e+00
        300 148.506927      0.808      0.815    12.5773  23.682146     3.7985 2.7441e+02    287.526     98.248      0.808    19.3172    14.3501    1480.22 0.0000e+00
        301 148.506927      0.814      0.821    12.5782  23.673449     3.8195 3.0281e+02    285.652     98.199      0.814    19.3090    14.3436    1480.21 0.0000e+00
        302 148.506943      0.821      0.829    12.5792  23.665852     3.6250 2.9197e+02    284.819     98.161      0.821    19.3017    14.3379    1480.21 0.0000e+00
        303 148.506943      0.831      0.838    12.5801  23.662365     3.6231 2.8572e+02    284.583     98.014      0.831    19.2981    14.3349    1480.20 0.0000e+00
        304 148.506943      0.843      0.851    12.5808  23.666088     3.5925 3.0374e+02    284.107     97.814      0.843    19.3011    14.3371    1480.21 0.0000e+00
        305 148.506943      0.859      0.867    12.5811  23.680033     3.5792 2.8798e+02    283.679     97.665      0.859    19.3134    14.3465    1480.23 0.0000e+00
        306 148.506943      0.880      0.888    12.5805  23.709585     3.4972 3.0084e+02    282.956     97.477      0.880    19.3401    14.3672    1480.26 0.0000e+00
        307 148.506943      0.906      0.914    12.5788  23.763826     3.5067 2.9933e+02    282.455     97.341      0.906    19.3894    14.4056    1480.31 0.0000e+00
        308 148.506958      0.940      0.949    12.5752  23.840878     3.5315 2.6389e+02    281.067     97.092      0.940    19.4601    14.4607    1480.38 0.0000e+00
        309 148.506958      0.982      0.991    12.5693  23.925320     3.5353 2.6528e+02    280.733     96.951      0.982    19.5387    14.5223    1480.45 0.0000e+00
        310 148.506958      1.032      1.042    12.5613  24.010443     3.5143 2.6006e+02    280.316     96.818      1.032    19.6190    14.5855    1480.52 0.0000e+00
        311 148.506958      1.088      1.098    12.5521  24.098259     4.0732 2.4753e+02    279.589     96.698      1.088    19.7024    14.6514    1480.59 0.0000e+00
        312 148.506958      1.148      1.158    12.5423  24.189470     4.0866 2.0292e+02    279.348     96.711      1.148    19.7893    14.7201    1480.66 0.0000e+00
        313 148.506973      1.211      1.222    12.5321  24.286375     3.7738 1.9391e+02    278.737     96.656      1.211    19.8816    14.7929    1480.73 0.0000e+00
        314 148.506973      1.277      1.289    12.5215  24.397638     3.7871 1.9600e+02    278.432     96.653      1.277    19.9870    14.8760    1480.82 0.0000e+00
        315 148.506973      1.346      1.358    12.5103  24.542042     3.7070 1.9105e+02    277.994     96.621      1.346    20.1227    14.9826    1480.94 0.0000e+00
        316 148.506973      1.416      1.429    12.4977  24.749388     3.7165 1.7340e+02    277.474     96.598      1.416    20.3159    15.1338    1481.13 0.0000e+00
        317 148.506973      1.488      1.502    12.4821  25.056158     3.8615 1.5927e+02    276.721     96.498      1.488    20.6007    15.3562    1481.41 0.0000e+00
        318 148.506989      1.561      1.575    12.4610  25.477886     3.8634 1.4570e+02    276.676     96.451      1.561    20.9932    15.6626    1481.80 0.0000e+00
        319 148.506989      1.635      1.650    12.4323  25.955332     3.5849 1.3981e+02    276.212     96.292      1.635    21.4417    16.0136    1482.23 0.0000e+00
        320 148.506989      1.710      1.726    12.3976  26.375751     3.5945 1.3929e+02    275.123     96.051      1.710    21.8435    16.3297    1482.59 0.0000e+00
        321 148.506989      1.786      1.803    12.3623  26.683237     3.4991 1.3377e+02    274.458     95.859      1.786    22.1442    16.5679    1482.82 0.0000e+00
        322 148.506989      1.863      1.880    12.3318  26.904739     3.4915 1.1939e+02    273.304     95.612      1.863    22.3644    16.7431    1482.97 0.0000e+00
        323 148.507004      1.940      1.958    12.3081  27.085297     3.5143 1.0466e+02    272.369     95.365      1.940    22.5437    16.8855    1483.10 0.0000e+00
        324 148.507004      2.017      2.035    12.2901  27.253990     3.5163 9.8577e+01    271.725     95.110      2.017    22.7089    17.0162    1483.24 0.0000e+00
        325 148.507004      2.094      2.113    12.2760  27.428484     3.6746 9.7676e+01    270.900     94.867      2.094    22.8774    17.1488    1483.39 0.0000e+00
        326 148.507004      2.171      2.191    12.2640  27.605947     3.6708 9.4694e+01    270.096     94.611      2.171    23.0476    17.2824    1483.55 0.0000e+00
        327 148.507004      2.249      2.270    12.2528  27.771221     3.6669 8.6716e+01    269.682     94.458      2.249    23.2063    17.4069    1483.70 0.0000e+00
        328 148.507004      2.328      2.349    12.2421  27.938257     3.6746 7.9636e+01    269.255     94.332      2.328    23.3666    17.5326    1483.85 0.0000e+00
        329 148.507019      2.406      2.428    12.2313  28.129694     3.9817 7.5126e+01    269.127     94.295      2.406    23.5497    17.6759    1484.03 0.0000e+00
        330 148.507019      2.483      2.506    12.2191  28.347084     3.9969 7.3551e+01    268.925     94.229      2.483    23.7577    17.8388    1484.24 0.0000e+00
        331 148.507019      2.561      2.584    12.2047  28.584450     3.0776 7.0917e+01    268.905     94.219      2.561    23.9861    18.0178    1484.46 0.0000e+00
        332 148.507019      2.639      2.663    12.1877  28.833645     3.0737 6.6217e+01    268.721     94.165      2.639    24.2275    18.2073    1484.69 0.0000e+00
        333 148.507019      2.717      2.742    12.1685  29.088858     3.0642 6.2453e+01    268.646     94.147      2.717    24.4763    18.4030    1484.92 0.0000e+00
        334 148.507034      2.797      2.823    12.1481  29.341293     3.4953 5.8594e+01    268.469     94.087      2.797    24.7239    18.5980    1485.14 0.0000e+00
        335 148.507034      2.877      2.904    12.1272  29.569107     3.4991 5.6139e+01    268.199     94.005      2.877    24.9495    18.7760    1485.34 0.0000e+00
        336 148.507034      2.958      2.985    12.1070  29.760210     3.0261 5.5263e+01    268.211     93.999      2.958    25.1409    18.9275    1485.50 0.0000e+00
        337 148.507034      3.038      3.066    12.0884  29.934832     3.0470 5.2247e+01    268.022     93.940      3.038    25.3161    19.0663    1485.64 0.0000e+00
        338 148.507034      3.117      3.146    12.0715  30.111965     2.9288 4.8160e+01    267.874     93.897      3.117    25.4929    19.2060    1485.79 0.0000e+00
        339 148.507050      3.196      3.226    12.0555  30.290297     2.9192 4.5363e+01    267.823     93.918      3.196    25.6705    19.3462    1485.95 0.0000e+00
        340 148.507050      3.276      3.306    12.0397  30.462282     2.6064 4.3978e+01    267.777     93.955      3.276    25.8423    19.4819    1486.10 0.0000e+00
        341 148.507050      3.355      3.386    12.0241  30.610456     2.6236 4.3122e+01    267.518     93.888      3.355    25.9918    19.6003    1486.22 0.0000e+00
        342 148.507050      3.435      3.467    12.0096  30.726431     2.4805 4.2719e+01    267.583     93.906      3.435    26.1107    19.6948    1486.32 0.0000e+00
        343 148.507050      3.515      3.547    11.9970  30.819490     2.4748 4.0991e+01    267.471     93.885      3.515    26.2068    19.7714    1486.39 0.0000e+00
        344 148.507065      3.594      3.627    11.9865  30.893961     2.4386 3.7768e+01    267.245     93.809      3.594    26.2841    19.8331    1486.44 0.0000e+00
        345 148.507065      3.673      3.706    11.9778  30.951868     2.4558 3.5165e+01    267.311     93.837      3.673    26.3446    19.8814    1486.49 0.0000e+00
        346 148.507065      3.750      3.785    11.9707  30.998598     2.5893 3.4308e+01    267.291     93.841      3.750    26.3936    19.9205    1486.52 0.0000e+00
        347 148.507065      3.828      3.863    11.9648  31.036221     2.5645 3.4017e+01    267.046     93.804      3.828    26.4330    19.9521    1486.55 0.0000e+00
        348 148.507065      3.907      3.943    11.9601  31.065660     2.5340 3.3625e+01    267.104     93.854      3.907    26.4641    19.9770    1486.57 0.0000e+00
        349 148.507065      3.986      4.022    11.9562  31.089779     2.5378 3.2734e+01    267.107     93.877      3.986    26.4895    19.9973    1486.59 0.0000e+00
        350 148.507080      4.065      4.103    11.9531  31.111443     2.5359 3.1342e+01    266.788     93.755      4.065    26.5120    20.0153    1486.61 0.0000e+00
        351 148.507080      4.146      4.184    11.9505  31.131702     2.5454 2.9528e+01    266.728     93.733      4.146    26.5329    20.0319    1486.62 0.0000e+00
        352 148.507080      4.227      4.266    11.9481  31.151247     2.3680 2.7984e+01    266.751     93.743      4.227    26.5530    20.0479    1486.64 0.0000e+00
        353 148.507080      4.309      4.349    11.9458  31.170919     2.3566 2.7088e+01    266.548     93.675      4.309    26.5731    20.0638    1486.66 0.0000e+00
        354 148.507080      4.392      4.432    11.9436  31.192194     2.2841 2.6468e+01    266.338     93.604      4.392    26.5947    20.0810    1486.68 0.0000e+00
        355 148.507095      4.474      4.515    11.9413  31.219007     2.2707 2.5970e+01    266.134     93.540      4.474    26.6216    20.1022    1486.70 0.0000e+00
        356 148.507095      4.556      4.598    11.9388  31.255619     2.4805 2.5193e+01    266.076     93.524      4.556    26.6578    20.1306    1486.74 0.0000e+00
        357 148.507095      4.638      4.681    11.9359  31.303137     2.4825 2.4275e+01    265.956     93.485      4.638    26.7046    20.1674    1486.78 0.0000e+00
        358 148.507095      4.721      4.765    11.9322  31.355967     2.4882 2.3273e+01    266.022     93.512      4.721    26.7571    20.2087    1486.83 0.0000e+00
        359 148.507095      4.805      4.849    11.9278  31.405008     2.5073 2.2264e+01    265.906     93.474      4.805    26.8064    20.2477    1486.88 0.0000e+00
        360 148.507111      4.890      4.935    11.9232  31.447262     2.4939 2.1476e+01    265.815     93.443      4.890    26.8496    20.2819    1486.92 0.0000e+00
        361 148.507111      4.975      5.021    11.9187  31.485258     2.3642 2.0902e+01    265.932     93.484      4.975    26.8886    20.3129    1486.95 0.0000e+00
        362 148.507111      5.061      5.107    11.9146  31.520996     2.3661 2.0513e+01    266.028     93.518      5.061    26.9253    20.3420    1486.98 0.0000e+00
        363 148.507111      5.146      5.194    11.9108  31.557312     2.3604 1.9693e+01    265.961     93.494      5.146    26.9622    20.3713    1487.01 0.0000e+00
        364 148.507111      5.232      5.280    11.9073  31.598553     2.3585 1.8872e+01    266.048     93.526      5.232    27.0037    20.4040    1487.05 0.0000e+00
        365 148.507111      5.318      5.367    11.9038  31.644566     2.0457 1.8283e+01    265.858     93.482      5.318    27.0497    20.4402    1487.09 0.0000e+00
        366 148.507126      5.404      5.453    11.9002  31.688700     2.0514 1.7686e+01    265.869     93.495      5.404    27.0940    20.4752    1487.14 0.0000e+00
        367 148.507126      5.490      5.541    11.8966  31.724081     2.2383 1.7165e+01    265.634     93.443      5.490    27.1300    20.5037    1487.17 0.0000e+00
        368 148.507126      5.578      5.629    11.8933  31.748861     2.2478 1.6536e+01    265.438     93.380      5.578    27.1557    20.5242    1487.19 0.0000e+00
        369 148.507126      5.665      5.718    11.8907  31.766228     2.1487 1.6024e+01    265.383     93.372      5.665    27.1740    20.5388    1487.20 0.0000e+00
        370 148.507126      5.753      5.806    11.8888  31.779884     2.1506 1.5545e+01    264.894     93.242      5.753    27.1883    20.5502    1487.21 0.0000e+00
        371 148.507141      5.840      5.894    11.8874  31.791492     2.3013 1.5050e+01    265.005     93.308      5.840    27.2003    20.5598    1487.22 0.0000e+00
        372 148.507141      5.927      5.981    11.8864  31.802063     2.3070 1.4530e+01    264.945     93.298      5.927    27.2110    20.5682    1487.23 0.0000e+00
        373 148.507141      6.013      6.068    11.8856  31.812057     1.9560 1.4028e+01    265.001     93.321      6.013    27.2210    20.5761    1487.25 0.0000e+00
        374 148.507141      6.100      6.156    11.8851  31.821165     1.9694 1.3562e+01    264.981     93.319      6.100    27.2299    20.5831    1487.26 0.0000e+00
        375 148.507141      6.186      6.243    11.8848  31.829130     2.0953 1.3179e+01    265.114     93.383      6.186    27.2377    20.5892    1487.27 0.0000e+00
        376 148.507156      6.272      6.330    11.8845  31.836052     2.0934 1.2813e+01    265.052     93.384      6.272    27.2444    20.5944    1487.27 0.0000e+00
        377 148.507156      6.359      6.418    11.8843  31.842001     2.1963 1.2435e+01    264.894     93.341      6.359    27.2501    20.5989    1487.28 0.0000e+00
        378 148.507156      6.447      6.506    11.8842  31.847284     2.1735 1.2040e+01    264.892     93.355      6.447    27.2552    20.6028    1487.29 0.0000e+00
        379 148.507156      6.534      6.595    11.8841  31.852734     2.2250 1.1601e+01    264.653     93.280      6.534    27.2604    20.6069    1487.30 0.0000e+00
        380 148.507156      6.622      6.683    11.8840  31.859612     2.2440 1.1186e+01    264.733     93.318      6.622    27.2670    20.6120    1487.30 0.0000e+00
        381 148.507172      6.710      6.772    11.8837  31.869724     2.2478 1.0809e+01    264.907     93.392      6.710    27.2767    20.6196    1487.32 0.0000e+00
        382 148.507172      6.798      6.860    11.8832  31.885649     2.2631 1.0465e+01    264.973     93.420      6.798    27.2921    20.6316    1487.34 0.0000e+00
        383 148.507172      6.885      6.948    11.8824  31.908705     2.2574 1.0176e+01    265.170     93.497      6.885    27.3145    20.6491    1487.36 0.0000e+00
        384 148.507172      6.972      7.036    11.8809  31.938202     2.1906 9.8828e+00    265.450     93.602      6.972    27.3435    20.6718    1487.39 0.0000e+00
        385 148.507172      7.059      7.124    11.8788  31.972494     2.1639 9.5915e+00    265.494     93.627      7.059    27.3774    20.6985    1487.43 0.0000e+00
