Loch_Etive/CTD_data_US/2025-05-28/sbe55_sbe19p_5215_20250528_re6_1m.cnv
* Sea-Bird SBE 19plus Data File:
* FileName = C:\Data\sbe55_sbe19p_5215\2025-05-28\sbe55_sbe19p_5215_20250528_re6070.hex
* Software Version SeatermAF 2.1.4
* Temperature SN = 5215
* Conductivity SN = 5215
* System UpLoad Time = May 28 2025 12:17:43 (localtime) = May 28 2025 12:17:43 (UTC)
* ds
* SeacatPlus V 1.6b  SERIAL NO. 5215    28 May 2025  12:17:05
# nquan = 15
# nvalues = 119                         
# units = specified
# name 0 = scan: Scan Count
# name 1 = timeJ: Julian Days
# name 2 = depSM: Depth [salt water, m], lat = 56.00
# name 3 = prdM: Pressure, Strain Gauge [db]
# name 4 = tv290C: Temperature [ITS-90, deg C]
# name 5 = c0mS/cm: Conductivity [mS/cm]
# name 6 = flECO-AFL: Fluorescence, WET Labs ECO-AFL/FL [mg/m^3]
# name 7 = par/sat/log: PAR/Logarithmic, Satlantic [umol photons/m^2/sec]
# name 8 = sbeox0Mm/L: Oxygen, SBE 43 [umol/l]
# name 9 = sbeox0PS: Oxygen, SBE 43 [% saturation]
# name 10 = depSM: Depth [salt water, m], lat = 56
# name 11 = sal00: Salinity, Practical [PSU]
# name 12 = sigma-é00: Density [sigma-theta, kg/m^3]
# name 13 = svCM: Sound Velocity [Chen-Millero, m/s]
# name 14 = flag: flag
# span 0 =        203,       1589       
# span 1 = 148.506649, 148.510659       
# span 2 =      1.000,     60.000       
# span 3 =      1.009,     60.560       
# span 4 =    11.8640,    12.3703       
# span 5 =  24.347413,  34.655053       
# span 6 =     1.0843,     3.7864       
# span 7 = 5.3082e-02, 2.4106e+02       
# span 8 =    244.263,    287.928       
# span 9 =     83.249,    100.858       
# span 10 =      1.000,     60.000      
# span 11 =    20.0478,    29.5215      
# span 12 =    14.9544,    22.2721      
# span 13 =    1480.21,    1492.56      
# span 14 = 0.0000e+00, 0.0000e+00      
# interval = meters: 1                  
# start_time = May 28 2025 12:08:44 [Instrument's time stamp, header]
# bad_flag = -9.990e-29
*END*
[from data line 97]
       1368 148.510018     22.000     22.203    11.9578  33.146039     1.7470 1.3108e-01    269.301     95.475     22.000    28.4256    21.4969    1489.20 0.0000e+00
       1378 148.510049     21.000     21.194    11.9490  33.103831     1.8730 1.6472e-01    269.151     95.419     21.000    28.3926    21.4729    1489.11 0.0000e+00
       1388 148.510077     20.000     20.185    11.9473  33.100735     1.9136 2.2073e-01    269.296     95.474     20.000    28.3912    21.4722    1489.09 0.0000e+00
       1397 148.510105     19.000     19.175    11.9470  33.099497     1.7998 2.9400e-01    269.506     95.539     19.000    28.3907    21.4718    1489.07 0.0000e+00
       1407 148.510134     18.000     18.166    11.9476  33.099615     1.6903 3.8616e-01    269.221     95.427     18.000    28.3907    21.4716    1489.05 0.0000e+00
       1417 148.510161     17.000     17.157    11.9461  33.088069     1.7591 5.1743e-01    269.459     95.474     17.000    28.3813    21.4646    1489.02 0.0000e+00
       1426 148.510187     16.000     16.148    11.9432  33.069433     1.8163 7.0976e-01    268.661     95.152     16.000    28.3661    21.4533    1488.98 0.0000e+00
       1436 148.510216     15.000     15.138    11.9335  33.033537     1.7285 9.6603e-01    268.844     95.113     15.000    28.3398    21.4346    1488.89 0.0000e+00
       1445 148.510244     14.000     14.129    11.9235  32.977651     1.7660 1.3158e+00    267.872     94.688     14.000    28.2947    21.4014    1488.79 0.0000e+00
       1454 148.510270     13.000     13.120    11.9079  32.846086     1.6964 1.8037e+00    267.552     94.527     13.000    28.1819    21.3168    1488.59 0.0000e+00
       1464 148.510298     12.000     12.110    11.8983  32.733681     1.7588 2.4700e+00    267.240     94.378     12.000    28.0828    21.2416    1488.42 0.0000e+00
       1473 148.510325     11.000     11.101    11.8943  32.658428     1.8405 3.4269e+00    266.970     94.258     11.000    28.0148    21.1896    1488.31 0.0000e+00
       1483 148.510352     10.000     10.092    11.8915  32.603903     1.9547 4.7186e+00    266.794     94.105     10.000    27.9655    21.1519    1488.22 0.0000e+00
       1493 148.510383      9.000      9.083    11.8884  32.542887     1.7777 6.5233e+00    266.260     93.812      9.000    27.9102    21.1096    1488.13 0.0000e+00
       1504 148.510413      8.000      8.074    11.8776  32.393312     1.8671 9.0615e+00    265.806     93.552      8.000    27.7767    21.0081    1487.91 0.0000e+00
       1514 148.510443      7.000      7.065    11.8669  32.227568     1.9298 1.2815e+01    265.996     93.558      7.000    27.6279    20.8946    1487.68 0.0000e+00
       1525 148.510475      6.000      6.055    11.8702  32.049911     2.0590 1.8146e+01    266.610     93.712      6.000    27.4574    20.7619    1487.47 0.0000e+00
       1536 148.510508      5.000      5.046    11.8805  31.914027     2.1181 2.6008e+01    266.572     93.600      5.000    27.3215    20.6549    1487.33 0.0000e+00
       1548 148.510542      4.000      4.037    11.8896  31.748692     2.1730 3.7605e+01    268.204     93.934      4.000    27.1589    20.5272    1487.15 0.0000e+00
       1562 148.510580      3.000      3.027    11.9161  31.336795     2.7150 5.8447e+01    272.278     94.824      3.000    26.7513    20.2069    1486.74 0.0000e+00
       1575 148.510620      2.000      2.018    12.0083  30.317824     3.3010 1.0393e+02    280.968     96.598      2.000    25.7299    19.4003    1485.83 0.0000e+00
       1589 148.510659      1.000      1.009    12.1794  28.047113     3.7847 2.4106e+02    287.928     94.593      1.000    23.5100    17.6543    1483.78 0.0000e+00
