Loch_Etive/CTD_data_US/2025-05-28/sbe55_sbe19p_5215_20250528_re9.cnv
* Sea-Bird SBE 19plus Data File:
* FileName = C:\Data\sbe55_sbe19p_5215\2025-05-28\sbe55_sbe19p_5215_20250528_re9072.hex
* Software Version SeatermAF 2.1.4
* Temperature SN = 5215
* Conductivity SN = 5215
* System UpLoad Time = May 28 2025 13:10:54 (localtime) = May 28 2025 13:10:54 (UTC)
* ds
* SeacatPlus V 1.6b  SERIAL NO. 5215    28 May 2025  13:10:24
# nquan = 15                                
# nvalues = 1387                        
# units = specified
# name 0 = scan: Scan Count
# name 1 = timeJ: Julian Days
# name 2 = depSM: Depth [salt water, m], lat = 56.00
# name 3 = prdM: Pressure, Strain Gauge [db]
# name 4 = tv290C: Temperature [ITS-90, deg C]
# name 5 = c0mS/cm: Conductivity [mS/cm]
# name 6 = flECO-AFL: Fluorescence, WET Labs ECO-AFL/FL [mg/m^3]
# name 7 = par/sat/log: PAR/Logarithmic, Satlantic [umol photons/m^2/sec]
# name 8 = sbeox0Mm/L: Oxygen, SBE 43 [umol/l]
# name 9 = sbeox0PS: Oxygen, SBE 43 [% saturation]
# name 10 = depSM: Depth [salt water, m], lat = 56
# name 11 = sal00: Salinity, Practical [PSU]
# name 12 = sigma-é00: Density [sigma-theta, kg/m^3]
# name 13 = svCM: Sound Velocity [Chen-Millero, m/s]
# name 14 = flag: flag
# span 0 =          1,       1387       
# span 1 = 148.543777, 148.547791       
# span 2 =     -0.104,     49.851       
# span 3 =     -0.105,     50.315       
# span 4 =    11.5347,    12.4963       
# span 5 =  -0.380474,  35.413841       
# span 6 =    -0.0315,   123.8565       
# span 7 = 5.2971e-02, 6.2978e+02       
# span 8 =    175.008,    345.167       
# span 9 =     61.196,    108.606       
# span 10 =     -0.104,     49.851      
# span 11 =     0.0000,    30.8643      
# span 12 =    -0.4495,    23.4506      
# span 13 =    1453.26,    1491.37      
# span 14 = 0.0000e+00, 0.0000e+00      
# interval = seconds: 0.25
# start_time = May 28 2025 13:03:03 [Instrument's time stamp, header]
# bad_flag = -9.990e-29
*END*
[from data line 675]
        676 148.545731     33.183     33.490    11.7187  35.225887     1.7138 5.3145e-02    279.615    100.019     33.183    30.6009    23.2265    1491.15 0.0000e+00
        677 148.545746     33.275     33.583    11.7175  35.225651     1.7176 5.3098e-02    279.400     99.942     33.275    30.6016    23.2273    1491.15 0.0000e+00
        678 148.545746     33.367     33.676    11.7164  35.225506     1.5135 5.3145e-02    279.417     99.947     33.367    30.6023    23.2281    1491.14 0.0000e+00
        679 148.545746     33.459     33.769    11.7155  35.225353     1.5250 5.3133e-02    279.439     99.953     33.459    30.6029    23.2286    1491.14 0.0000e+00
        680 148.545746     33.551     33.862    11.7149  35.225185     1.7786 5.3098e-02    279.482     99.969     33.551    30.6032    23.2290    1491.14 0.0000e+00
        681 148.545746     33.643     33.954    11.7144  35.225056     1.7729 5.3214e-02    279.542     99.989     33.643    30.6034    23.2292    1491.14 0.0000e+00
        682 148.545761     33.734     34.047    11.7140  35.224991     1.8244 5.3040e-02    279.695    100.042     33.734    30.6037    23.2295    1491.14 0.0000e+00
        683 148.545761     33.826     34.140    11.7135  35.224934     1.8378 5.3098e-02    279.613    100.009     33.826    30.6040    23.2299    1491.14 0.0000e+00
        684 148.545761     33.918     34.233    11.7129  35.224880     1.5974 5.3075e-02    279.743    100.052     33.918    30.6044    23.2303    1491.14 0.0000e+00
        685 148.545761     34.010     34.325    11.7122  35.224850     1.5688 5.3064e-02    279.782    100.063     34.010    30.6049    23.2308    1491.14 0.0000e+00
        686 148.545761     34.102     34.418    11.7116  35.224834     1.5574 5.3098e-02    279.837    100.082     34.102    30.6054    23.2313    1491.14 0.0000e+00
        687 148.545776     34.193     34.510    11.7110  35.224781     1.5440 5.3191e-02    279.861    100.085     34.193    30.6058    23.2317    1491.14 0.0000e+00
        688 148.545776     34.285     34.603    11.7106  35.224712     1.7920 5.3087e-02    279.820    100.064     34.285    30.6060    23.2320    1491.14 0.0000e+00
        689 148.545776     34.377     34.696    11.7103  35.224678     1.7996 5.3133e-02    279.967    100.114     34.377    30.6062    23.2322    1491.14 0.0000e+00
        690 148.545776     34.470     34.789    11.7101  35.224693     1.6833 5.3098e-02    280.111    100.164     34.470    30.6063    23.2323    1491.15 0.0000e+00
        691 148.545776     34.563     34.883    11.7100  35.224728     1.6794 5.3064e-02    280.129    100.169     34.563    30.6064    23.2324    1491.15 0.0000e+00
        692 148.545792     34.657     34.978    11.7098  35.224789     1.9808 5.3133e-02    280.311    100.235     34.657    30.6065    23.2325    1491.15 0.0000e+00
        693 148.545792     34.751     35.073    11.7096  35.224854     1.9942 5.3098e-02    280.344    100.251     34.751    30.6067    23.2327    1491.15 0.0000e+00
        694 148.545792     34.844     35.167    11.7094  35.224918     1.5993 5.3075e-02    280.386    100.266     34.844    30.6070    23.2330    1491.15 0.0000e+00
        695 148.545792     34.937     35.261    11.7090  35.225006     1.5822 5.3156e-02    280.483    100.300     34.937    30.6074    23.2333    1491.15 0.0000e+00
        696 148.545792     35.030     35.354    11.7084  35.225163     1.5765 5.3203e-02    280.552    100.323     35.030    30.6079    23.2339    1491.15 0.0000e+00
        697 148.545792     35.122     35.447    11.7076  35.225456     1.7481 5.3098e-02    280.511    100.308     35.122    30.6088    23.2347    1491.15 0.0000e+00
        698 148.545807     35.214     35.540    11.7067  35.226002     1.7348 5.3133e-02    280.484    100.298     35.214    30.6101    23.2358    1491.15 0.0000e+00
        699 148.545807     35.306     35.633    11.7054  35.226883     1.4029 5.3145e-02    280.700    100.375     35.306    30.6119    23.2375    1491.15 0.0000e+00
        700 148.545807     35.398     35.726    11.7037  35.228085     1.4277 5.3040e-02    280.645    100.355     35.398    30.6144    23.2398    1491.15 0.0000e+00
        701 148.545807     35.491     35.820    11.7016  35.229660     1.5459 5.3110e-02    280.579    100.332     35.491    30.6177    23.2427    1491.15 0.0000e+00
        702 148.545807     35.584     35.914    11.6991  35.231796     1.5555 5.3040e-02    280.533    100.317     35.584    30.6218    23.2463    1491.14 0.0000e+00
        703 148.545822     35.678     36.009    11.6963  35.234665     1.5517 5.2994e-02    280.425    100.280     35.678    30.6268    23.2507    1491.14 0.0000e+00
        704 148.545822     35.773     36.105    11.6932  35.237888     1.5536 5.3226e-02    280.266    100.224     35.773    30.6325    23.2557    1491.14 0.0000e+00
        705 148.545822     35.869     36.202    11.6901  35.240623     1.7367 5.3087e-02    280.271    100.226     35.869    30.6376    23.2602    1491.14 0.0000e+00
        706 148.545822     35.966     36.299    11.6874  35.242558     1.7348 5.3133e-02    280.279    100.229     35.966    30.6416    23.2638    1491.13 0.0000e+00
        707 148.545822     36.062     36.396    11.6853  35.244011     1.6089 5.3098e-02    280.193    100.198     36.062    30.6447    23.2666    1491.13 0.0000e+00
        708 148.545837     36.158     36.493    11.6838  35.245289     1.6280 5.3098e-02    280.334    100.249     36.158    30.6472    23.2688    1491.13 0.0000e+00
        709 148.545837     36.254     36.590    11.6827  35.246681     1.6451 5.3075e-02    280.406    100.274     36.254    30.6494    23.2707    1491.13 0.0000e+00
        710 148.545837     36.350     36.687    11.6819  35.248436     1.6566 5.3145e-02    280.446    100.289     36.350    30.6517    23.2726    1491.13 0.0000e+00
        711 148.545837     36.446     36.784    11.6813  35.250389     1.6718 5.3098e-02    280.406    100.274     36.446    30.6540    23.2745    1491.14 0.0000e+00
        712 148.545837     36.542     36.881    11.6809  35.251976     1.6775 5.3133e-02    280.314    100.241     36.542    30.6559    23.2761    1491.14 0.0000e+00
        713 148.545837     36.638     36.978    11.6804  35.252956     1.6737 5.3087e-02    280.125    100.172     36.638    30.6572    23.2771    1491.14 0.0000e+00
        714 148.545853     36.735     37.076    11.6800  35.253483     1.6794 5.3133e-02    280.112    100.167     36.735    30.6580    23.2778    1491.14 0.0000e+00
        715 148.545853     36.832     37.174    11.6797  35.253773     1.7538 5.3110e-02    279.998    100.127     36.832    30.6585    23.2783    1491.14 0.0000e+00
        716 148.545853     36.930     37.272    11.6795  35.253963     1.7443 5.3133e-02    280.044    100.143     36.930    30.6588    23.2786    1491.14 0.0000e+00
        717 148.545853     37.027     37.370    11.6794  35.254105     1.6127 5.3064e-02    279.914    100.096     37.027    30.6589    23.2787    1491.14 0.0000e+00
        718 148.545853     37.124     37.468    11.6795  35.254242     1.6260 5.3156e-02    280.115    100.168     37.124    30.6590    23.2787    1491.15 0.0000e+00
        719 148.545868     37.220     37.565    11.6798  35.254417     1.6184 5.3110e-02    280.243    100.214     37.220    30.6589    23.2786    1491.15 0.0000e+00
        720 148.545868     37.317     37.663    11.6801  35.254608     1.6146 5.3098e-02    280.326    100.244     37.317    30.6587    23.2784    1491.15 0.0000e+00
        721 148.545868     37.414     37.761    11.6805  35.254757     1.6222 5.3029e-02    280.356    100.255     37.414    30.6585    23.2782    1491.15 0.0000e+00
        722 148.545868     37.510     37.858    11.6809  35.254910     1.7100 5.3156e-02    280.463    100.294     37.510    30.6583    23.2780    1491.16 0.0000e+00
        723 148.545868     37.607     37.956    11.6811  35.255116     1.7081 5.3087e-02    280.554    100.327     37.607    30.6583    23.2779    1491.16 0.0000e+00
        724 148.545883     37.703     38.053    11.6812  35.255329     1.6146 5.3191e-02    280.493    100.306     37.703    30.6584    23.2780    1491.16 0.0000e+00
        725 148.545883     37.800     38.151    11.6812  35.255516     1.6241 5.3017e-02    280.426    100.284     37.800    30.6585    23.2781    1491.16 0.0000e+00
        726 148.545883     37.897     38.249    11.6812  35.255665     1.6756 5.3098e-02    280.281    100.232     37.897    30.6586    23.2782    1491.16 0.0000e+00
        727 148.545883     37.995     38.348    11.6812  35.255756     1.6814 5.3052e-02    280.124    100.174     37.995    30.6587    23.2782    1491.17 0.0000e+00
        728 148.545883     38.093     38.446    11.6811  35.255760     1.7481 5.3052e-02    280.020    100.137     38.093    30.6587    23.2783    1491.17 0.0000e+00
        729 148.545898     38.190     38.544    11.6810  35.255711     1.7405 5.3110e-02    279.956    100.115     38.190    30.6587    23.2783    1491.17 0.0000e+00
        730 148.545898     38.287     38.642    11.6809  35.255661     1.5784 5.3110e-02    279.918    100.104     38.287    30.6587    23.2783    1491.17 0.0000e+00
        731 148.545898     38.382     38.739    11.6807  35.255661     1.5822 5.3040e-02    279.926    100.109     38.382    30.6588    23.2784    1491.17 0.0000e+00
        732 148.545898     38.478     38.835    11.6806  35.255741     1.6432 5.3133e-02    279.970    100.125     38.478    30.6590    23.2786    1491.17 0.0000e+00
        733 148.545898     38.574     38.932    11.6805  35.255863     1.6642 5.3075e-02    280.042    100.150     38.574    30.6592    23.2787    1491.17 0.0000e+00
        734 148.545898     38.670     39.028    11.6804  35.255978     1.5536 5.3075e-02    280.111    100.176     38.670    30.6593    23.2789    1491.18 0.0000e+00
        735 148.545914     38.765     39.125    11.6803  35.256119     1.5631 5.3029e-02    280.125    100.182     38.765    30.6595    23.2790    1491.18 0.0000e+00
        736 148.545914     38.861     39.222    11.6803  35.256302     1.6527 5.3133e-02    280.176    100.201     38.861    30.6596    23.2791    1491.18 0.0000e+00
        737 148.545914     38.957     39.318    11.6803  35.256535     1.6527 5.3145e-02    280.188    100.204     38.957    30.6598    23.2792    1491.18 0.0000e+00
        738 148.545914     39.053     39.415    11.6804  35.256882     1.6432 5.3110e-02    280.140    100.186     39.053    30.6600    23.2794    1491.18 0.0000e+00
        739 148.545914     39.149     39.512    11.6805  35.257381     1.6585 5.3040e-02    280.202    100.208     39.149    30.6604    23.2797    1491.18 0.0000e+00
        740 148.545929     39.245     39.609    11.6805  35.258034     1.7500 5.3156e-02    280.280    100.236     39.245    30.6609    23.2801    1491.19 0.0000e+00
        741 148.545929     39.341     39.706    11.6806  35.258865     1.7481 5.3075e-02    280.237    100.220     39.341    30.6617    23.2807    1491.19 0.0000e+00
        742 148.545929     39.437     39.803    11.6805  35.260014     1.6775 5.3040e-02    280.357    100.263     39.437    30.6628    23.2816    1491.19 0.0000e+00
        743 148.545929     39.531     39.898    11.6803  35.261482     1.6890 5.3087e-02    280.335    100.256     39.531    30.6644    23.2828    1491.20 0.0000e+00
        744 148.545929     39.625     39.993    11.6798  35.263138     1.6814 5.3145e-02    280.370    100.268     39.625    30.6663    23.2844    1491.20 0.0000e+00
        745 148.545944     39.719     40.088    11.6793  35.265003     1.5326 5.3087e-02    280.553    100.334     39.719    30.6685    23.2862    1491.20 0.0000e+00
        746 148.545944     39.813     40.183    11.6787  35.267303     1.5326 5.3156e-02    280.468    100.301     39.813    30.6712    23.2884    1491.20 0.0000e+00
        747 148.545944     39.908     40.278    11.6780  35.270180     1.4506 5.3098e-02    280.435    100.290     39.908    30.6745    23.2911    1491.21 0.0000e+00
        748 148.545944     40.003     40.374    11.6774  35.273445     1.4467 5.3098e-02    280.481    100.305     40.003    30.6781    23.2940    1491.21 0.0000e+00
        749 148.545944     40.098     40.470    11.6768  35.276588     1.7119 5.3214e-02    280.410    100.279     40.098    30.6816    23.2968    1491.21 0.0000e+00
        750 148.545959     40.194     40.567    11.6763  35.279152     1.7119 5.3133e-02    280.422    100.282     40.194    30.6844    23.2991    1491.22 0.0000e+00
        751 148.545959     40.289     40.663    11.6759  35.281166     1.7653 5.3098e-02    280.463    100.296     40.289    30.6867    23.3009    1491.22 0.0000e+00
        752 148.545959     40.385     40.760    11.6756  35.282883     1.7653 5.3064e-02    280.516    100.314     40.385    30.6886    23.3025    1491.22 0.0000e+00
        753 148.545959     40.480     40.855    11.6753  35.284359     1.5440 5.3040e-02    280.586    100.338     40.480    30.6902    23.3038    1491.22 0.0000e+00
        754 148.545959     40.574     40.951    11.6750  35.285553     1.5421 5.3017e-02    280.323    100.244     40.574    30.6916    23.3049    1491.23 0.0000e+00
        755 148.545959     40.668     41.046    11.6746  35.286461     1.6184 5.3029e-02    280.420    100.278     40.668    30.6927    23.3058    1491.23 0.0000e+00
        756 148.545975     40.762     41.140    11.6743  35.287220     1.6260 5.3156e-02    280.389    100.267     40.762    30.6937    23.3067    1491.23 0.0000e+00
        757 148.545975     40.855     41.235    11.6739  35.287979     1.5803 5.3098e-02    280.443    100.286     40.855    30.6947    23.3075    1491.23 0.0000e+00
        758 148.545975     40.949     41.329    11.6735  35.288834     1.5822 5.3168e-02    280.414    100.276     40.949    30.6958    23.3085    1491.23 0.0000e+00
        759 148.545975     41.043     41.424    11.6730  35.289886     1.6413 5.3133e-02    280.290    100.232     41.043    30.6972    23.3097    1491.23 0.0000e+00
        760 148.545975     41.138     41.520    11.6724  35.291225     1.6585 5.3110e-02    280.471    100.296     41.138    30.6989    23.3111    1491.24 0.0000e+00
        761 148.545990     41.233     41.616    11.6718  35.292889     1.5936 5.3064e-02    280.491    100.304     41.233    30.7011    23.3129    1491.24 0.0000e+00
        762 148.545990     41.329     41.713    11.6709  35.294777     1.6032 5.3098e-02    280.406    100.274     41.329    30.7035    23.3149    1491.24 0.0000e+00
        763 148.545990     41.424     41.809    11.6699  35.296741     1.6146 5.3040e-02    280.307    100.238     41.424    30.7063    23.3172    1491.24 0.0000e+00
        764 148.545990     41.519     41.905    11.6687  35.298786     1.6299 5.3110e-02    280.229    100.210     41.519    30.7091    23.3197    1491.24 0.0000e+00
        765 148.545990     41.613     42.000    11.6675  35.301056     1.7195 5.3110e-02    280.195    100.198     41.613    30.7123    23.3224    1491.24 0.0000e+00
        766 148.546005     41.707     42.095    11.6662  35.303478     1.7367 5.3087e-02    280.073    100.155     41.707    30.7157    23.3252    1491.24 0.0000e+00
        767 148.546005     41.801     42.189    11.6648  35.305859     1.5269 5.3087e-02    280.053    100.148     41.801    30.7191    23.3281    1491.24 0.0000e+00
        768 148.546005     41.894     42.283    11.6634  35.308113     1.5250 5.3098e-02    280.211    100.205     41.894    30.7224    23.3309    1491.25 0.0000e+00
        769 148.546005     41.988     42.378    11.6621  35.310257     1.5402 5.3040e-02    280.248    100.220     41.988    30.7255    23.3336    1491.25 0.0000e+00
        770 148.546005     42.082     42.473    11.6609  35.312256     1.7672 5.3098e-02    280.421    100.282     42.082    30.7284    23.3361    1491.25 0.0000e+00
        771 148.546005     42.176     42.568    11.6598  35.314072     1.7729 5.3156e-02    280.319    100.247     42.176    30.7310    23.3383    1491.25 0.0000e+00
