Loch_Etive/CTD_data_US/2025-05-28/sbe55_sbe19p_5215_20250528_re8.cnv
* Sea-Bird SBE 19plus Data File:
* FileName = C:\Data\sbe55_sbe19p_5215\2025-05-28\sbe55_sbe19p_5215_20250528_re8073.hex
* Software Version SeatermAF 2.1.4
* Temperature SN = 5215
* Conductivity SN = 5215
* System UpLoad Time = May 28 2025 13:57:37 (localtime) = May 28 2025 13:57:37 (UTC)
* ds
* SeacatPlus V 1.6b  SERIAL NO. 5215    28 May 2025  13:57:06
# nquan = 15                                
# nvalues = 1063                        
# units = specified
# name 0 = scan: Scan Count
# name 1 = timeJ: Julian Days
# name 2 = depSM: Depth [salt water, m], lat = 56.00
# name 3 = prdM: Pressure, Strain Gauge [db]
# name 4 = tv290C: Temperature [ITS-90, deg C]
# name 5 = c0mS/cm: Conductivity [mS/cm]
# name 6 = flECO-AFL: Fluorescence, WET Labs ECO-AFL/FL [mg/m^3]
# name 7 = par/sat/log: PAR/Logarithmic, Satlantic [umol photons/m^2/sec]
# name 8 = sbeox0Mm/L: Oxygen, SBE 43 [umol/l]
# name 9 = sbeox0PS: Oxygen, SBE 43 [% saturation]
# name 10 = depSM: Depth [salt water, m], lat = 56
# name 11 = sal00: Salinity, Practical [PSU]
# name 12 = sigma-é00: Density [sigma-theta, kg/m^3]
# name 13 = svCM: Sound Velocity [Chen-Millero, m/s]
# name 14 = flag: flag
# span 0 =          1,       1063       
# span 1 = 148.575684, 148.578751       
# span 2 =     -0.093,     34.292       
# span 3 =     -0.094,     34.609       
# span 4 =    10.6143,    12.8018       
# span 5 =   0.169427,  37.432358       
# span 6 =     0.0467,     7.1078       
# span 7 = 3.9122e-01, 4.4231e+02       
# span 8 =    234.021,    339.139       
# span 9 =     84.179,    107.625       
# span 10 =     -0.093,     34.292      
# span 11 =     0.1060,    33.6376      
# span 12 =    -0.5130,    25.7826      
# span 13 =    1454.16,    1492.16      
# span 14 = 0.0000e+00, 0.0000e+00      
# interval = seconds: 0.25
# start_time = May 28 2025 13:48:59 [Instrument's time stamp, header]
# bad_flag = -9.990e-29
*END*
[from data line 964]
        965 148.578476      0.192      0.193    11.9953  35.131618     1.8950 3.6915e+02    281.128     85.792      0.192    30.2972    22.9403    1491.20 0.0000e+00
        966 148.578476      0.147      0.148    11.9934  34.958336     1.8854 3.6802e+02    280.415     85.417      0.147    30.1330    22.8133    1490.99 0.0000e+00
        967 148.578476      0.111      0.112    11.9893  34.674419     2.3032 3.7190e+02    280.346     85.268      0.111    29.8649    22.6062    1490.66 0.0000e+00
        968 148.578476      0.083      0.083    11.9837  34.203930     2.2974 3.6834e+02    279.631     85.081      0.083    29.4203    22.2626    1490.11 0.0000e+00
        969 148.578491      0.061      0.061    11.9773  33.414787     1.9865 3.6236e+02    281.864     85.111      0.061    28.6742    21.6856    1489.20 0.0000e+00
        970 148.578491      0.043      0.044    11.9704  32.085793     1.9808 3.5811e+02    281.921     85.113      0.043    27.4198    20.7151    1487.68 0.0000e+00
        971 148.578491      0.030      0.030    11.9638  29.855392     1.9961 3.5329e+02    283.285     85.302      0.030    25.3273    19.0963    1485.17 0.0000e+00
        972 148.578491      0.020      0.020    11.9577  26.129351     1.5536 3.6963e+02    282.686     85.276      0.020    21.8748    16.4269    1481.04 0.0000e+00
        973 148.578491      0.012      0.012    11.9525  20.959604     1.5574 3.7230e+02    283.211     85.289      0.012    17.1853    12.8041    1475.45 0.0000e+00
        974 148.578491      0.006      0.006    11.9482  15.864270     0.9566 3.5678e+02    283.697     85.302      0.006    12.6909     9.3341    1470.10 0.0000e+00
        975 148.578506      0.001      0.001    11.9445  12.227995     0.9546 3.6259e+02    282.491     85.389      0.001     9.5728     6.9265    1466.37 0.0000e+00
        976 148.578506     -0.002     -0.002    11.9413  10.007221     0.4892 3.8453e+02    282.661     85.459     -0.002     7.7113     5.4886    1464.13 0.0000e+00
        977 148.578506     -0.005     -0.005    11.9384   8.623961     0.4969 3.6212e+02    282.871     85.476     -0.005     6.5708     4.6071    1462.76 0.0000e+00
        978 148.578506     -0.007     -0.008    11.9357   7.720665     0.4263 3.7541e+02    283.142     85.521     -0.007     5.8348     4.0381    1461.87 0.0000e+00
        979 148.578506     -0.009     -0.009    11.9330   7.105546     0.4130 3.8261e+02    284.035     85.509     -0.009     5.3380     3.6540    1461.26 0.0000e+00
        980 148.578522     -0.011     -0.011    11.9300   6.650197     0.0925 3.7165e+02    284.772     85.556     -0.011     4.9726     3.3716    1460.81 0.0000e+00
        981 148.578522     -0.012     -0.012    11.9267   6.302254     0.0944 3.7953e+02    285.715     85.678     -0.012     4.6950     3.1570    1460.46 0.0000e+00
        982 148.578522     -0.013     -0.013    11.9233   6.066647     0.3405 3.7870e+02    285.953     85.662     -0.013     4.5078     3.0125    1460.22 0.0000e+00
        983 148.578522     -0.014     -0.014    11.9197   5.898582     0.3386 3.6642e+02    287.201     85.667     -0.014     4.3748     2.9099    1460.05 0.0000e+00
        984 148.578522     -0.015     -0.015    11.9159   5.702609     0.3195 3.6762e+02    287.796     85.704     -0.015     4.2201     2.7905    1459.85 0.0000e+00
        985 148.578537     -0.015     -0.015    11.9119   5.448483     0.3100 3.5337e+02    287.915     85.732     -0.015     4.0199     2.6358    1459.59 0.0000e+00
        986 148.578537     -0.016     -0.016    11.9077   5.123910     0.2852 3.5076e+02    287.756     85.756     -0.016     3.7652     2.4389    1459.27 0.0000e+00
        987 148.578537     -0.016     -0.016    11.9033   4.751320     0.2832 3.6410e+02    287.672     85.839     -0.016     3.4743     2.2139    1458.90 0.0000e+00
        988 148.578537     -0.016     -0.016    11.8987   4.430215     0.1822 3.8236e+02    287.674     85.882     -0.016     3.2251     2.0212    1458.58 0.0000e+00
        989 148.578537     -0.016     -0.016    11.8940   4.213403     0.1841 3.8723e+02    287.931     85.850     -0.016     3.0577     1.8919    1458.36 0.0000e+00
        990 148.578537     -0.016     -0.016    11.8892   4.086433     0.2489 3.7426e+02    288.207     85.874     -0.016     2.9601     1.8168    1458.23 0.0000e+00
        991 148.578552     -0.016     -0.016    11.8845   4.018502     0.2527 3.8353e+02    288.100     85.894     -0.016     2.9082     1.7770    1458.15 0.0000e+00
        992 148.578552     -0.016     -0.016    11.8801   4.029194     0.2489 3.8664e+02    288.120     85.860     -0.016     2.9167     1.7842    1458.14 0.0000e+00
        993 148.578552     -0.016     -0.016    11.8758   4.110075     0.2604 3.7500e+02    288.277     85.859     -0.016     2.9794     1.8334    1458.20 0.0000e+00
        994 148.578552     -0.016     -0.016    11.8717   4.150538     0.2127 3.7994e+02    287.421     85.872     -0.016     3.0109     1.8583    1458.22 0.0000e+00
        995 148.578552     -0.016     -0.017    11.8678   4.085058     0.2070 3.7304e+02    286.729     85.836     -0.016     2.9607     1.8198    1458.15 0.0000e+00
        996 148.578568     -0.017     -0.017    11.8640   3.909375     0.1974 3.5827e+02    287.264     85.853     -0.017     2.8258     1.7156    1457.97 0.0000e+00
        997 148.578568     -0.017     -0.017    11.8603   3.636719     0.2546 3.7092e+02    287.693     85.900     -0.017     2.6171     1.5540    1457.70 0.0000e+00
        998 148.578568     -0.017     -0.017    11.8565   3.314923     0.2623 3.7125e+02    287.943     85.919     -0.017     2.3722     1.3643    1457.39 0.0000e+00
        999 148.578568     -0.017     -0.017    11.8528   2.982320     0.2146 3.7878e+02    288.605     86.023     -0.017     2.1209     1.1694    1457.07 0.0000e+00
       1000 148.578568     -0.017     -0.017    11.8491   2.641257     0.2279 3.8850e+02    289.238     86.211     -0.017     1.8653     0.9712    1456.75 0.0000e+00
       1001 148.578583     -0.017     -0.017    11.8454   2.312906     0.1535 3.9157e+02    289.477     86.476     -0.017     1.6214     0.7819    1456.44 0.0000e+00
       1002 148.578583     -0.017     -0.017    11.8417   2.066624     0.1555 3.8622e+02    289.960     86.795     -0.017     1.4399     0.6411    1456.20 0.0000e+00
       1003 148.578583     -0.017     -0.017    11.8379   1.942765     0.2146 3.8605e+02    290.474     87.033     -0.017     1.3493     0.5710    1456.08 0.0000e+00
       1004 148.578583     -0.017     -0.017    11.8342   1.917697     0.2070 3.8884e+02    291.721     87.381     -0.017     1.3311     0.5572    1456.04 0.0000e+00
       1005 148.578583     -0.017     -0.017    11.8305   1.938418     0.2756 3.7239e+02    293.060     87.631     -0.017     1.3464     0.5696    1456.04 0.0000e+00
       1006 148.578598     -0.017     -0.017    11.8269   1.949556     0.2680 3.9234e+02    294.181     87.868     -0.017     1.3547     0.5764    1456.04 0.0000e+00
       1007 148.578598     -0.017     -0.017    11.8233   1.935041     0.1879 3.8386e+02    294.906     88.037     -0.017     1.3442     0.5687    1456.01 0.0000e+00
       1008 148.578598     -0.017     -0.017    11.8198   1.925901     0.1841 4.0558e+02    295.241     88.126     -0.017     1.3376     0.5640    1455.99 0.0000e+00
       1009 148.578598     -0.017     -0.017    11.8163   1.944391     0.2318 3.9838e+02    295.808     88.241     -0.017     1.3513     0.5750    1456.00 0.0000e+00
       1010 148.578598     -0.016     -0.017    11.8129   1.989844     0.2070 3.8529e+02    296.539     88.313     -0.016     1.3847     0.6014    1456.02 0.0000e+00
       1011 148.578598     -0.016     -0.016    11.8096   2.082820     0.2089 3.9908e+02    297.194     88.401     -0.016     1.4531     0.6550    1456.10 0.0000e+00
       1012 148.578613     -0.016     -0.016    11.8063   2.221750     0.2108 3.7003e+02    297.389     88.409     -0.016     1.5556     0.7352    1456.21 0.0000e+00
       1013 148.578613     -0.016     -0.016    11.8031   2.329123     0.2337 3.7986e+02    297.540     88.404     -0.016     1.6352     0.7975    1456.29 0.0000e+00
       1014 148.578613     -0.016     -0.016    11.7999   2.351325     0.2413 3.7402e+02    297.765     88.426     -0.016     1.6518     0.8108    1456.30 0.0000e+00
       1015 148.578613     -0.016     -0.016    11.7967   2.322561     0.3424 3.6939e+02    297.636     88.366     -0.016     1.6306     0.7947    1456.26 0.0000e+00
       1016 148.578613     -0.016     -0.016    11.7935   2.291152     0.3328 4.3894e+02    297.703     88.361     -0.016     1.6075     0.7771    1456.22 0.0000e+00
       1017 148.578629     -0.016     -0.016    11.7904   2.292468     0.0639 4.2768e+02    297.519     88.273     -0.016     1.6086     0.7783    1456.21 0.0000e+00
       1018 148.578629     -0.016     -0.016    11.7872   2.363220     0.0639 4.0887e+02    297.315     88.228     -0.016     1.6612     0.8196    1456.26 0.0000e+00
       1019 148.578629     -0.016     -0.016    11.7841   2.501872     0.2184 4.3446e+02    297.425     88.228     -0.016     1.7644     0.9003    1456.38 0.0000e+00
       1020 148.578629     -0.016     -0.016    11.7810   2.648955     0.2089 4.3247e+02    297.601     88.229     -0.016     1.8744     0.9862    1456.50 0.0000e+00
       1021 148.578629     -0.015     -0.016    11.7780   2.737093     0.2012 4.2703e+02    297.603     88.220     -0.015     1.9406     1.0380    1456.57 0.0000e+00
       1022 148.578644     -0.015     -0.015    11.7749   2.734265     0.1421 4.2055e+02    297.836     88.258     -0.015     1.9387     1.0369    1456.56 0.0000e+00
       1023 148.578644     -0.015     -0.015    11.7718   2.654769     0.1478 4.1571e+02    298.017     88.268     -0.015     1.8792     0.9910    1456.47 0.0000e+00
       1024 148.578644     -0.015     -0.015    11.7687   2.541996     0.1822 3.8969e+02    297.940     88.210     -0.015     1.7951     0.9259    1456.36 0.0000e+00
       1025 148.578644     -0.015     -0.015    11.7656   2.425488     0.1936 3.7920e+02    298.211     88.221     -0.015     1.7084     0.8588    1456.24 0.0000e+00
       1026 148.578644     -0.015     -0.015    11.7625   2.303255     0.0467 3.7287e+02    298.364     88.250     -0.015     1.6178     0.7887    1456.12 0.0000e+00
       1027 148.578659     -0.015     -0.015    11.7593   2.158972     0.0677 3.9647e+02    298.400     88.242     -0.015     1.5112     0.7061    1455.98 0.0000e+00
       1028 148.578659     -0.015     -0.015    11.7559   1.993331     0.2089 4.2545e+02    298.321     88.209     -0.015     1.3893     0.6116    1455.81 0.0000e+00
       1029 148.578659     -0.014     -0.014    11.7525   1.831760     0.2108 4.3021e+02    298.455     88.241     -0.014     1.2711     0.5199    1455.66 0.0000e+00
       1030 148.578659     -0.014     -0.014    11.7489   1.694139     0.1478 4.3484e+02    298.595     88.268     -0.014     1.1710     0.4423    1455.52 0.0000e+00
       1031 148.578659     -0.014     -0.014    11.7450   1.582183     0.1593 4.4231e+02    298.808     88.306     -0.014     1.0899     0.3796    1455.41 0.0000e+00
       1032 148.578659     -0.014     -0.014    11.7406   1.494222     0.2184 4.3031e+02    298.908     88.316     -0.014     1.0265     0.3307    1455.31 0.0000e+00
       1033 148.578674     -0.014     -0.014    11.7354   1.429329     0.2241 4.1644e+02    299.010     88.328     -0.014     0.9799     0.2949    1455.23 0.0000e+00
       1034 148.578674     -0.014     -0.014    11.7290   1.383609     0.1803 4.1093e+02    299.004     88.314     -0.014     0.9472     0.2702    1455.17 0.0000e+00
       1035 148.578674     -0.014     -0.014    11.7216   1.353500     0.1688 3.9821e+02    298.941     88.280     -0.014     0.9258     0.2543    1455.12 0.0000e+00
       1036 148.578674     -0.014     -0.014    11.7138   1.331001     0.1936 3.9795e+02    298.963     88.267     -0.014     0.9099     0.2427    1455.07 0.0000e+00
       1037 148.578674     -0.014     -0.015    11.7061   1.302115     0.1879 4.0825e+02    298.938     88.246     -0.014     0.8894     0.2276    1455.01 0.0000e+00
       1038 148.578690     -0.015     -0.015    11.6990   1.264293     0.2585 4.1057e+02    298.958     88.265     -0.015     0.8625     0.2075    1454.95 0.0000e+00
       1039 148.578690     -0.015     -0.015    11.6922   1.223253     0.2451 3.9908e+02    299.035     88.277     -0.015     0.8333     0.1855    1454.89 0.0000e+00
       1040 148.578690     -0.015     -0.015    11.6854   1.178301     0.2451 4.0700e+02    299.045     88.273     -0.015     0.8014     0.1614    1454.83 0.0000e+00
       1041 148.578690     -0.015     -0.015    11.6781   1.129014     0.2413 3.9708e+02    299.129     88.290     -0.015     0.7666     0.1350    1454.76 0.0000e+00
       1042 148.578690     -0.015     -0.015    11.6705   1.078026     0.2718 3.9388e+02    299.231     88.322     -0.015     0.7305     0.1077    1454.68 0.0000e+00
       1043 148.578705     -0.015     -0.015    11.6629   1.031237     0.2699 4.0487e+02    299.390     88.365     -0.015     0.6976     0.0828    1454.61 0.0000e+00
       1044 148.578705     -0.015     -0.015    11.6555   0.996908     0.1612 3.9191e+02 -9.990e-29 -9.990e-29     -0.015     0.6735     0.0648    1454.55 0.0000e+00
       1045 148.578705     -0.014     -0.015    11.6482   0.975794     0.1631 3.9457e+02 -9.990e-29 -9.990e-29     -0.014     0.6587     0.0541    1454.51 0.0000e+00
       1046 148.578705     -0.014     -0.014    11.6412   0.963432     0.1822 4.0196e+02 -9.990e-29 -9.990e-29     -0.014     0.6501     0.0482    1454.47 0.0000e+00
       1047 148.578705     -0.014     -0.014    11.6345   0.954696     0.1783 3.8799e+02 -9.990e-29 -9.990e-29     -0.014     0.6441     0.0442    1454.44 0.0000e+00
       1048 148.578705     -0.014     -0.014    11.6280   0.944244     0.1822 3.9925e+02 -9.990e-29 -9.990e-29     -0.014     0.6368     0.0393    1454.40 0.0000e+00
       1049 148.578720     -0.014     -0.014    11.6217   0.930851     0.2451 4.0816e+02 -9.990e-29 -9.990e-29     -0.014     0.6275     0.0327    1454.37 0.0000e+00
       1050 148.578720     -0.014     -0.014    11.6157   0.916981     0.2508 3.9483e+02 -9.990e-29 -9.990e-29     -0.014     0.6179     0.0258    1454.33 0.0000e+00
       1051 148.578720     -0.014     -0.014    11.6100   0.904775     0.1822 3.9708e+02 -9.990e-29 -9.990e-29     -0.014     0.6094     0.0198    1454.30 0.0000e+00
       1052 148.578720     -0.014     -0.014    11.6045   0.894582     0.1860 3.9708e+02 -9.990e-29 -9.990e-29     -0.014     0.6023     0.0149    1454.27 0.0000e+00
       1053 148.578720     -0.014     -0.015    11.5994   0.885366     0.2794 3.8411e+02 -9.990e-29 -9.990e-29     -0.014     0.5959     0.0105    1454.25 0.0000e+00
       1054 148.578735     -0.015     -0.015    11.5950   0.876839     0.2909 3.8428e+02 -9.990e-29 -9.990e-29     -0.015     0.5900     0.0064    1454.22 0.0000e+00
       1055 148.578735     -0.015     -0.015    11.5915   0.871036     0.2031 3.8152e+02 -9.990e-29 -9.990e-29     -0.015     0.5860     0.0036    1454.20 0.0000e+00
       1056 148.578735     -0.015     -0.015    11.5889   0.867704     0.2012 3.7271e+02 -9.990e-29 -9.990e-29     -0.015     0.5837     0.0021    1454.19 0.0000e+00
       1057 148.578735     -0.015     -0.015    11.5870   0.863447     0.2451 3.9063e+02 -9.990e-29 -9.990e-29     -0.015     0.5807     0.0000    1454.18 0.0000e+00
       1058 148.578735     -0.015     -0.015    11.5855   0.858034     0.2527 4.0896e+02 -9.990e-29 -9.990e-29     -0.015     0.5770    -0.0028    1454.17 0.0000e+00
       1059 148.578751     -0.014     -0.015    11.5844   0.853940     0.4549 4.0932e+02 -9.990e-29 -9.990e-29     -0.014     0.5741    -0.0049    1454.16 0.0000e+00
       1060 148.578751     -0.014     -0.014    11.5837   0.852250     0.4740 4.1799e+02 -9.990e-29 -9.990e-29     -0.014     0.5729    -0.0057    1454.16 0.0000e+00
