Loch_Etive/CTD_data_US/2025-05-28/sbe55_sbe19p_5215_20250528_re6.cnv
* Sea-Bird SBE 19plus Data File:
* FileName = C:\Data\sbe55_sbe19p_5215\2025-05-28\sbe55_sbe19p_5215_20250528_re6070.hex
* Software Version SeatermAF 2.1.4
* Temperature SN = 5215
* Conductivity SN = 5215
* System UpLoad Time = May 28 2025 12:17:43 (localtime) = May 28 2025 12:17:43 (UTC)
* ds
* SeacatPlus V 1.6b  SERIAL NO. 5215    28 May 2025  12:17:05
# nquan = 15                                
# nvalues = 1646                        
# units = specified
# name 0 = scan: Scan Count
# name 1 = timeJ: Julian Days
# name 2 = depSM: Depth [salt water, m], lat = 56.00
# name 3 = prdM: Pressure, Strain Gauge [db]
# name 4 = tv290C: Temperature [ITS-90, deg C]
# name 5 = c0mS/cm: Conductivity [mS/cm]
# name 6 = flECO-AFL: Fluorescence, WET Labs ECO-AFL/FL [mg/m^3]
# name 7 = par/sat/log: PAR/Logarithmic, Satlantic [umol photons/m^2/sec]
# name 8 = sbeox0Mm/L: Oxygen, SBE 43 [umol/l]
# name 9 = sbeox0PS: Oxygen, SBE 43 [% saturation]
# name 10 = depSM: Depth [salt water, m], lat = 56
# name 11 = sal00: Salinity, Practical [PSU]
# name 12 = sigma-é00: Density [sigma-theta, kg/m^3]
# name 13 = svCM: Sound Velocity [Chen-Millero, m/s]
# name 14 = flag: flag
# span 0 =          1,       1646       
# span 1 = 148.506058, 148.510818       
# span 2 =     -0.126,     60.217       
# span 3 =     -0.127,     60.779       
# span 4 =    10.8989,    12.5849       
# span 5 =   0.013461,  34.659657       
# span 6 =     0.0830,     4.4909       
# span 7 = 5.2948e-02, 4.7185e+02       
# span 8 =    203.486,    354.124       
# span 9 =     68.536,    106.933       
# span 10 =     -0.126,     60.217      
# span 11 =     0.0120,    29.5236      
# span 12 =    -0.3733,    22.2737      
# span 13 =    1450.82,    1492.58      
# span 14 = 0.0000e+00, 0.0000e+00      
# interval = seconds: 0.25
# start_time = May 28 2025 12:08:44 [Instrument's time stamp, header]
# bad_flag = -9.990e-29
*END*
[from data line 772]
        773 148.508301     43.221     43.622    12.2498  34.456135     1.1378 5.3098e-02    278.596    100.158     43.221    29.4343    22.2263    1491.76 0.0000e+00
        774 148.508301     43.313     43.716    12.2518  34.459427     1.2045 5.3156e-02    278.514    100.144     43.313    29.4358    22.2271    1491.77 0.0000e+00
        775 148.508301     43.406     43.809    12.2539  34.461960     1.1969 5.3064e-02    278.474    100.139     43.406    29.4366    22.2273    1491.78 0.0000e+00
        776 148.508301     43.499     43.903    12.2557  34.463818     1.1454 5.3110e-02    278.396    100.116     43.499    29.4368    22.2272    1491.79 0.0000e+00
        777 148.508316     43.591     43.996    12.2572  34.465244     1.1263 5.3040e-02    278.419    100.127     43.591    29.4370    22.2270    1491.80 0.0000e+00
        778 148.508316     43.683     44.088    12.2584  34.466431     1.1912 5.3017e-02    278.207    100.052     43.683    29.4372    22.2269    1491.80 0.0000e+00
        779 148.508316     43.774     44.181    12.2593  34.467518     1.1969 5.3064e-02    278.369    100.111     43.774    29.4374    22.2269    1491.81 0.0000e+00
        780 148.508316     43.866     44.274    12.2601  34.468643     1.0939 5.3191e-02    278.346    100.103     43.866    29.4378    22.2271    1491.81 0.0000e+00
        781 148.508316     43.958     44.366    12.2609  34.469921     1.1111 5.3064e-02    278.314    100.092     43.958    29.4384    22.2274    1491.82 0.0000e+00
        782 148.508331     44.049     44.458    12.2616  34.471508     1.2675 5.3075e-02    278.406    100.126     44.049    29.4393    22.2280    1491.82 0.0000e+00
        783 148.508331     44.140     44.551    12.2625  34.473534     1.2675 5.3191e-02    278.423    100.132     44.140    29.4405    22.2287    1491.83 0.0000e+00
        784 148.508331     44.232     44.643    12.2637  34.476345     1.2198 5.3098e-02    278.506    100.162     44.232    29.4422    22.2299    1491.84 0.0000e+00
        785 148.508331     44.325     44.737    12.2651  34.480156     1.2350 5.3110e-02    278.420    100.131     44.325    29.4446    22.2315    1491.85 0.0000e+00
        786 148.508331     44.419     44.832    12.2670  34.484608     1.0767 5.3110e-02    278.437    100.137     44.419    29.4474    22.2333    1491.86 0.0000e+00
        787 148.508347     44.514     44.927    12.2691  34.489468     1.0843 5.3145e-02    278.419    100.130     44.514    29.4502    22.2351    1491.87 0.0000e+00
        788 148.508347     44.609     45.024    12.2716  34.495464     1.1969 5.3226e-02    278.565    100.184     44.609    29.4539    22.2375    1491.89 0.0000e+00
        789 148.508347     44.705     45.120    12.2747  34.503895     1.2083 5.3145e-02    278.484    100.161     44.705    29.4595    22.2412    1491.90 0.0000e+00
        790 148.508347     44.799     45.215    12.2787  34.513695     1.2255 5.3087e-02    278.689    100.241     44.799    29.4655    22.2452    1491.93 0.0000e+00
        791 148.508347     44.892     45.310    12.2837  34.521881     1.2388 5.3168e-02    278.658    100.233     44.892    29.4693    22.2472    1491.95 0.0000e+00
        792 148.508347     44.985     45.403    12.2889  34.527447     1.1034 5.3075e-02    278.825    100.295     44.985    29.4705    22.2472    1491.97 0.0000e+00
        793 148.508362     45.078     45.497    12.2933  34.531178     1.1187 5.3110e-02    278.883    100.318     45.078    29.4705    22.2464    1491.99 0.0000e+00
        794 148.508362     45.171     45.591    12.2967  34.533707     1.2007 5.3098e-02    278.896    100.324     45.171    29.4702    22.2455    1492.00 0.0000e+00
        795 148.508362     45.265     45.686    12.2992  34.535370     1.2007 5.3052e-02    278.742    100.270     45.265    29.4698    22.2448    1492.01 0.0000e+00
        796 148.508362     45.361     45.782    12.3009  34.536442     1.1873 5.3029e-02    278.613    100.225     45.361    29.4695    22.2442    1492.02 0.0000e+00
        797 148.508362     45.457     45.879    12.3020  34.537159     1.1587 5.3052e-02    278.519    100.192     45.457    29.4692    22.2438    1492.02 0.0000e+00
        798 148.508377     45.553     45.977    12.3028  34.537693     1.1606 5.3098e-02    278.448    100.167     45.553    29.4690    22.2435    1492.03 0.0000e+00
        799 148.508377     45.649     46.073    12.3033  34.538120     1.1435 5.3098e-02    278.563    100.208     45.649    29.4690    22.2434    1492.03 0.0000e+00
        800 148.508377     45.744     46.169    12.3037  34.538452     1.1320 5.3168e-02    278.513    100.190     45.744    29.4690    22.2433    1492.03 0.0000e+00
        801 148.508377     45.839     46.265    12.3040  34.538731     1.2274 5.3214e-02    278.528    100.195     45.839    29.4689    22.2432    1492.04 0.0000e+00
        802 148.508377     45.935     46.362    12.3043  34.539021     1.2369 5.3110e-02    278.602    100.221     45.935    29.4690    22.2432    1492.04 0.0000e+00
        803 148.508392     46.030     46.458    12.3045  34.539433     1.0786 5.3098e-02    278.645    100.237     46.030    29.4692    22.2434    1492.04 0.0000e+00
        804 148.508392     46.126     46.555    12.3047  34.540096     1.0615 5.3087e-02    278.530    100.196     46.126    29.4696    22.2436    1492.04 0.0000e+00
        805 148.508392     46.222     46.652    12.3050  34.541355     1.1034 5.3087e-02    278.497    100.183     46.222    29.4705    22.2443    1492.05 0.0000e+00
        806 148.508392     46.318     46.749    12.3055  34.543510     1.1206 5.3145e-02    278.632    100.232     46.318    29.4721    22.2455    1492.05 0.0000e+00
        807 148.508392     46.415     46.847    12.3064  34.546112     1.2198 5.3156e-02    278.595    100.220     46.415    29.4739    22.2467    1492.06 0.0000e+00
        808 148.508392     46.513     46.945    12.3076  34.548264     1.2312 5.3029e-02    278.520    100.193     46.513    29.4749    22.2472    1492.07 0.0000e+00
        809 148.508408     46.611     47.044    12.3089  34.549755     1.1435 5.3064e-02    278.607    100.224     46.611    29.4753    22.2473    1492.07 0.0000e+00
        810 148.508408     46.708     47.142    12.3100  34.550930     1.1301 5.3064e-02    278.466    100.173     46.708    29.4754    22.2472    1492.08 0.0000e+00
        811 148.508408     46.805     47.240    12.3110  34.551952     1.2160 5.3110e-02    278.591    100.218     46.805    29.4756    22.2471    1492.08 0.0000e+00
        812 148.508408     46.901     47.337    12.3118  34.552757     1.1950 5.3145e-02    278.635    100.234     46.901    29.4757    22.2471    1492.09 0.0000e+00
        813 148.508408     46.997     47.434    12.3125  34.553352     1.1435 5.3133e-02    278.676    100.248     46.997    29.4757    22.2470    1492.09 0.0000e+00
        814 148.508423     47.093     47.531    12.3130  34.553795     1.1435 5.3052e-02    278.718    100.263     47.093    29.4757    22.2468    1492.10 0.0000e+00
        815 148.508423     47.189     47.628    12.3134  34.554077     1.1626 5.3168e-02    278.695    100.255     47.189    29.4756    22.2467    1492.10 0.0000e+00
        816 148.508423     47.285     47.725    12.3137  34.554214     1.1626 5.3087e-02    278.806    100.295     47.285    29.4755    22.2465    1492.10 0.0000e+00
        817 148.508423     47.381     47.822    12.3139  34.554276     1.0805 5.3087e-02    278.873    100.320     47.381    29.4753    22.2464    1492.10 0.0000e+00
        818 148.508423     47.478     47.920    12.3140  34.554268     1.0691 5.3064e-02    279.028    100.375     47.478    29.4752    22.2463    1492.10 0.0000e+00
        819 148.508438     47.575     48.017    12.3140  34.554161     1.1816 5.3087e-02    278.981    100.358     47.575    29.4750    22.2462    1492.11 0.0000e+00
        820 148.508438     47.671     48.115    12.3140  34.554039     1.1740 5.3180e-02    278.941    100.344     47.671    29.4749    22.2461    1492.11 0.0000e+00
        821 148.508438     47.768     48.212    12.3140  34.554020     1.1626 5.3098e-02    278.958    100.350     47.768    29.4748    22.2460    1492.11 0.0000e+00
        822 148.508438     47.864     48.309    12.3140  34.554070     1.1664 5.3029e-02    278.791    100.289     47.864    29.4749    22.2461    1492.11 0.0000e+00
        823 148.508438     47.960     48.406    12.3140  34.554180     1.1721 5.3133e-02    278.996    100.363     47.960    29.4749    22.2461    1492.11 0.0000e+00
        824 148.508453     48.055     48.502    12.3140  34.554329     1.1645 5.3145e-02    279.058    100.384     48.055    29.4750    22.2462    1492.11 0.0000e+00
        825 148.508453     48.151     48.599    12.3141  34.554455     1.1721 5.3064e-02    278.910    100.331     48.151    29.4751    22.2462    1492.12 0.0000e+00
        826 148.508453     48.246     48.695    12.3141  34.554516     1.6184 5.3145e-02    278.847    100.308     48.246    29.4751    22.2462    1492.12 0.0000e+00
        827 148.508453     48.341     48.790    12.3141  34.554474     1.6203 5.3098e-02    278.890    100.323     48.341    29.4750    22.2461    1492.12 0.0000e+00
        828 148.508453     48.435     48.885    12.3142  34.554367     1.2255 5.3098e-02    278.697    100.254     48.435    29.4748    22.2460    1492.12 0.0000e+00
        829 148.508453     48.529     48.980    12.3141  34.554279     1.2369 5.3110e-02    278.668    100.244     48.529    29.4747    22.2459    1492.12 0.0000e+00
        830 148.508469     48.623     49.075    12.3141  34.554256     1.0386 5.3098e-02    278.698    100.253     48.623    29.4747    22.2459    1492.12 0.0000e+00
        831 148.508469     48.718     49.171    12.3140  34.554317     1.0348 5.3098e-02    278.626    100.227     48.718    29.4748    22.2460    1492.12 0.0000e+00
        832 148.508469     48.813     49.267    12.3140  34.554436     1.2980 5.3133e-02    278.716    100.259     48.813    29.4748    22.2461    1492.13 0.0000e+00
        833 148.508469     48.909     49.364    12.3140  34.554527     1.2923 5.3075e-02    278.783    100.284     48.909    29.4749    22.2461    1492.13 0.0000e+00
        834 148.508469     49.004     49.460    12.3141  34.554569     1.2636 5.3214e-02    278.702    100.256     49.004    29.4748    22.2460    1492.13 0.0000e+00
        835 148.508484     49.098     49.555    12.3141  34.554550     1.2694 5.3133e-02    278.574    100.210     49.098    29.4748    22.2460    1492.13 0.0000e+00
        836 148.508484     49.190     49.648    12.3141  34.554466     1.0729 5.3133e-02    278.339    100.126     49.190    29.4746    22.2459    1492.13 0.0000e+00
        837 148.508484     49.282     49.741    12.3141  34.554359     1.0882 5.3098e-02    278.304    100.115     49.282    29.4745    22.2458    1492.13 0.0000e+00
        838 148.508484     49.374     49.834    12.3141  34.554234     1.1683 5.3098e-02    278.047    100.023     49.374    29.4744    22.2457    1492.14 0.0000e+00
        839 148.508484     49.467     49.928    12.3140  34.554035     1.1816 5.3087e-02    277.971     99.995     49.467    29.4742    22.2456    1492.14 0.0000e+00
        840 148.508499     49.561     50.022    12.3140  34.553783     1.1740 5.3168e-02    278.122    100.050     49.561    29.4740    22.2454    1492.14 0.0000e+00
        841 148.508499     49.655     50.117    12.3139  34.553532     1.1645 5.3191e-02    278.118    100.048     49.655    29.4738    22.2453    1492.14 0.0000e+00
        842 148.508499     49.749     50.212    12.3138  34.553341     1.1435 5.3133e-02    278.152    100.060     49.749    29.4736    22.2452    1492.14 0.0000e+00
        843 148.508499     49.842     50.306    12.3136  34.553211     1.1416 5.3110e-02    278.289    100.109     49.842    29.4736    22.2452    1492.14 0.0000e+00
        844 148.508499     49.934     50.398    12.3135  34.553116     1.1263 5.3064e-02    278.335    100.125     49.934    29.4735    22.2452    1492.14 0.0000e+00
        845 148.508514     50.025     50.490    12.3134  34.553055     1.1149 5.3145e-02    278.326    100.122     50.025    29.4735    22.2452    1492.14 0.0000e+00
        846 148.508514     50.116     50.582    12.3134  34.553001     1.1149 5.3087e-02    278.449    100.166     50.116    29.4735    22.2452    1492.14 0.0000e+00
        847 148.508514     50.208     50.675    12.3133  34.552879     1.1416 5.3098e-02    278.504    100.185     50.208    29.4734    22.2451    1492.15 0.0000e+00
        848 148.508514     50.300     50.768    12.3132  34.552742     1.1244 5.2994e-02    278.426    100.157     50.300    29.4733    22.2450    1492.15 0.0000e+00
        849 148.508514     50.393     50.862    12.3132  34.552742     1.2579 5.3098e-02    278.449    100.165     50.393    29.4733    22.2450    1492.15 0.0000e+00
        850 148.508514     50.485     50.955    12.3131  34.552921     1.2503 5.3168e-02    278.547    100.201     50.485    29.4735    22.2452    1492.15 0.0000e+00
        851 148.508530     50.577     51.048    12.3132  34.553249     1.2923 5.3098e-02    278.545    100.203     50.577    29.4737    22.2454    1492.15 0.0000e+00
        852 148.508530     50.668     51.139    12.3132  34.553661     1.2942 5.3145e-02    278.507    100.196     50.668    29.4740    22.2456    1492.15 0.0000e+00
        853 148.508530     50.758     51.230    12.3134  34.554104     1.2045 5.3145e-02    278.490    100.197     50.758    29.4743    22.2458    1492.16 0.0000e+00
        854 148.508530     50.849     51.322    12.3136  34.554482     1.2026 5.3075e-02    278.469    100.193     50.849    29.4745    22.2459    1492.16 0.0000e+00
        855 148.508530     50.940     51.414    12.3138  34.554707     1.1416 5.3098e-02    278.450    100.189     50.940    29.4745    22.2458    1492.16 0.0000e+00
        856 148.508545     51.032     51.507    12.3140  34.554790     1.1378 5.3087e-02    278.487    100.204     51.032    29.4743    22.2457    1492.16 0.0000e+00
        857 148.508545     51.124     51.600    12.3141  34.554802     1.0996 5.3191e-02    278.688    100.277     51.124    29.4742    22.2456    1492.16 0.0000e+00
        858 148.508545     51.215     51.692    12.3142  34.554768     1.1130 5.3052e-02    278.941    100.368     51.215    29.4741    22.2455    1492.17 0.0000e+00
        859 148.508545     51.306     51.784    12.3142  34.554688     1.2064 5.3214e-02    279.134    100.438     51.306    29.4740    22.2454    1492.17 0.0000e+00
        860 148.508545     51.396     51.874    12.3142  34.554577     1.2026 5.3156e-02    279.356    100.518     51.396    29.4739    22.2453    1492.17 0.0000e+00
        861 148.508560     51.486     51.965    12.3141  34.554493     1.1358 5.3168e-02    279.671    100.634     51.486    29.4738    22.2453    1492.17 0.0000e+00
        862 148.508560     51.576     52.056    12.3141  34.554478     1.1130 5.3098e-02    279.773    100.672     51.576    29.4738    22.2453    1492.17 0.0000e+00
        863 148.508560     51.666     52.147    12.3140  34.554546     1.2045 5.3191e-02    280.108    100.794     51.666    29.4739    22.2454    1492.17 0.0000e+00
        864 148.508560     51.757     52.239    12.3140  34.554703     1.2026 5.3214e-02    280.124    100.800     51.757    29.4740    22.2455    1492.17 0.0000e+00
        865 148.508560     51.848     52.331    12.3140  34.555004     1.1721 5.3098e-02    280.052    100.777     51.848    29.4742    22.2456    1492.18 0.0000e+00
        866 148.508560     51.939     52.423    12.3142  34.555569     1.1664 5.3098e-02    280.020    100.770     51.939    29.4746    22.2459    1492.18 0.0000e+00
        867 148.508575     52.029     52.514    12.3144  34.556599     1.1702 5.3075e-02    280.109    100.807     52.029    29.4754    22.2465    1492.18 0.0000e+00
