Loch_Etive/CTD_data_US/2025-05-28/sbe55_sbe19p_5215_20250528_re9.cnv
* Sea-Bird SBE 19plus Data File:
* FileName = C:\Data\sbe55_sbe19p_5215\2025-05-28\sbe55_sbe19p_5215_20250528_re9072.hex
* Software Version SeatermAF 2.1.4
* Temperature SN = 5215
* Conductivity SN = 5215
* System UpLoad Time = May 28 2025 13:10:54 (localtime) = May 28 2025 13:10:54 (UTC)
* ds
* SeacatPlus V 1.6b  SERIAL NO. 5215    28 May 2025  13:10:24
# nquan = 15                                
# nvalues = 1387                        
# units = specified
# name 0 = scan: Scan Count
# name 1 = timeJ: Julian Days
# name 2 = depSM: Depth [salt water, m], lat = 56.00
# name 3 = prdM: Pressure, Strain Gauge [db]
# name 4 = tv290C: Temperature [ITS-90, deg C]
# name 5 = c0mS/cm: Conductivity [mS/cm]
# name 6 = flECO-AFL: Fluorescence, WET Labs ECO-AFL/FL [mg/m^3]
# name 7 = par/sat/log: PAR/Logarithmic, Satlantic [umol photons/m^2/sec]
# name 8 = sbeox0Mm/L: Oxygen, SBE 43 [umol/l]
# name 9 = sbeox0PS: Oxygen, SBE 43 [% saturation]
# name 10 = depSM: Depth [salt water, m], lat = 56
# name 11 = sal00: Salinity, Practical [PSU]
# name 12 = sigma-é00: Density [sigma-theta, kg/m^3]
# name 13 = svCM: Sound Velocity [Chen-Millero, m/s]
# name 14 = flag: flag
# span 0 =          1,       1387       
# span 1 = 148.543777, 148.547791       
# span 2 =     -0.104,     49.851       
# span 3 =     -0.105,     50.315       
# span 4 =    11.5347,    12.4963       
# span 5 =  -0.380474,  35.413841       
# span 6 =    -0.0315,   123.8565       
# span 7 = 5.2971e-02, 6.2978e+02       
# span 8 =    175.008,    345.167       
# span 9 =     61.196,    108.606       
# span 10 =     -0.104,     49.851      
# span 11 =     0.0000,    30.8643      
# span 12 =    -0.4495,    23.4506      
# span 13 =    1453.26,    1491.37      
# span 14 = 0.0000e+00, 0.0000e+00      
# interval = seconds: 0.25
# start_time = May 28 2025 13:03:03 [Instrument's time stamp, header]
# bad_flag = -9.990e-29
*END*
[from data line 1157]
       1158 148.547134     20.460     20.649    11.7720  34.657444     1.6756 3.7084e-01    280.479    100.056     20.460    30.0153    22.7624    1490.42 0.0000e+00
       1159 148.547134     20.355     20.543    11.7737  34.657162     1.6947 3.9311e-01    280.414    100.030     20.355    30.0137    22.7608    1490.42 0.0000e+00
       1160 148.547134     20.251     20.438    11.7754  34.656792     1.6680 3.9543e-01    280.399    100.020     20.251    30.0120    22.7592    1490.43 0.0000e+00
       1161 148.547134     20.147     20.333    11.7771  34.656326     1.6508 4.0311e-01    280.318     99.986     20.147    30.0103    22.7576    1490.43 0.0000e+00
       1162 148.547150     20.043     20.228    11.7786  34.655689     1.9636 4.0816e-01    280.350     99.993     20.043    30.0085    22.7559    1490.43 0.0000e+00
       1163 148.547150     19.939     20.123    11.7799  34.654766     1.9408 4.4019e-01    280.214     99.938     19.939    30.0066    22.7542    1490.43 0.0000e+00
       1164 148.547150     19.834     20.017    11.7809  34.653481     1.7100 4.5040e-01    280.081     99.886     19.834    30.0046    22.7525    1490.43 0.0000e+00
       1165 148.547150     19.730     19.912    11.7815  34.651680     1.7062 4.6307e-01    280.153     99.910     19.730    30.0024    22.7507    1490.43 0.0000e+00
       1166 148.547150     19.625     19.806    11.7818  34.649326     2.2326 4.7505e-01    280.296     99.962     19.625    30.0000    22.7487    1490.42 0.0000e+00
       1167 148.547165     19.519     19.700    11.7818  34.646492     2.2421 4.8863e-01    280.354     99.980     19.519    29.9972    22.7466    1490.42 0.0000e+00
       1168 148.547165     19.414     19.593    11.7817  34.643074     1.8282 4.9507e-01    280.356     99.977     19.414    29.9941    22.7442    1490.41 0.0000e+00
       1169 148.547165     19.309     19.487    11.7815  34.638950     1.8130 5.0259e-01    280.389     99.987     19.309    29.9903    22.7413    1490.41 0.0000e+00
       1170 148.547165     19.203     19.380    11.7812  34.633904     1.9274 5.1436e-01    280.338     99.959     19.203    29.9858    22.7378    1490.40 0.0000e+00
       1171 148.547165     19.098     19.274    11.7809  34.627808     1.9350 5.3300e-01    280.328     99.952     19.098    29.9803    22.7336    1490.39 0.0000e+00
       1172 148.547180     18.992     19.167    11.7804  34.621071     1.6890 5.5352e-01    280.141     99.877     18.992    29.9742    22.7289    1490.38 0.0000e+00
       1173 148.547180     18.887     19.061    11.7800  34.614155     1.6756 5.5135e-01    279.879     99.786     18.887    29.9679    22.7242    1490.37 0.0000e+00
       1174 148.547180     18.782     18.955    11.7795  34.607159     1.7100 5.7659e-01    279.885     99.778     18.782    29.9616    22.7194    1490.36 0.0000e+00
       1175 148.547180     18.677     18.849    11.7789  34.600166     1.7157 5.9736e-01    280.038     99.828     18.677    29.9554    22.7147    1490.35 0.0000e+00
       1176 148.547180     18.572     18.744    11.7783  34.593513     1.6222 6.1308e-01    279.761     99.703     18.572    29.9496    22.7102    1490.33 0.0000e+00
       1177 148.547180     18.467     18.638    11.7777  34.587368     1.6280 6.3295e-01    280.157     99.835     18.467    29.9442    22.7062    1490.32 0.0000e+00
       1178 148.547195     18.362     18.531    11.7771  34.581421     2.0457 6.4876e-01    280.050     99.799     18.362    29.9390    22.7023    1490.31 0.0000e+00
       1179 148.547195     18.256     18.425    11.7765  34.575428     2.0609 6.5488e-01    280.083     99.816     18.256    29.9338    22.6983    1490.30 0.0000e+00
       1180 148.547195     18.150     18.318    11.7760  34.569405     1.9255 6.9284e-01    280.058     99.800     18.150    29.9285    22.6943    1490.29 0.0000e+00
       1181 148.547195     18.044     18.211    11.7755  34.563549     1.9369 7.1092e-01    280.133     99.816     18.044    29.9233    22.6903    1490.28 0.0000e+00
       1182 148.547195     17.938     18.104    11.7750  34.558353     1.9293 7.2504e-01    280.072     99.776     17.938    29.9187    22.6869    1490.28 0.0000e+00
       1183 148.547211     17.833     17.997    11.7747  34.553986     1.7653 7.4967e-01    279.876     99.700     17.833    29.9148    22.6839    1490.27 0.0000e+00
       1184 148.547211     17.727     17.891    11.7745  34.549759     1.7824 7.6874e-01    279.774     99.656     17.727    29.9109    22.6809    1490.26 0.0000e+00
       1185 148.547211     17.622     17.784    11.7745  34.544678     2.1811 8.0975e-01    279.696     99.633     17.622    29.9061    22.6772    1490.25 0.0000e+00
       1186 148.547211     17.517     17.678    11.7747  34.538166     2.1754 8.0481e-01    279.474     99.548     17.517    29.8998    22.6722    1490.24 0.0000e+00
       1187 148.547211     17.411     17.572    11.7751  34.529724     1.9865 8.3983e-01    279.289     99.480     17.411    29.8913    22.6656    1490.23 0.0000e+00
       1188 148.547226     17.306     17.466    11.7760  34.519108     1.9923 8.5369e-01    279.211     99.437     17.306    29.8805    22.6570    1490.22 0.0000e+00
       1189 148.547226     17.200     17.359    11.7774  34.506599     1.6756 9.0891e-01    279.028     99.352     17.200    29.8674    22.6467    1490.21 0.0000e+00
       1190 148.547226     17.094     17.252    11.7793  34.492519     1.6737 9.1469e-01    279.108     99.364     17.094    29.8524    22.6347    1490.20 0.0000e+00
       1191 148.547226     16.988     17.145    11.7816  34.476696     1.9541 9.6097e-01    279.150     99.382     16.988    29.8354    22.6211    1490.18 0.0000e+00
       1192 148.547226     16.882     17.038    11.7841  34.458477     1.9465 9.7684e-01    278.898     99.290     16.882    29.8160    22.6056    1490.17 0.0000e+00
       1193 148.547241     16.777     16.931    11.7866  34.437675     1.7367 1.0111e+00    278.914     99.294     16.777    29.7940    22.5881    1490.15 0.0000e+00
       1194 148.547241     16.672     16.825    11.7891  34.415955     1.7386 1.0364e+00    279.145     99.372     16.672    29.7712    22.5700    1490.13 0.0000e+00
       1195 148.547241     16.567     16.719    11.7914  34.397072     1.8568 1.0627e+00    279.259     99.372     16.567    29.7514    22.5541    1490.11 0.0000e+00
       1196 148.547241     16.461     16.613    11.7932  34.382874     1.8645 1.1063e+00    279.294     99.371     16.461    29.7363    22.5422    1490.10 0.0000e+00
       1197 148.547241     16.356     16.507    11.7944  34.371101     1.9236 1.1497e+00    279.252     99.368     16.356    29.7241    22.5324    1490.08 0.0000e+00
       1198 148.547241     16.250     16.400    11.7951  34.358635     1.9369 1.1615e+00    279.312     99.394     16.250    29.7116    22.5226    1490.07 0.0000e+00
       1199 148.547256     16.144     16.293    11.7955  34.344349     1.8320 1.2018e+00    279.248     99.377     16.144    29.6977    22.5117    1490.05 0.0000e+00
       1200 148.547256     16.039     16.186    11.7958  34.329433     1.8301 1.2369e+00    279.347     99.398     16.039    29.6831    22.5004    1490.04 0.0000e+00
       1201 148.547256     15.932     16.079    11.7962  34.315773     2.1391 1.2698e+00    279.370     99.374     15.932    29.6698    22.4900    1490.02 0.0000e+00
       1202 148.547256     15.826     15.972    11.7965  34.304199     2.1429 1.2987e+00    279.174     99.292     15.826    29.6585    22.4812    1490.00 0.0000e+00
       1203 148.547256     15.720     15.865    11.7969  34.293816     1.7462 1.3558e+00    279.090     99.279     15.720    29.6483    22.4732    1489.99 0.0000e+00
       1204 148.547272     15.614     15.758    11.7973  34.282673     1.7271 1.4037e+00    279.092     99.284     15.614    29.6373    22.4646    1489.98 0.0000e+00
       1205 148.547272     15.509     15.652    11.7976  34.269070     1.7519 1.4300e+00    278.956     99.229     15.509    29.6241    22.4543    1489.96 0.0000e+00
       1206 148.547272     15.405     15.547    11.7980  34.252285     2.1124 1.4580e+00    279.050     99.260     15.405    29.6077    22.4415    1489.94 0.0000e+00
       1207 148.547272     15.301     15.442    11.7986  34.233540     2.1086 1.5059e+00    278.917     99.209     15.301    29.5893    22.4272    1489.92 0.0000e+00
       1208 148.547272     15.197     15.337    11.7995  34.215542     1.9217 1.5419e+00    278.804     99.162     15.197    29.5714    22.4131    1489.90 0.0000e+00
       1209 148.547287     15.092     15.231    11.8009  34.199402     1.8950 1.6051e+00    278.755     99.141     15.092    29.5549    22.4000    1489.88 0.0000e+00
       1210 148.547287     14.987     15.125    11.8027  34.183414     2.0724 1.6437e+00    278.670     99.116     14.987    29.5381    22.3867    1489.87 0.0000e+00
       1211 148.547287     14.881     15.018    11.8049  34.165165     2.0819 1.7111e+00    278.637     99.106     14.881    29.5190    22.3714    1489.85 0.0000e+00
       1212 148.547287     14.776     14.912    11.8074  34.142525     1.9179 1.7402e+00    278.796     99.163     14.776    29.4954    22.3527    1489.83 0.0000e+00
       1213 148.547287     14.671     14.806    11.8102  34.116741     1.9179 1.7926e+00    278.820     99.165     14.671    29.4685    22.3314    1489.81 0.0000e+00
       1214 148.547287     14.566     14.700    11.8133  34.093864     1.8034 1.8531e+00    278.856     99.172     14.566    29.4441    22.3119    1489.79 0.0000e+00
       1215 148.547302     14.461     14.594    11.8166  34.077057     1.8072 1.9173e+00    278.906     99.193     14.461    29.4255    22.2969    1489.77 0.0000e+00
       1216 148.547302     14.355     14.488    11.8193  34.063740     1.8912 1.9812e+00    278.994     99.228     14.355    29.4107    22.2849    1489.76 0.0000e+00
       1217 148.547302     14.250     14.382    11.8215  34.049675     1.8835 2.0333e+00    278.813     99.159     14.250    29.3955    22.2728    1489.75 0.0000e+00
       1218 148.547302     14.145     14.275    11.8234  34.031696     2.1449 2.0769e+00    278.878     99.182     14.145    29.3769    22.2580    1489.73 0.0000e+00
       1219 148.547302     14.040     14.169    11.8254  34.011421     2.1391 2.1237e+00    278.624     99.091     14.040    29.3559    22.2413    1489.71 0.0000e+00
       1220 148.547318     13.934     14.063    11.8277  33.994610     1.8931 2.1906e+00    278.552     99.059     13.934    29.3380    22.2271    1489.70 0.0000e+00
       1221 148.547318     13.828     13.956    11.8301  33.983578     1.8969 2.2819e+00    278.612     99.076     13.828    29.3257    22.2171    1489.69 0.0000e+00
       1222 148.547318     13.721     13.848    11.8321  33.975208     2.0552 2.3537e+00    278.561     99.056     13.721    29.3161    22.2093    1489.68 0.0000e+00
       1223 148.547318     13.615     13.740    11.8338  33.966854     2.0609 2.4157e+00    278.506     99.037     13.615    29.3068    22.2018    1489.68 0.0000e+00
       1224 148.547318     13.508     13.633    11.8353  33.958271     1.8397 2.4891e+00    278.281     98.957     13.508    29.2975    22.1943    1489.67 0.0000e+00
       1225 148.547333     13.402     13.526    11.8368  33.949451     1.8473 2.5563e+00    278.344     98.973     13.402    29.2879    22.1866    1489.66 0.0000e+00
       1226 148.547333     13.297     13.419    11.8384  33.940754     1.9331 2.6110e+00    278.078     98.877     13.297    29.2784    22.1789    1489.65 0.0000e+00
       1227 148.547333     13.191     13.312    11.8400  33.933365     1.9198 2.7181e+00    278.004     98.838     13.191    29.2701    22.1722    1489.65 0.0000e+00
       1228 148.547333     13.084     13.205    11.8416  33.927830     1.8702 2.8562e+00    278.151     98.889     13.084    29.2636    22.1669    1489.64 0.0000e+00
       1229 148.547333     12.977     13.097    11.8430  33.923138     1.8530 2.9224e+00    278.416     98.984     12.977    29.2580    22.1623    1489.64 0.0000e+00
       1230 148.547348     12.870     12.989    11.8442  33.917931     1.8549 3.0224e+00    278.573     99.037     12.870    29.2522    22.1575    1489.64 0.0000e+00
       1231 148.547348     12.763     12.881    11.8453  33.911819     1.7214 3.1033e+00    278.764     99.099     12.763    29.2455    22.1522    1489.63 0.0000e+00
       1232 148.547348     12.655     12.772    11.8465  33.905743     1.6909 3.1913e+00    278.899     99.149     12.655    29.2388    22.1467    1489.63 0.0000e+00
       1233 148.547348     12.548     12.663    11.8478  33.900692     2.5530 3.2983e+00    278.953     99.158     12.548    29.2330    22.1421    1489.62 0.0000e+00
       1234 148.547348     12.439     12.554    11.8489  33.896183     2.5435 3.4037e+00    278.961     99.160     12.439    29.2278    22.1378    1489.62 0.0000e+00
       1235 148.547348     12.331     12.445    11.8499  33.891357     1.9331 3.5124e+00    278.942     99.156     12.331    29.2225    22.1335    1489.61 0.0000e+00
       1236 148.547363     12.224     12.336    11.8509  33.886051     1.9255 3.6159e+00    278.677     99.063     12.224    29.2167    22.1289    1489.61 0.0000e+00
       1237 148.547363     12.117     12.228    11.8519  33.879749     2.1868 3.7404e+00    278.585     99.028     12.117    29.2100    22.1234    1489.60 0.0000e+00
       1238 148.547363     12.010     12.121    11.8530  33.872097     2.1811 3.8507e+00    278.382     98.952     12.010    29.2018    22.1169    1489.59 0.0000e+00
       1239 148.547363     11.904     12.014    11.8544  33.863777     1.7939 3.9486e+00    278.431     98.967     11.904    29.1928    22.1097    1489.59 0.0000e+00
       1240 148.547363     11.797     11.906    11.8559  33.855515     1.7977 4.0810e+00    278.272     98.910     11.797    29.1838    22.1024    1489.58 0.0000e+00
       1241 148.547379     11.690     11.797    11.8575  33.847324     2.4443 4.1948e+00    278.252     98.904     11.690    29.1747    22.0951    1489.57 0.0000e+00
       1242 148.547379     11.581     11.688    11.8591  33.838531     2.4538 4.3373e+00    278.093     98.848     11.581    29.1651    22.0874    1489.56 0.0000e+00
       1243 148.547379     11.473     11.579    11.8606  33.828709     2.0571 4.4720e+00    277.982     98.807     11.473    29.1546    22.0789    1489.55 0.0000e+00
       1244 148.547379     11.365     11.469    11.8622  33.817905     2.0419 4.6098e+00    278.012     98.816     11.365    29.1431    22.0698    1489.54 0.0000e+00
       1245 148.547379     11.256     11.360    11.8638  33.806759     1.8130 4.7457e+00    277.924     98.781     11.256    29.1313    22.0603    1489.53 0.0000e+00
       1246 148.547394     11.148     11.251    11.8653  33.796627     1.8015 4.8824e+00    278.016     98.812     11.148    29.1204    22.0516    1489.52 0.0000e+00
       1247 148.547394     11.040     11.142    11.8669  33.787735     1.9522 5.0186e+00    278.142     98.858     11.040    29.1108    22.0438    1489.52 0.0000e+00
       1248 148.547394     10.932     11.032    11.8683  33.779171     1.9617 5.1982e+00    278.126     98.852     10.932    29.1015    22.0364    1489.51 0.0000e+00
       1249 148.547394     10.824     10.924    11.8696  33.770802     1.8263 5.3490e+00    278.045     98.824     10.824    29.0926    22.0293    1489.50 0.0000e+00
       1250 148.547394     10.716     10.815    11.8708  33.762695     1.8435 5.4863e+00    278.049     98.822     10.716    29.0839    22.0223    1489.49 0.0000e+00
       1251 148.547409     10.608     10.706    11.8720  33.754902     1.7729 5.6332e+00    277.993     98.798     10.608    29.0756    22.0156    1489.49 0.0000e+00
       1252 148.547409     10.499     10.596    11.8732  33.748402     1.7691 5.8195e+00    278.005     98.796     10.499    29.0685    22.0100    1489.48 0.0000e+00
       1253 148.547409     10.390     10.485    11.8742  33.743546     1.9007 6.0238e+00    277.976     98.780     10.390    29.0631    22.0056    1489.47 0.0000e+00
