Loch_Etive/CTD_data_US/2025-05-28/sbe55_sbe19p_5215_20250528_re9_1m.cnv
* Sea-Bird SBE 19plus Data File:
* FileName = C:\Data\sbe55_sbe19p_5215\2025-05-28\sbe55_sbe19p_5215_20250528_re9072.hex
* Software Version SeatermAF 2.1.4
* Temperature SN = 5215
* Conductivity SN = 5215
* System UpLoad Time = May 28 2025 13:10:54 (localtime) = May 28 2025 13:10:54 (UTC)
* ds
* SeacatPlus V 1.6b  SERIAL NO. 5215    28 May 2025  13:10:24
# nquan = 15
# nvalues = 99                          
# units = specified
# name 0 = scan: Scan Count
# name 1 = timeJ: Julian Days
# name 2 = depSM: Depth [salt water, m], lat = 56.00
# name 3 = prdM: Pressure, Strain Gauge [db]
# name 4 = tv290C: Temperature [ITS-90, deg C]
# name 5 = c0mS/cm: Conductivity [mS/cm]
# name 6 = flECO-AFL: Fluorescence, WET Labs ECO-AFL/FL [mg/m^3]
# name 7 = par/sat/log: PAR/Logarithmic, Satlantic [umol photons/m^2/sec]
# name 8 = sbeox0Mm/L: Oxygen, SBE 43 [umol/l]
# name 9 = sbeox0PS: Oxygen, SBE 43 [% saturation]
# name 10 = depSM: Depth [salt water, m], lat = 56
# name 11 = sal00: Salinity, Practical [PSU]
# name 12 = sigma-é00: Density [sigma-theta, kg/m^3]
# name 13 = svCM: Sound Velocity [Chen-Millero, m/s]
# name 14 = flag: flag
# span 0 =        228,       1341       
# span 1 = 148.544443, 148.547662       
# span 2 =      1.000,     50.000       
# span 3 =      1.009,     50.466       
# span 4 =    11.6117,    12.3670       
# span 5 =  30.016664,  35.414574       
# span 6 =     1.5657,     3.6878       
# span 7 = 5.3080e-02, 3.2909e+02       
# span 8 =    237.535,    291.790       
# span 9 =     83.417,    100.706       
# span 10 =      1.000,     50.000      
# span 11 =    25.2127,    30.8649      
# span 12 =    18.9395,    23.4510      
# span 13 =    1486.43,    1491.37      
# span 14 = 0.0000e+00, 0.0000e+00      
# interval = meters: 1                  
# start_time = May 28 2025 13:03:03 [Instrument's time stamp, header]
# bad_flag = -9.990e-29
*END*
        228 148.544443      1.000      1.009    12.3586  30.016664     3.6878 2.2023e+02    237.535     83.417      1.000    25.2127    18.9395    1486.43 0.0000e+00
        353 148.544802      2.000      2.019    12.3258  31.548088     3.1679 1.1174e+02    281.801     99.824      2.000    26.6576    20.0625    1488.04 0.0000e+00
        364 148.544836      3.000      3.028    12.2310  32.039948     2.7982 6.0560e+01    277.996     98.431      3.000    27.1858    20.4880    1488.36 0.0000e+00
        375 148.544868      4.000      4.037    12.0685  32.586578     2.3937 4.0187e+01    276.211     97.843      4.000    27.8192    21.0072    1488.56 0.0000e+00
        387 148.544900      5.000      5.046    11.9990  32.745653     2.3300 2.8473e+01    278.137     98.633      5.000    28.0211    21.1759    1488.58 0.0000e+00
        398 148.544934      6.000      6.055    12.0086  32.841922     2.3981 2.0068e+01    278.745     98.906      6.000    28.1047    21.2390    1488.73 0.0000e+00
        409 148.544965      7.000      7.064    11.9905  33.077237     2.4086 1.4131e+01    276.232     98.090      7.000    28.3410    21.4253    1488.96 0.0000e+00
        420 148.544995      8.000      8.074    11.9357  33.301167     2.0785 9.9277e+00    275.844     98.057      8.000    28.5951    21.6319    1489.09 0.0000e+00
        430 148.545024      9.000      9.083    11.9052  33.525974     2.0543 7.1282e+00    277.233     98.560      9.000    28.8321    21.8210    1489.28 0.0000e+00
        440 148.545053     10.000     10.092    11.8843  33.715445     1.8507 5.1595e+00    277.697     98.773     10.000    29.0286    21.9770    1489.46 0.0000e+00
        450 148.545083     11.000     11.101    11.8787  33.761609     1.9559 3.7827e+00    278.258     98.984     11.000    29.0766    22.0153    1489.52 0.0000e+00
        460 148.545114     12.000     12.111    11.8619  33.880037     2.0154 2.7705e+00    277.639     98.767     12.000    29.2024    22.1158    1489.63 0.0000e+00
        470 148.545141     13.000     13.120    11.8459  33.938705     2.0538 2.0360e+00    278.335     99.058     13.000    29.2706    22.1716    1489.67 0.0000e+00
        480 148.545170     14.000     14.129    11.8368  33.983991     1.9171 1.5211e+00    278.394     99.127     14.000    29.3207    22.2120    1489.71 0.0000e+00
        490 148.545201     15.000     15.138    11.8294  34.077695     1.8343 1.1405e+00    278.855     99.335     15.000    29.4158    22.2871    1489.82 0.0000e+00
        501 148.545230     16.000     16.148    11.8107  34.209767     1.8749 8.5790e-01    279.205     99.579     16.000    29.5566    22.3996    1489.93 0.0000e+00
        511 148.545260     17.000     17.157    11.8027  34.338756     1.8510 6.4666e-01    279.940     99.829     17.000    29.6862    22.5016    1490.08 0.0000e+00
        521 148.545289     18.000     18.166    11.7847  34.525566     1.9639 4.8502e-01    279.628     99.730     18.000    29.8795    22.6547    1490.26 0.0000e+00
        531 148.545318     19.000     19.176    11.7693  34.559465     1.7960 3.7498e-01    279.056     99.557     19.000    29.9240    22.6920    1490.28 0.0000e+00
        541 148.545345     20.000     20.185    11.7668  34.592475     1.9006 2.9027e-01    279.491     99.743     20.000    29.9573    22.7183    1490.33 0.0000e+00
        551 148.545376     21.000     21.194    11.7515  34.686847     1.8806 2.2364e-01    280.841    100.251     21.000    30.0599    22.8007    1490.41 0.0000e+00
        561 148.545405     22.000     22.203    11.7442  34.754468     1.9235 1.7652e-01    280.909    100.353     22.000    30.1304    22.8567    1490.49 0.0000e+00
        571 148.545435     23.000     23.213    11.7528  34.795100     1.8372 1.3902e-01    280.977    100.450     23.000    30.1621    22.8798    1490.57 0.0000e+00
        581 148.545463     24.000     24.222    11.7835  34.852867     1.7763 1.0657e-01    280.888    100.432     24.000    30.1924    22.8978    1490.73 0.0000e+00
        591 148.545493     25.000     25.231    11.7977  34.900332     1.8101 7.9161e-02    280.326    100.203     25.000    30.2261    22.9214    1490.84 0.0000e+00
        602 148.545522     26.000     26.240    11.7860  34.943231     1.8448 6.3017e-02    279.708     99.977     26.000    30.2764    22.9626    1490.88 0.0000e+00
        612 148.545553     27.000     27.250    11.7525  34.985828     1.7235 5.5822e-02    279.767    100.033     27.000    30.3443    23.0213    1490.86 0.0000e+00
        622 148.545580     28.000     28.259    11.7381  35.035276     1.6622 5.3892e-02    280.007    100.147     28.000    30.4033    23.0696    1490.89 0.0000e+00
        632 148.545611     29.000     29.268    11.7456  35.071675     1.7449 5.3184e-02    279.583    100.040     29.000    30.4318    23.0905    1490.97 0.0000e+00
        642 148.545640     30.000     30.278    11.7521  35.111491     1.6999 5.3096e-02    279.755    100.136     30.000    30.4645    23.1146    1491.05 0.0000e+00
        653 148.545670     31.000     31.287    11.7586  35.165769     1.8206 5.3109e-02    279.563    100.029     31.000    30.5110    23.1496    1491.14 0.0000e+00
        663 148.545701     32.000     32.296    11.7452  35.225594     1.6194 5.3092e-02    279.888    100.125     32.000    30.5792    23.2050    1491.19 0.0000e+00
        674 148.545732     33.000     33.306    11.7213  35.227252     1.6195 5.3122e-02    279.563    100.000     33.000    30.6001    23.2255    1491.15 0.0000e+00
        685 148.545763     34.000     34.315    11.7124  35.224895     1.7043 5.3109e-02    279.766    100.057     34.000    30.6048    23.2307    1491.14 0.0000e+00
        696 148.545795     35.000     35.324    11.7075  35.225928     1.6623 5.3114e-02    280.446    100.285     35.000    30.6094    23.2352    1491.15 0.0000e+00
        706 148.545826     36.000     36.334    11.6884  35.242002     1.6347 5.3100e-02    280.357    100.257     36.000    30.6403    23.2626    1491.14 0.0000e+00
        717 148.545855     37.000     37.343    11.6798  35.254094     1.6629 5.3105e-02    280.150    100.181     37.000    30.6586    23.2784    1491.14 0.0000e+00
        727 148.545886     38.000     38.353    11.6810  35.255538     1.6642 5.3095e-02    280.194    100.201     38.000    30.6586    23.2782    1491.17 0.0000e+00
        737 148.545915     39.000     39.362    11.6804  35.257189     1.6564 5.3088e-02    280.186    100.203     39.000    30.6603    23.2796    1491.18 0.0000e+00
        748 148.545947     40.000     40.371    11.6776  35.273089     1.6212 5.3111e-02    280.457    100.296     40.000    30.6776    23.2936    1491.21 0.0000e+00
        759 148.545976     41.000     41.381    11.6729  35.290199     1.6060 5.3091e-02    280.395    100.269     41.000    30.6976    23.3100    1491.23 0.0000e+00
        769 148.546007     42.000     42.390    11.6624  35.309783     1.6424 5.3092e-02    280.226    100.211     42.000    30.7248    23.3329    1491.25 0.0000e+00
        780 148.546038     43.000     43.400    11.6560  35.323517     1.6548 5.3113e-02    279.863    100.085     43.000    30.7430    23.3482    1491.26 0.0000e+00
        790 148.546068     44.000     44.408    11.6540  35.333991     1.6610 5.3111e-02    280.341    100.259     44.000    30.7543    23.3574    1491.29 0.0000e+00
        801 148.546100     45.000     45.418    11.6521  35.345485     1.6687 5.3116e-02    280.481    100.307     45.000    30.7667    23.3674    1491.31 0.0000e+00
        812 148.546131     46.000     46.428    11.6519  35.350409     1.6590 5.3103e-02    280.177    100.174     46.000    30.7712    23.3709    1491.33 0.0000e+00
        822 148.546162     47.000     47.437    11.6359  35.375369     1.6189 5.3088e-02    279.866    100.060     47.000    30.8082    23.4025    1491.34 0.0000e+00
        833 148.546191     48.000     48.446    11.6149  35.400028     1.7083 5.3117e-02    279.903    100.077     48.000    30.8491    23.4381    1491.33 0.0000e+00
        844 148.546224     49.000     49.456    11.6128  35.409095     1.6398 5.3098e-02    280.010    100.114     49.000    30.8592    23.4464    1491.35 0.0000e+00
        864 148.546282     50.000     50.466    11.6117  35.414574     1.6947 5.3080e-02    279.444     99.913     50.000    30.8649    23.4510    1491.37 0.0000e+00
        873 148.546307     49.000     49.456    11.6127  35.412043     1.7580 5.3102e-02    279.723    100.006     49.000    30.8621    23.4486    1491.35 0.0000e+00
        883 148.546336     48.000     48.447    11.6134  35.407571     1.7744 5.3108e-02    279.929    100.084     48.000    30.8576    23.4449    1491.33 0.0000e+00
        893 148.546364     47.000     47.437    11.6152  35.394350     1.7487 5.3110e-02    280.421    100.280     47.000    30.8437    23.4338    1491.31 0.0000e+00
        903 148.546395     46.000     46.427    11.6284  35.373261     1.7262 5.3082e-02    279.698    100.025     46.000    30.8127    23.4074    1491.30 0.0000e+00
        912 148.546421     45.000     45.418    11.6454  35.357561     1.6550 5.3116e-02    280.045    100.144     45.000    30.7838    23.3819    1491.31 0.0000e+00
        922 148.546451     44.000     44.409    11.6495  35.347805     1.7823 5.3111e-02    280.313    100.234     44.000    30.7714    23.3715    1491.29 0.0000e+00
        932 148.546478     43.000     43.400    11.6515  35.333567     1.7265 5.3088e-02    280.644    100.346     43.000    30.7564    23.3595    1491.26 0.0000e+00
        941 148.546506     42.000     42.390    11.6565  35.310720     1.6321 5.3109e-02    280.348    100.235     42.000    30.7306    23.3386    1491.23 0.0000e+00
        951 148.546532     41.000     41.381    11.6623  35.286508     1.6121 5.3089e-02    280.063    100.126     41.000    30.7028    23.3159    1491.20 0.0000e+00
        961 148.546563     40.000     40.371    11.6619  35.276276     1.7940 5.3131e-02    280.077    100.124     40.000    30.6936    23.3088    1491.17 0.0000e+00
        971 148.546590     39.000     39.362    11.6601  35.268811     1.6365 5.3124e-02    280.070    100.114     39.000    30.6883    23.3050    1491.14 0.0000e+00
        981 148.546621     38.000     38.352    11.6600  35.256053     1.7217 5.3093e-02    279.982    100.090     38.000    30.6765    23.2958    1491.11 0.0000e+00
        991 148.546648     37.000     37.343    11.6627  35.240522     1.6640 5.3107e-02    279.877    100.060     37.000    30.6597    23.2822    1491.09 0.0000e+00
       1001 148.546678     36.000     36.334    11.6721  35.231966     1.5936 5.3122e-02    279.708    100.002     36.000    30.6440    23.2684    1491.08 0.0000e+00
       1011 148.546707     35.000     35.325    11.6778  35.224117     1.6220 5.3100e-02    280.116    100.176     35.000    30.6322    23.2582    1491.07 0.0000e+00
       1021 148.546736     34.000     34.315    11.6871  35.213405     1.5657 5.3104e-02    280.086    100.192     34.000    30.6145    23.2428    1491.07 0.0000e+00
       1031 148.546765     33.000     33.306    11.7060  35.211333     1.5716 5.3113e-02    279.328     99.930     33.000    30.5974    23.2261    1491.10 0.0000e+00
       1041 148.546795     32.000     32.296    11.7176  35.214682     1.6374 5.3109e-02    279.647    100.045     32.000    30.5915    23.2194    1491.11 0.0000e+00
       1051 148.546824     31.000     31.287    11.7241  35.213181     1.7194 5.3126e-02    279.705    100.026     31.000    30.5851    23.2132    1491.11 0.0000e+00
       1062 148.546852     30.000     30.278    11.7422  35.152227     1.6231 5.3111e-02    279.893    100.062     30.000    30.5118    23.1531    1491.07 0.0000e+00
       1072 148.546883     29.000     29.268    11.7474  35.068083     1.6627 5.3676e-02    280.256    100.170     29.000    30.4269    23.0864    1490.97 0.0000e+00
       1082 148.546913     28.000     28.259    11.7425  35.036636     1.5815 5.5003e-02    280.303    100.180     28.000    30.4011    23.0671    1490.91 0.0000e+00
       1092 148.546943     27.000     27.250    11.7428  34.997613     1.6356 7.0301e-02    280.566    100.301     27.000    30.3636    23.0379    1490.84 0.0000e+00
       1103 148.546972     26.000     26.240    11.7648  34.950002     1.7426 9.1192e-02    280.668    100.311     26.000    30.3003    22.9849    1490.83 0.0000e+00
       1113 148.547003     25.000     25.231    11.7868  34.920926     1.6273 1.1687e-01    280.910    100.301     25.000    30.2547    22.9456    1490.83 0.0000e+00
       1123 148.547031     24.000     24.222    11.7894  34.842155     1.7221 1.5123e-01    280.328    100.028     24.000    30.1773    22.8850    1490.73 0.0000e+00
       1133 148.547061     23.000     23.213    11.7647  34.751355     1.6788 1.9878e-01    279.650     99.768     23.000    30.1105    22.8376    1490.55 0.0000e+00
       1143 148.547088     22.000     22.203    11.7503  34.697066     1.6752 2.5560e-01    279.967     99.911     22.000    30.0703    22.8089    1490.44 0.0000e+00
       1153 148.547117     21.000     21.194    11.7607  34.661804     1.7539 3.2835e-01    280.740    100.177     21.000    30.0285    22.7746    1490.41 0.0000e+00
       1162 148.547145     20.000     20.185    11.7781  34.653999     1.8475 4.2784e-01    280.310     99.978     20.000    30.0073    22.7551    1490.43 0.0000e+00
       1172 148.547173     19.000     19.175    11.7803  34.620227     1.7690 5.4767e-01    280.125     99.873     19.000    29.9735    22.7285    1490.38 0.0000e+00
       1181 148.547200     18.000     18.166    11.7757  34.562696     1.9416 7.1840e-01    279.939     99.739     18.000    29.9223    22.6896    1490.28 0.0000e+00
       1191 148.547229     17.000     17.157    11.7822  34.471472     1.8413 9.4904e-01    279.121     99.376     17.000    29.8299    22.6167    1490.18 0.0000e+00
       1200 148.547254     16.000     16.148    11.7956  34.327349     1.8887 1.2568e+00    279.212     99.337     16.000    29.6813    22.4990    1490.03 0.0000e+00
       1210 148.547282     15.000     15.138    11.8038  34.180083     1.9800 1.6448e+00    278.817     99.168     15.000    29.5341    22.3834    1489.87 0.0000e+00
       1219 148.547310     14.000     14.129    11.8262  34.013596     1.9615 2.1787e+00    278.675     99.105     14.000    29.3574    22.2424    1489.72 0.0000e+00
       1229 148.547339     13.000     13.120    11.8422  33.925472     1.9170 2.9027e+00    278.470     99.003     13.000    29.2609    22.1646    1489.64 0.0000e+00
       1238 148.547363     12.000     12.111    11.8536  33.869494     2.1424 3.8639e+00    278.511     98.999     12.000    29.1988    22.1145    1489.59 0.0000e+00
       1247 148.547392     11.000     11.101    11.8672  33.786137     1.8866 5.0933e+00    278.012     98.811     11.000    29.1090    22.0424    1489.51 0.0000e+00
       1257 148.547417     10.000     10.092    11.8767  33.729602     1.9264 6.7618e+00    278.219     98.859     10.000    29.0480    21.9934    1489.46 0.0000e+00
       1266 148.547446      9.000      9.082    11.8810  33.697324     1.9261 8.9620e+00    277.540     98.546      9.000    29.0142    21.9665    1489.42 0.0000e+00
       1275 148.547470      8.000      8.074    11.8854  33.640681     1.8789 1.1879e+01    278.389     98.775      8.000    28.9572    21.9214    1489.35 0.0000e+00
       1284 148.547498      7.000      7.064    11.9067  33.455831     1.9512 1.5753e+01    279.995     99.355      7.000    28.7649    21.7686    1489.18 0.0000e+00
       1293 148.547523      6.000      6.055    11.9717  33.181605     2.4384 2.0979e+01    280.813     99.589      6.000    28.4547    21.5167    1489.02 0.0000e+00
       1303 148.547552      5.000      5.046    12.0203  33.032195     2.6631 2.8723e+01    281.685     99.848      5.000    28.2765    21.3699    1488.96 0.0000e+00
       1312 148.547579      4.000      4.037    12.0729  32.809138     2.5600 4.1811e+01    284.056    100.293      4.000    28.0261    21.1667    1488.83 0.0000e+00
