Loch_Etive/CTD_data_US/2025-05-28/sbe55_sbe19p_5215_20250528_re2.cnv
* Sea-Bird SBE 19plus Data File:
* FileName = C:\Data\sbe55_sbe19p_5215\2025-05-28\sbe55_sbe19p_5215_20250528_re2069.hex
* Software Version SeatermAF 2.1.4
* Temperature SN = 5215
* Conductivity SN = 5215
* System UpLoad Time = May 28 2025 10:46:08 (localtime) = May 28 2025 10:46:08 (UTC)
* ds
* SeacatPlus V 1.6b  SERIAL NO. 5215    28 May 2025  10:45:39
# nquan = 15                                
# nvalues = 985                         
# units = specified
# name 0 = scan: Scan Count
# name 1 = timeJ: Julian Days
# name 2 = depSM: Depth [salt water, m], lat = 56.00
# name 3 = prdM: Pressure, Strain Gauge [db]
# name 4 = tv290C: Temperature [ITS-90, deg C]
# name 5 = c0mS/cm: Conductivity [mS/cm]
# name 6 = flECO-AFL: Fluorescence, WET Labs ECO-AFL/FL [mg/m^3]
# name 7 = par/sat/log: PAR/Logarithmic, Satlantic [umol photons/m^2/sec]
# name 8 = sbeox0Mm/L: Oxygen, SBE 43 [umol/l]
# name 9 = sbeox0PS: Oxygen, SBE 43 [% saturation]
# name 10 = depSM: Depth [salt water, m], lat = 56
# name 11 = sal00: Salinity, Practical [PSU]
# name 12 = sigma-é00: Density [sigma-theta, kg/m^3]
# name 13 = svCM: Sound Velocity [Chen-Millero, m/s]
# name 14 = flag: flag
# span 0 =        301,       1285       
# span 1 = 148.443939, 148.446793       
# span 2 =     -0.002,     43.132       
# span 3 =     -0.002,     43.533       
# span 4 =    10.5924,    14.1687       
# span 5 =   0.313349,  32.186115       
# span 6 =     0.1154,    10.4477       
# span 7 = 5.2971e-02, 5.2114e+02       
# span 8 =    144.650,    339.472       
# span 9 =     49.858,    104.614       
# span 10 =     -0.002,     43.132      
# span 11 =     0.2018,    27.6179      
# span 12 =    -0.3339,    20.9933      
# span 13 =    1454.99,    1493.42      
# span 14 = 0.0000e+00, 0.0000e+00      
# interval = seconds: 0.25
# start_time = May 28 2025 10:38:02 [Instrument's time stamp, header]
# bad_flag = -9.990e-29
*END*
[from data line 868]
       1169 148.446457      7.091      7.156    12.5894  31.699509     3.2778 2.3806e+00    279.372    101.081      7.091    26.6103    19.9789    1488.98 0.0000e+00
       1170 148.446457      6.979      7.044    12.6943  31.749010     3.4018 2.4658e+00    279.923    101.215      6.979    26.5823    19.9383    1489.31 0.0000e+00
       1171 148.446457      6.867      6.930    12.8094  31.803082     3.3980 2.5917e+00    280.406    101.178      6.867    26.5514    19.8935    1489.67 0.0000e+00
       1172 148.446472      6.755      6.817    12.9334  31.860804     3.2530 2.7276e+00    280.681    100.976      6.755    26.5179    19.8449    1490.05 0.0000e+00
       1173 148.446472      6.642      6.703    13.0653  31.916985     3.2473 2.8775e+00    280.404    100.790      6.642    26.4775    19.7894    1490.45 0.0000e+00
       1174 148.446472      6.529      6.589    13.2029  31.962299     3.0432 3.0723e+00    280.168    100.500      6.529    26.4234    19.7221    1490.85 0.0000e+00
       1175 148.446472      6.417      6.476    13.3394  31.991034     3.0413 3.1837e+00    280.319    100.194      6.417    26.3552    19.6440    1491.23 0.0000e+00
       1176 148.446472      6.305      6.363    13.4681  32.000633     3.2950 3.3382e+00    280.018    100.021      6.305    26.2753    19.5582    1491.57 0.0000e+00
       1177 148.446487      6.194      6.251    13.5865  31.989254     3.3274 3.5040e+00    280.656     99.845      6.194    26.1839    19.4654    1491.86 0.0000e+00
       1178 148.446487      6.083      6.139    13.6927  31.959213     3.2759 3.6885e+00    281.282     99.620      6.083    26.0845    19.3686    1492.10 0.0000e+00
       1179 148.446487      5.972      6.027    13.7822  31.913601     3.2874 3.8946e+00    281.200     99.471      5.972    25.9828    19.2732    1492.28 0.0000e+00
       1180 148.446487      5.862      5.916    13.8512  31.850985     3.2931 4.1141e+00    281.275     99.260      5.862    25.8801    19.1808    1492.39 0.0000e+00
       1181 148.446487      5.751      5.804    13.9001  31.767605     3.1558 4.3326e+00    281.899     99.146      5.751    25.7725    19.0886    1492.43 0.0000e+00
       1182 148.446503      5.641      5.693    13.9331  31.663483     3.1539 4.5638e+00    282.660     99.076      5.641    25.6573    18.9936    1492.40 0.0000e+00
       1183 148.446503      5.531      5.582    13.9531  31.541965     3.1558 4.8336e+00    282.843     99.000      5.531    25.5353    18.8958    1492.32 0.0000e+00
       1184 148.446503      5.421      5.471    13.9621  31.398680     3.1481 5.1473e+00    283.147     98.986      5.421    25.4013    18.7909    1492.19 0.0000e+00
       1185 148.446503      5.312      5.361    13.9617  31.228464     3.7718 5.4101e+00    283.768     99.024      5.312    25.2496    18.6742    1492.01 0.0000e+00
       1186 148.446503      5.202      5.250    13.9527  31.043333     3.7738 5.7075e+00    284.413     99.180      5.202    25.0902    18.5532    1491.80 0.0000e+00
       1187 148.446518      5.094      5.140    13.9361  30.857655     4.2983 6.0568e+00    285.739     99.453      5.094    24.9354    18.4372    1491.56 0.0000e+00
       1188 148.446518      4.986      5.031    13.9136  30.660149     4.2792 6.4528e+00    287.007     99.747      4.986    24.7739    18.3171    1491.29 0.0000e+00
       1189 148.446518      4.878      4.923    13.8865  30.431549     4.4547 6.8447e+00    288.791    100.136      4.878    24.5875    18.1788    1490.98 0.0000e+00
       1190 148.446518      4.771      4.815    13.8545  30.184469     4.4471 7.3321e+00    290.097    100.510      4.771    24.3876    18.0310    1490.64 0.0000e+00
       1191 148.446518      4.664      4.707    13.8183  29.933474     4.6302 7.8440e+00    291.638    100.868      4.664    24.1869    17.8833    1490.28 0.0000e+00
       1192 148.446518      4.558      4.600    13.7796  29.658663     4.6378 8.3586e+00    293.134    101.205      4.558    23.9663    17.7207    1489.89 0.0000e+00
       1193 148.446533      4.453      4.493    13.7392  29.356371     4.6321 8.9090e+00    295.315    101.629      4.453    23.7222    17.5403    1489.47 0.0000e+00
       1194 148.446533      4.347      4.387    13.6973  29.032299     4.6340 9.5205e+00    296.460    101.873      4.347    23.4595    17.3458    1489.01 0.0000e+00
       1195 148.446533      4.241      4.280    13.6539  28.673384     5.2615 1.0228e+01    297.685    102.073      4.241    23.1664    17.1282    1488.52 0.0000e+00
       1196 148.446533      4.136      4.174    13.6088  28.309900     5.2539 1.0896e+01    299.874    102.451      4.136    22.8702    16.9085    1488.02 0.0000e+00
       1197 148.446533      4.031      4.068    13.5627  27.976555     5.8185 1.1723e+01    301.261    102.478      4.031    22.6012    16.7098    1487.55 0.0000e+00
       1198 148.446548      3.926      3.963    13.5186  27.649914     5.8127 1.2646e+01    302.693    102.554      3.926    22.3368    16.5142    1487.09 0.0000e+00
       1199 148.446548      3.822      3.858    13.4778  27.315683     7.3196 1.3488e+01    302.673    102.533      3.822    22.0636    16.3112    1486.62 0.0000e+00
       1200 148.446548      3.719      3.753    13.4398  27.003399     7.3081 1.4423e+01    303.740    102.370      3.719    21.8081    16.1213    1486.19 0.0000e+00
       1201 148.446548      3.616      3.649    13.4050  26.736765     7.1250 1.5430e+01    304.871    102.181      3.616    21.5912    15.9605    1485.82 0.0000e+00
       1202 148.446548      3.513      3.545    13.3751  26.501104     7.1460 1.6403e+01    306.133    102.015      3.513    21.3990    15.8178    1485.49 0.0000e+00
       1203 148.446564      3.410      3.442    13.3507  26.274038     7.1288 1.7822e+01    308.316    101.757      3.410    21.2112    15.6775    1485.18 0.0000e+00
       1204 148.446564      3.307      3.338    13.3315  26.042952     8.0959 1.9462e+01    310.009    101.444      3.307    21.0170    15.5314    1484.89 0.0000e+00
       1205 148.446564      3.205      3.235    13.3160  25.795774     8.0921 2.0675e+01    313.170    101.188      3.205    20.8066    15.3720    1484.58 0.0000e+00
       1206 148.446564      3.103      3.132    13.3031  25.530037     8.0062 2.2900e+01    314.892    100.869      3.103    20.5784    15.1987    1484.27 0.0000e+00
       1207 148.446564      3.002      3.030    13.2916  25.253527     8.0119 2.5144e+01    316.230    100.569      3.002    20.3401    15.0172    1483.95 0.0000e+00
       1208 148.446564      2.902      2.929    13.2812  24.967979     8.4697 2.6964e+01    320.674    100.488      2.902    20.0935    14.8291    1483.62 0.0000e+00
       1209 148.446579      2.803      2.829    13.2710  24.658619     8.4487 2.9502e+01    323.151    100.249      2.803    19.8260    14.6249    1483.27 0.0000e+00
       1210 148.446579      2.706      2.731    13.2601  24.311132     9.1659 3.2620e+01    325.269    100.096      2.706    19.5255    14.3954    1482.88 0.0000e+00
       1211 148.446579      2.610      2.634    13.2469  23.932388     9.1793 3.4844e+01    326.049    100.089      2.610    19.1991    14.1464    1482.45 0.0000e+00
       1212 148.446579      2.516      2.539    13.2297  23.533846     8.2275 3.7333e+01    327.030    100.186      2.516    18.8578    13.8865    1481.99 0.0000e+00
       1213 148.446579      2.422      2.444    13.2072  23.099899     8.2122 4.0786e+01    327.664    100.316      2.422    18.4883    13.6059    1481.47 0.0000e+00
       1214 148.446594      2.329      2.350    13.1783  22.613766     8.6738 4.6283e+01    329.026    100.555      2.329    18.0767    13.2939    1480.89 0.0000e+00
       1215 148.446594      2.236      2.256    13.1424  22.091057     8.6605 4.9677e+01    331.394    100.943      2.236    17.6368    12.9613    1480.24 0.0000e+00
       1216 148.446594      2.143      2.162    13.1005  21.556986     8.7291 5.4532e+01    333.212    100.992      2.143    17.1902    12.6245    1479.57 0.0000e+00
       1217 148.446594      2.050      2.069    13.0545  20.978109     8.7310 6.1532e+01    335.596    101.477      2.050    16.7068    12.2599    1478.84 0.0000e+00
       1218 148.446594      1.958      1.976    13.0044  20.273935     8.1683 6.8766e+01    336.744    101.677      1.958    16.1167    11.8138    1477.97 0.0000e+00
       1219 148.446609      1.865      1.883    12.9471  19.417740     8.1607 7.5967e+01    337.310    101.840      1.865    15.3990    11.2704    1476.92 0.0000e+00
       1220 148.446609      1.774      1.790    12.8788  18.411718     8.3076 8.3483e+01    337.531    101.889      1.774    14.5579    10.6335    1475.68 0.0000e+00
       1221 148.446609      1.682      1.698    12.7982  17.259987     8.3095 9.4446e+01    337.301    101.807      1.682    13.5985     9.9072    1474.26 0.0000e+00
       1222 148.446609      1.591      1.605    12.7049  15.996782     8.3457 1.0291e+02    336.271    101.676      1.591    12.5512     9.1147    1472.69 0.0000e+00
       1223 148.446609      1.500      1.513    12.6005  14.682169     8.3457 1.1855e+02    333.828    101.321      1.500    11.4675     8.2951    1471.03 0.0000e+00
       1224 148.446625      1.409      1.422    12.4888  13.382727     8.2141 1.3097e+02    331.002    100.758      1.409    10.4027     7.4906    1469.37 0.0000e+00
       1225 148.446625      1.318      1.330    12.3744  12.090576     8.2256 1.5203e+02    327.687    100.073      1.318     9.3489     6.6941    1467.70 0.0000e+00
       1226 148.446625      1.228      1.239    12.2604  10.813335     7.7907 1.7534e+02    324.967     99.441      1.228     8.3122     5.9098    1466.05 0.0000e+00
       1227 148.446625      1.138      1.148    12.1491   9.681453     7.4970 1.9118e+02    322.950     98.833      1.138     7.4000     5.2204    1464.55 0.0000e+00
       1228 148.446625      1.048      1.058    12.0454   8.807525     7.4760 2.2062e+02    323.399     98.310      1.048     6.7021     4.6947    1463.33 0.0000e+00
       1229 148.446625      0.960      0.968    11.9560   8.190448     6.2800 2.4927e+02    328.528     97.698      0.960     6.2135     4.3285    1462.41 0.0000e+00
       1230 148.446640      0.872      0.880    11.8845   7.747288     6.2762 2.8647e+02    326.039     96.935      0.872     5.8643     4.0675    1461.72 0.0000e+00
       1231 148.446640      0.785      0.792    11.8296   7.378571     5.7345 3.2502e+02    322.653     95.971      0.785     5.5735     3.8494    1461.17 0.0000e+00
       1232 148.446640      0.700      0.707    11.7866   7.010521     5.7517 4.5995e+02    318.687     94.804      0.700     5.2820     3.6290    1460.66 0.0000e+00
       1233 148.446640      0.618      0.624    11.7496   6.619875     5.4084 4.9173e+02    314.132     93.471      0.618     4.9722     3.3937    1460.14 0.0000e+00
       1234 148.446640      0.539      0.544    11.7138   6.256273     5.3874 4.8353e+02    309.858     92.180      0.539     4.6849     3.1754    1459.66 0.0000e+00
       1235 148.446655      0.464      0.469    11.6787   5.990581     5.2195 4.8037e+02    305.667     90.914      0.464     4.4765     3.0182    1459.28 0.0000e+00
       1236 148.446655      0.394      0.398    11.6479   5.843276     5.2215 4.9173e+02    301.851     89.762      0.394     4.3625     2.9336    1459.02 0.0000e+00
       1237 148.446655      0.329      0.332    11.6257   5.790797     5.1356 4.8980e+02    298.946     88.878      0.329     4.3232     2.9058    1458.89 0.0000e+00
       1238 148.446655      0.268      0.271    11.6142   5.807230     5.1280 4.9833e+02    296.877     88.241      0.268     4.3377     2.9183    1458.86 0.0000e+00
       1239 148.446655      0.215      0.217    11.6135   5.890640     4.8209 4.9572e+02    295.680     87.868      0.215     4.4044     2.9702    1458.94 0.0000e+00
       1240 148.446671      0.169      0.170    11.6227   6.047708     4.8266 4.9648e+02    294.613     87.539      0.169     4.5290     3.0657    1459.13 0.0000e+00
       1241 148.446671      0.132      0.133    11.6411   6.238495     4.4280 4.9302e+02    294.212     87.421      0.132     4.6797     3.1803    1459.38 0.0000e+00
       1242 148.446671      0.103      0.104    11.6676   6.377718     4.3994 4.9778e+02    293.813     87.302      0.103     4.7882     3.2612    1459.61 0.0000e+00
       1243 148.446671      0.080      0.081    11.6990   6.376554     0.9318 5.0755e+02    293.838     87.299      0.080     4.7832     3.2535    1459.72 0.0000e+00
       1244 148.446671      0.063      0.063    11.7307   6.139434     0.9108 5.0468e+02    293.826     87.281      0.063     4.5893     3.0993    1459.60 0.0000e+00
       1245 148.446686      0.049      0.049    11.7591   5.557834     1.0786 5.1470e+02    293.795     87.263      0.049     4.1229     2.7343    1459.15 0.0000e+00
       1246 148.446686      0.038      0.039    11.7821   4.577038     1.0843 5.1650e+02    294.072     87.351      0.038     3.3494     2.1317    1458.30 0.0000e+00
       1247 148.446686      0.030      0.030    11.7991   3.445091     0.1192 5.1178e+02    293.979     87.329      0.030     2.4750     1.4508    1457.30 0.0000e+00
       1248 148.446686      0.024      0.024    11.8110   2.580254     0.1383 5.1717e+02    294.290     87.416      0.024     1.8216     0.9416    1456.55 0.0000e+00
       1249 148.446686      0.019      0.019    11.8191   2.066966     0.2718 5.2114e+02    294.344     87.419      0.019     1.4410     0.6446    1456.12 0.0000e+00
       1250 148.446686      0.015      0.015    11.8248   1.760877     0.2680 5.0844e+02    294.459     87.440      0.015     1.2171     0.4696    1455.86 0.0000e+00
       1251 148.446701      0.012      0.012    11.8290   1.568158     0.2737 5.0281e+02    294.732     87.512      0.012     1.0774     0.3602    1455.71 0.0000e+00
       1252 148.446701      0.009      0.009    11.8326   1.433063     0.1192 4.9778e+02    294.900     87.554      0.009     0.9801     0.2840    1455.60 0.0000e+00
       1253 148.446701      0.007      0.008    11.8361   1.327581     0.1288 4.8438e+02    294.806     87.522      0.007     0.9045     0.2247    1455.52 0.0000e+00
       1254 148.446701      0.006      0.006    11.8397   1.239066     0.2108 4.8279e+02    295.124     87.612      0.006     0.8413     0.1750    1455.46 0.0000e+00
       1255 148.446701      0.005      0.005    11.8436   1.160680     0.2108 4.7818e+02    295.095     87.599      0.005     0.7856     0.1311    1455.41 0.0000e+00
       1256 148.446716      0.004      0.004    11.8477   1.090306     0.1745 4.5376e+02    295.239     87.640      0.004     0.7358     0.0918    1455.36 0.0000e+00
       1257 148.446716      0.003      0.003    11.8517   1.028727     0.1745 4.3646e+02    295.323     87.659      0.003     0.6924     0.0574    1455.32 0.0000e+00
       1258 148.446716      0.002      0.002    11.8557   0.977012     0.1173 4.3636e+02    295.370     87.673      0.002     0.6560     0.0286    1455.29 0.0000e+00
       1259 148.446716      0.002      0.002    11.8596   0.933940     0.1326 4.4688e+02    295.461     87.697      0.002     0.6258     0.0046    1455.27 0.0000e+00
       1260 148.446716      0.002      0.002    11.8633   0.895149     0.2031 4.4815e+02    295.681     87.758      0.002     0.5986    -0.0170    1455.25 0.0000e+00
       1261 148.446732      0.002      0.002    11.8669   0.857027     0.2050 4.2890e+02    295.770     87.785      0.002     0.5720    -0.0382    1455.23 0.0000e+00
       1262 148.446732      0.002      0.002    11.8704   0.820286     0.4683 4.3144e+02    295.767     87.781      0.002     0.5465    -0.0586    1455.21 0.0000e+00
       1263 148.446732      0.002      0.002    11.8737   0.788116     0.4473 4.0727e+02    295.848     87.802      0.002     0.5241    -0.0764    1455.20 0.0000e+00
