Loch_Etive/CTD_data_US/2025-05-28/sbe55_sbe19p_5215_20250528_re5_1m.cnv
* Sea-Bird SBE 19plus Data File:
* FileName = C:\Data\sbe55_sbe19p_5215\2025-05-28\sbe55_sbe19p_5215_20250528_re5067.hex
* Software Version SeatermAF 2.1.4
* Temperature SN = 5215
* Conductivity SN = 5215
* System UpLoad Time = May 28 2025 09:50:51 (localtime) = May 28 2025 09:50:51 (UTC)
* ds
* SeacatPlus V 1.6b  SERIAL NO. 5215    28 May 2025  09:49:52
# nquan = 15
# nvalues = 283                         
# units = specified
# name 0 = scan: Scan Count
# name 1 = timeJ: Julian Days
# name 2 = depSM: Depth [salt water, m], lat = 56.00
# name 3 = prdM: Pressure, Strain Gauge [db]
# name 4 = tv290C: Temperature [ITS-90, deg C]
# name 5 = c0mS/cm: Conductivity [mS/cm]
# name 6 = flECO-AFL: Fluorescence, WET Labs ECO-AFL/FL [mg/m^3]
# name 7 = par/sat/log: PAR/Logarithmic, Satlantic [umol photons/m^2/sec]
# name 8 = sbeox0Mm/L: Oxygen, SBE 43 [umol/l]
# name 9 = sbeox0PS: Oxygen, SBE 43 [% saturation]
# name 10 = depSM: Depth [salt water, m], lat = 56
# name 11 = sal00: Salinity, Practical [PSU]
# name 12 = sigma-é00: Density [sigma-theta, kg/m^3]
# name 13 = svCM: Sound Velocity [Chen-Millero, m/s]
# name 14 = flag: flag
# span 0 =       1085,       3860       
# span 1 = 148.395000, 148.403031       
# span 2 =      1.000,    142.000       
# span 3 =      1.009,    143.354       
# span 4 =    10.6509,    12.7836       
# span 5 =  18.152901,  32.647828       
# span 6 =     0.9778,     6.1808       
# span 7 = 5.3050e-02, 4.9208e+02       
# span 8 =    237.752,    309.161       
# span 9 =     82.407,    103.117       
# span 10 =      1.000,    142.000      
# span 11 =    14.4143,    28.0133      
# span 12 =    10.5430,    21.2045      
# span 13 =    1475.07,    1490.21      
# span 14 = 0.0000e+00, 0.0000e+00      
# interval = meters: 1                  
# start_time = May 28 2025 09:24:17 [Instrument's time stamp, header]
# bad_flag = -9.990e-29
*END*
       1085 148.395000      1.000      1.009    12.7564  18.152901     5.1391 4.9208e+02    289.144     95.980      1.000    14.4143    10.5430    1475.07 0.0000e+00
       1386 148.395870      2.000      2.018    12.5244  24.905417     5.0469 5.9566e+01    274.568     95.896      2.000    20.4399    15.2250    1481.38 0.0000e+00
       1384 148.395865      3.000      3.027    12.4208  27.584815     4.7710 3.5045e+01    271.117     94.746      3.000    22.9337    17.1678    1483.98 0.0000e+00
       1391 148.395887      4.000      4.037    12.1647  29.493880     4.0674 2.0378e+01    265.827     92.714      4.000    24.8555    18.6969    1485.38 0.0000e+00
       1399 148.395910      5.000      5.046    11.9879  30.422686     2.7097 1.3656e+01    253.956     88.471      5.000    25.8410    19.4899    1485.94 0.0000e+00
       1407 148.395931      6.000      6.055    11.7835  30.944606     3.2050 1.1021e+01    252.682     87.931      6.000    26.4746    20.0156    1486.00 0.0000e+00
       1415 148.395955      7.000      7.065    11.5668  31.250199     3.4045 9.9519e+00    251.503     87.259      7.000    26.9197    20.3975    1485.78 0.0000e+00
       1423 148.395976      8.000      8.074    11.4536  31.418337     2.7210 7.9602e+00    244.498     84.747      8.000    27.1619    20.6046    1485.69 0.0000e+00
       1430 148.396001      9.000      9.083    11.3394  31.340035     3.3629 6.1196e+00    244.443     84.587      9.000    27.1706    20.6306    1485.31 0.0000e+00
       1438 148.396020     10.000     10.092    11.2495  31.299324     3.2757 4.5446e+00    242.746     83.765     10.000    27.1972    20.6664    1485.04 0.0000e+00
       1446 148.396047     11.000     11.101    11.1902  31.250810     3.4735 3.2679e+00    241.209     83.139     11.000    27.1939    20.6738    1484.84 0.0000e+00
       1454 148.396068     12.000     12.110    11.0778  31.152744     3.5606 2.3008e+00    241.654     83.105     12.000    27.1821    20.6833    1484.44 0.0000e+00
       1462 148.396091     13.000     13.120    10.9943  31.108362     3.4858 1.6525e+00    242.986     83.356     13.000    27.2006    20.7115    1484.18 0.0000e+00
       1470 148.396113     14.000     14.129    10.9036  31.059077     3.4950 1.1875e+00    245.672     84.141     14.000    27.2196    20.7412    1483.89 0.0000e+00
       1477 148.396135     15.000     15.138    10.7994  31.003117     3.0792 8.6421e-01    248.444     85.111     15.000    27.2424    20.7759    1483.56 0.0000e+00
       1485 148.396157     16.000     16.148    10.6838  30.948836     3.3755 6.3200e-01    249.762     85.671     16.000    27.2752    20.8202    1483.20 0.0000e+00
       1493 148.396181     17.000     17.157    10.6680  30.967302     3.1635 4.6252e-01    251.560     86.469     17.000    27.3047    20.8457    1483.20 0.0000e+00
       1501 148.396202     18.000     18.166    10.6965  31.034935     2.9589 3.4738e-01    251.919     87.012     18.000    27.3489    20.8754    1483.37 0.0000e+00
       1509 148.396227     19.000     19.175    10.7702  31.144767     2.4053 2.5838e-01    250.525     86.604     19.000    27.4003    20.9034    1483.71 0.0000e+00
       1517 148.396248     20.000     20.185    10.9425  31.363808     2.1186 1.9970e-01    250.260     86.561     20.000    27.4835    20.9399    1484.45 0.0000e+00
       1525 148.396273     21.000     21.194    11.0367  31.431817     1.6071 1.5167e-01    250.416     86.810     21.000    27.4786    20.9205    1484.80 0.0000e+00
       1533 148.396294     22.000     22.203    11.0581  31.462679     1.6327 1.2206e-01    250.924     87.162     22.000    27.4920    20.9274    1484.91 0.0000e+00
       1541 148.396320     23.000     23.212    11.1262  31.569536     1.4941 9.1026e-02    250.837     87.200     23.000    27.5439    20.9564    1485.23 0.0000e+00
       1549 148.396342     24.000     24.222    11.2216  31.673749     1.2695 7.2609e-02    251.119     87.357     24.000    27.5727    20.9628    1485.62 0.0000e+00
       1557 148.396367     25.000     25.231    11.2638  31.716669     1.4804 6.2832e-02    251.380     87.580     25.000    27.5821    20.9630    1485.80 0.0000e+00
       1565 148.396391     26.000     26.240    11.2903  31.753622     1.2409 5.4075e-02    251.459     87.636     26.000    27.5975    20.9704    1485.93 0.0000e+00
       1574 148.396414     27.000     27.250    11.3499  31.829222     1.1535 5.3097e-02    251.379     87.624     27.000    27.6252    20.9819    1486.19 0.0000e+00
       1582 148.396438     28.000     28.259    11.3756  31.848500     1.0376 5.3095e-02    251.648     87.911     28.000    27.6241    20.9767    1486.29 0.0000e+00
       1590 148.396461     29.000     29.268    11.3840  31.865602     1.0600 5.3087e-02    253.132     88.512     29.000    27.6339    20.9829    1486.35 0.0000e+00
       1599 148.396486     30.000     30.278    11.4485  31.968379     1.0770 5.3074e-02    253.531     88.675     30.000    27.6839    21.0107    1486.66 0.0000e+00
       1607 148.396510     31.000     31.287    11.5058  32.021661     1.0148 5.3105e-02    253.237     88.582     31.000    27.6917    21.0070    1486.88 0.0000e+00
       1616 148.396536     32.000     32.297    11.5209  32.036842     0.9778 5.3100e-02    253.541     88.730     32.000    27.6945    21.0066    1486.96 0.0000e+00
       1624 148.396559     33.000     33.306    11.5255  32.044261     1.0469 5.3091e-02    253.612     88.767     33.000    27.6978    21.0085    1487.00 0.0000e+00
       1632 148.396582     34.000     34.315    11.5392  32.068447     0.9949 5.3079e-02    253.484     88.816     34.000    27.7103    21.0158    1487.08 0.0000e+00
       1640 148.396608     35.000     35.324    11.5485  32.084214     1.0320 5.3090e-02    253.688     89.002     35.000    27.7181    21.0203    1487.13 0.0000e+00
       1649 148.396630     36.000     36.334    11.5722  32.140747     1.0042 5.3075e-02    253.790     89.037     36.000    27.7540    21.0441    1487.28 0.0000e+00
       1657 148.396655     37.000     37.343    11.6315  32.213866     0.9879 5.3095e-02    253.254     88.834     37.000    27.7791    21.0533    1487.53 0.0000e+00
       1665 148.396678     38.000     38.352    11.6394  32.219368     1.0032 5.3089e-02    253.684     89.039     38.000    27.7781    21.0512    1487.58 0.0000e+00
       1673 148.396703     39.000     39.362    11.6315  32.221203     1.0093 5.3097e-02    254.349     89.292     39.000    27.7854    21.0582    1487.57 0.0000e+00
       1682 148.396725     40.000     40.371    11.6470  32.252132     1.0135 5.3088e-02    254.428     89.349     40.000    27.8029    21.0692    1487.67 0.0000e+00
       1690 148.396750     41.000     41.381    11.6593  32.265661     1.0357 5.3094e-02    255.102     89.619     41.000    27.8062    21.0696    1487.73 0.0000e+00
       1698 148.396775     42.000     42.390    11.6734  32.281591     1.0212 5.3089e-02    256.258     90.077     42.000    27.8105    21.0705    1487.80 0.0000e+00
       1707 148.396798     43.000     43.399    11.6874  32.301910     1.0195 5.3106e-02    256.993     90.358     43.000    27.8191    21.0747    1487.88 0.0000e+00
       1715 148.396823     44.000     44.409    11.7094  32.332802     1.1185 5.3075e-02    257.502     90.555     44.000    27.8316    21.0807    1487.99 0.0000e+00
       1723 148.396847     45.000     45.418    11.7223  32.349075     1.0957 5.3084e-02    257.597     90.594     45.000    27.8371    21.0827    1488.05 0.0000e+00
       1732 148.396873     46.000     46.428    11.7295  32.359971     1.0795 5.3091e-02    257.479     90.516     46.000    27.8417    21.0850    1488.10 0.0000e+00
       1740 148.396895     47.000     47.437    11.7333  32.363528     1.0855 5.3092e-02    256.531     90.184     47.000    27.8419    21.0845    1488.13 0.0000e+00
       1749 148.396920     48.000     48.446    11.7179  32.352028     1.1154 5.3101e-02    256.637     90.228     48.000    27.8421    21.0874    1488.09 0.0000e+00
       1757 148.396946     49.000     49.456    11.7142  32.354576     1.1198 5.3102e-02    256.358     90.150     49.000    27.8470    21.0919    1488.10 0.0000e+00
       1766 148.396969     50.000     50.465    11.7161  32.362657     1.1254 5.3077e-02    256.964     90.379     50.000    27.8529    21.0961    1488.13 0.0000e+00
       1775 148.396996     51.000     51.475    11.7237  32.375724     1.1306 5.3087e-02    257.482     90.564     51.000    27.8592    21.0997    1488.19 0.0000e+00
       1784 148.397023     52.000     52.484    11.7311  32.385835     1.1553 5.3064e-02    257.330     90.501     52.000    27.8629    21.1014    1488.23 0.0000e+00
       1793 148.397048     53.000     53.494    11.7317  32.389850     1.1527 5.3076e-02    257.025     90.392     53.000    27.8660    21.1036    1488.26 0.0000e+00
       1801 148.397071     54.000     54.503    11.7266  32.389619     1.1012 5.3099e-02    257.088     90.416     54.000    27.8692    21.1071    1488.26 0.0000e+00
       1810 148.397098     55.000     55.513    11.7243  32.391543     1.1421 5.3104e-02    257.192     90.456     55.000    27.8724    21.1099    1488.27 0.0000e+00
       1819 148.397123     56.000     56.522    11.7231  32.396618     1.1581 5.3087e-02    257.091     90.451     56.000    27.8777    21.1143    1488.29 0.0000e+00
       1828 148.397149     57.000     57.532    11.7246  32.402164     1.1520 5.3104e-02    258.369     90.900     57.000    27.8816    21.1170    1488.32 0.0000e+00
       1836 148.397175     58.000     58.541    11.7348  32.421658     1.2132 5.3119e-02    258.364     90.940     58.000    27.8921    21.1235    1488.38 0.0000e+00
       1845 148.397198     59.000     59.550    11.7371  32.428201     1.1741 5.3110e-02    259.422     91.338     59.000    27.8962    21.1263    1488.41 0.0000e+00
       1854 148.397225     60.000     60.560    11.7518  32.450896     1.2075 5.3079e-02    260.113     91.608     60.000    27.9064    21.1316    1488.49 0.0000e+00
       1862 148.397247     61.000     61.569    11.7649  32.465433     1.2684 5.3089e-02    261.393     92.094     61.000    27.9101    21.1322    1488.56 0.0000e+00
       1870 148.397272     62.000     62.579    11.7757  32.480930     1.2729 5.3097e-02    262.026     92.330     62.000    27.9164    21.1352    1488.62 0.0000e+00
       1879 148.397298     63.000     63.588    11.7916  32.501421     1.3292 5.3065e-02    262.402     92.465     63.000    27.9236    21.1380    1488.70 0.0000e+00
       1888 148.397322     64.000     64.598    11.7986  32.512126     1.3280 5.3097e-02    262.473     92.492     64.000    27.9281    21.1403    1488.75 0.0000e+00
       1896 148.397348     65.000     65.607    11.7999  32.514222     1.4095 5.3097e-02    262.029     92.336     65.000    27.9288    21.1407    1488.77 0.0000e+00
       1905 148.397372     66.000     66.617    11.8006  32.516018     1.4227 5.3098e-02    262.022     92.334     66.000    27.9296    21.1412    1488.79 0.0000e+00
       1913 148.397396     67.000     67.626    11.8004  32.518037     1.3966 5.3082e-02    261.445     92.138     67.000    27.9313    21.1426    1488.81 0.0000e+00
       1922 148.397422     68.000     68.636    11.7992  32.522337     1.3961 5.3131e-02    261.846     92.291     68.000    27.9359    21.1464    1488.82 0.0000e+00
       1931 148.397449     69.000     69.645    11.8013  32.529757     1.3534 5.3100e-02    262.324     92.462     69.000    27.9411    21.1500    1488.85 0.0000e+00
       1940 148.397470     70.000     70.655    11.8059  32.536437     1.3521 5.3127e-02    262.206     92.436     70.000    27.9436    21.1512    1488.89 0.0000e+00
       1948 148.397499     71.000     71.665    11.8078  32.538884     1.4315 5.3104e-02    262.771     92.639     71.000    27.9441    21.1513    1488.91 0.0000e+00
       1957 148.397524     72.000     72.674    11.8129  32.548946     1.4007 5.3090e-02    262.657     92.601     72.000    27.9495    21.1546    1488.95 0.0000e+00
       1966 148.397549     73.000     73.684    11.8155  32.552441     1.4117 5.3111e-02    262.914     92.702     73.000    27.9505    21.1549    1488.98 0.0000e+00
       1975 148.397575     74.000     74.693    11.8166  32.555755     1.4807 5.3074e-02    262.692     92.627     74.000    27.9524    21.1563    1489.00 0.0000e+00
       1984 148.397603     75.000     75.703    11.8195  32.563979     1.4068 5.3083e-02    263.217     92.815     75.000    27.9578    21.1599    1489.04 0.0000e+00
       1994 148.397630     76.000     76.712    11.8210  32.566986     1.4374 5.3088e-02    263.140     92.789     76.000    27.9591    21.1607    1489.06 0.0000e+00
       2003 148.397657     77.000     77.722    11.8220  32.569804     1.4309 5.3079e-02    262.951     92.719     77.000    27.9607    21.1618    1489.08 0.0000e+00
       2013 148.397684     78.000     78.731    11.8222  32.570318     1.4396 5.3093e-02    262.468     92.558     78.000    27.9606    21.1617    1489.10 0.0000e+00
       2022 148.397710     79.000     79.741    11.8210  32.571317     1.4825 5.3104e-02    262.192     92.465     79.000    27.9621    21.1631    1489.11 0.0000e+00
       2031 148.397736     80.000     80.750    11.8235  32.580065     1.4957 5.3116e-02    262.419     92.546     80.000    27.9682    21.1674    1489.15 0.0000e+00
       2039 148.397760     81.000     81.760    11.8251  32.583249     1.4157 5.3066e-02    262.455     92.559     81.000    27.9697    21.1683    1489.17 0.0000e+00
       2048 148.397789     82.000     82.770    11.8254  32.583998     1.3360 5.3073e-02    262.236     92.470     82.000    27.9697    21.1683    1489.19 0.0000e+00
       2057 148.397812     83.000     83.779    11.8254  32.584258     1.4472 5.3058e-02    261.914     92.334     83.000    27.9697    21.1683    1489.21 0.0000e+00
       2066 148.397838     84.000     84.789    11.8203  32.578444     1.4238 5.3097e-02    261.080     92.038     84.000    27.9676    21.1676    1489.20 0.0000e+00
       2074 148.397864     85.000     85.798    11.8091  32.572116     1.3917 5.3093e-02    261.193     92.077     85.000    27.9696    21.1711    1489.18 0.0000e+00
       2083 148.397889     86.000     86.808    11.8068  32.571825     1.3808 5.3097e-02    261.201     92.080     86.000    27.9707    21.1724    1489.19 0.0000e+00
       2092 148.397913     87.000     87.818    11.8066  32.572471     1.3232 5.3100e-02    261.168     92.069     87.000    27.9711    21.1728    1489.21 0.0000e+00
       2101 148.397941     88.000     88.827    11.8065  32.573263     1.3555 5.3080e-02    261.154     92.071     88.000    27.9715    21.1731    1489.22 0.0000e+00
       2111 148.397968     89.000     89.837    11.8067  32.574614     1.3544 5.3100e-02    261.301     92.127     89.000    27.9723    21.1737    1489.24 0.0000e+00
       2120 148.397995     90.000     90.847    11.8092  32.579880     1.4150 5.3081e-02    260.981     92.014     90.000    27.9751    21.1755    1489.27 0.0000e+00
       2129 148.398021     91.000     91.856    11.8111  32.582490     1.4243 5.3094e-02    261.112     92.058     91.000    27.9758    21.1757    1489.30 0.0000e+00
       2139 148.398049     92.000     92.866    11.8105  32.582943     1.3192 5.3087e-02    260.817     91.956     92.000    27.9763    21.1762    1489.31 0.0000e+00
       2148 148.398076     93.000     93.876    11.8093  32.585199     1.3851 5.3066e-02    260.910     91.998     93.000    27.9790    21.1785    1489.33 0.0000e+00
       2157 148.398103     94.000     94.885    11.8098  32.587721     1.4164 5.3124e-02    260.978     92.026     94.000    27.9806    21.1797    1489.35 0.0000e+00
       2167 148.398130     95.000     95.895    11.8137  32.594045     1.3815 5.3093e-02    260.347     91.797     95.000    27.9833    21.1811    1489.38 0.0000e+00
       2176 148.398157     96.000     96.904    11.8150  32.595340     1.4188 5.3094e-02    258.919     91.294     96.000    27.9833    21.1809    1489.40 0.0000e+00
