Loch_Etive/CTD_data_US/2025-05-28/sbe55_sbe19p_5215_20250528_re6.cnv
* Sea-Bird SBE 19plus Data File:
* FileName = C:\Data\sbe55_sbe19p_5215\2025-05-28\sbe55_sbe19p_5215_20250528_re6070.hex
* Software Version SeatermAF 2.1.4
* Temperature SN = 5215
* Conductivity SN = 5215
* System UpLoad Time = May 28 2025 12:17:43 (localtime) = May 28 2025 12:17:43 (UTC)
* ds
* SeacatPlus V 1.6b  SERIAL NO. 5215    28 May 2025  12:17:05
# nquan = 15                                
# nvalues = 1646                        
# units = specified
# name 0 = scan: Scan Count
# name 1 = timeJ: Julian Days
# name 2 = depSM: Depth [salt water, m], lat = 56.00
# name 3 = prdM: Pressure, Strain Gauge [db]
# name 4 = tv290C: Temperature [ITS-90, deg C]
# name 5 = c0mS/cm: Conductivity [mS/cm]
# name 6 = flECO-AFL: Fluorescence, WET Labs ECO-AFL/FL [mg/m^3]
# name 7 = par/sat/log: PAR/Logarithmic, Satlantic [umol photons/m^2/sec]
# name 8 = sbeox0Mm/L: Oxygen, SBE 43 [umol/l]
# name 9 = sbeox0PS: Oxygen, SBE 43 [% saturation]
# name 10 = depSM: Depth [salt water, m], lat = 56
# name 11 = sal00: Salinity, Practical [PSU]
# name 12 = sigma-é00: Density [sigma-theta, kg/m^3]
# name 13 = svCM: Sound Velocity [Chen-Millero, m/s]
# name 14 = flag: flag
# span 0 =          1,       1646       
# span 1 = 148.506058, 148.510818       
# span 2 =     -0.126,     60.217       
# span 3 =     -0.127,     60.779       
# span 4 =    10.8989,    12.5849       
# span 5 =   0.013461,  34.659657       
# span 6 =     0.0830,     4.4909       
# span 7 = 5.2948e-02, 4.7185e+02       
# span 8 =    203.486,    354.124       
# span 9 =     68.536,    106.933       
# span 10 =     -0.126,     60.217      
# span 11 =     0.0120,    29.5236      
# span 12 =    -0.3733,    22.2737      
# span 13 =    1450.82,    1492.58      
# span 14 = 0.0000e+00, 0.0000e+00      
# interval = seconds: 0.25
# start_time = May 28 2025 12:08:44 [Instrument's time stamp, header]
# bad_flag = -9.990e-29
*END*
[from data line 97]
         98 148.506348      0.756      0.763    12.4628  23.938065     3.6936 2.4161e+02    214.004     72.401      0.756    19.6054    14.5912    1480.15 0.0000e+00
         99 148.506348      0.757      0.764    12.4603  23.914961     3.6917 2.0890e+02    213.752     72.305      0.757    19.5859    14.5767    1480.12 0.0000e+00
        100 148.506348      0.758      0.765    12.4570  23.902878     4.2048 2.2295e+02    214.241     72.458      0.758    19.5768    14.5702    1480.10 0.0000e+00
        101 148.506348      0.758      0.765    12.4525  23.904106     4.2086 2.2827e+02    214.900     72.656      0.758    19.5803    14.5736    1480.09 0.0000e+00
        102 148.506363      0.757      0.764    12.4471  23.907124     3.7299 2.2797e+02    215.939     72.987      0.757    19.5858    14.5787    1480.07 0.0000e+00
        103 148.506363      0.757      0.764    12.4421  23.898441     3.7108 2.1576e+02    217.004     73.344      0.757    19.5806    14.5755    1480.05 0.0000e+00
        104 148.506363      0.757      0.764    12.4382  23.877539     3.9893 2.4549e+02    218.135     73.723      0.757    19.5638    14.5632    1480.02 0.0000e+00
        105 148.506363      0.758      0.765    12.4351  23.855759     3.9893 2.1166e+02    219.043     74.012      0.758    19.5459    14.5499    1479.98 0.0000e+00
        106 148.506363      0.759      0.766    12.4323  23.840549     3.8920 2.2207e+02    219.876     74.270      0.759    19.5337    14.5409    1479.96 0.0000e+00
        107 148.506378      0.761      0.768    12.4287  23.830774     3.9035 2.3659e+02    220.484     74.483      0.761    19.5268    14.5362    1479.94 0.0000e+00
        108 148.506378      0.762      0.769    12.4235  23.826899     3.9092 2.0560e+02    220.660     74.571      0.762    19.5260    14.5365    1479.92 0.0000e+00
        109 148.506378      0.763      0.770    12.4172  23.833055     3.8806 2.3042e+02    220.472     74.526      0.763    19.5348    14.5443    1479.91 0.0000e+00
        110 148.506378      0.763      0.770    12.4112  23.848543     3.9626 2.3623e+02    220.533     74.520      0.763    19.5518    14.5584    1479.91 0.0000e+00
        111 148.506378      0.762      0.769    12.4067  23.863331     3.9740 2.2305e+02    220.244     74.395      0.762    19.5674    14.5712    1479.91 0.0000e+00
        112 148.506393      0.762      0.769    12.4035  23.863554     3.6898 2.1305e+02    220.222     74.383      0.762    19.5693    14.5731    1479.90 0.0000e+00
        113 148.506393      0.763      0.770    12.4001  23.845413     3.6727 2.3727e+02    220.271     74.404      0.763    19.5548    14.5625    1479.87 0.0000e+00
        114 148.506393      0.765      0.772    12.3943  23.820450     3.7833 2.3536e+02    220.424     74.455      0.765    19.5353    14.5485    1479.83 0.0000e+00
        115 148.506393      0.768      0.775    12.3842  23.804188     3.7623 2.1847e+02    220.610     74.508      0.768    19.5259    14.5428    1479.78 0.0000e+00
        116 148.506393      0.769      0.777    12.3694  23.803892     4.0446 2.0854e+02    220.826     74.560      0.769    19.5334    14.5510    1479.74 0.0000e+00
        117 148.506393      0.770      0.777    12.3528  23.813354     4.0408 2.1305e+02    221.092     74.639      0.770    19.5505    14.5669    1479.70 0.0000e+00
        118 148.506409      0.770      0.777    12.3382  23.819006     4.0446 2.2977e+02    221.180     74.668      0.770    19.5631    14.5790    1479.66 0.0000e+00
        119 148.506409      0.769      0.776    12.3275  23.814568     3.8348 2.2942e+02    221.388     74.745      0.769    19.5647    14.5820    1479.63 0.0000e+00
        120 148.506409      0.769      0.776    12.3198  23.804701     3.8176 2.4635e+02    221.566     74.803      0.769    19.5598    14.5795    1479.59 0.0000e+00
        121 148.506409      0.769      0.776    12.3143  23.794714     3.9321 2.4250e+02    221.834     74.885      0.769    19.5537    14.5757    1479.57 0.0000e+00
        122 148.506409      0.770      0.777    12.3101  23.784332     3.9244 2.3382e+02    221.921     74.912      0.770    19.5465    14.5708    1479.54 0.0000e+00
        123 148.506424      0.772      0.779    12.3067  23.773739     3.6593 2.2987e+02    221.954     74.934      0.772    19.5388    14.5654    1479.52 0.0000e+00
        124 148.506424      0.773      0.780    12.3034  23.769144     3.6345 2.1403e+02    222.129     74.995      0.773    19.5363    14.5640    1479.51 0.0000e+00
        125 148.506424      0.773      0.780    12.2999  23.776705     4.0827 2.2446e+02    222.299     75.032      0.773    19.5450    14.5713    1479.51 0.0000e+00
        126 148.506424      0.773      0.780    12.2962  23.791838     4.0751 2.3768e+02    222.413     75.056      0.773    19.5605    14.5838    1479.51 0.0000e+00
        127 148.506424      0.772      0.779    12.2931  23.800173     3.6078 2.3118e+02    222.681     75.148      0.772    19.5697    14.5914    1479.51 0.0000e+00
        128 148.506439      0.772      0.779    12.2909  23.793661     3.6250 2.1023e+02    222.627     75.138      0.772    19.5649    14.5881    1479.50 0.0000e+00
        129 148.506439      0.772      0.779    12.2890  23.780132     4.1190 2.3073e+02    222.747     75.176      0.772    19.5537    14.5798    1479.48 0.0000e+00
        130 148.506439      0.772      0.779    12.2862  23.772486     4.1114 2.2987e+02    222.660     75.136      0.772    19.5483    14.5760    1479.46 0.0000e+00
        131 148.506439      0.772      0.779    12.2814  23.774584     4.1419 2.2486e+02    222.672     75.135      0.772    19.5527    14.5802    1479.45 0.0000e+00
        132 148.506439      0.773      0.780    12.2755  23.779696     4.1381 2.2476e+02    222.604     75.111      0.773    19.5604    14.5871    1479.44 0.0000e+00
        133 148.506439      0.773      0.780    12.2701  23.779339     4.2563 2.5009e+02    222.283     74.997      0.773    19.5628    14.5899    1479.42 0.0000e+00
        134 148.506454      0.773      0.780    12.2663  23.772581     4.2506 2.1985e+02    221.969     74.882      0.773    19.5587    14.5873    1479.40 0.0000e+00
        135 148.506454      0.773      0.780    12.2637  23.765247     4.2926 2.1609e+02    221.581     74.744      0.773    19.5535    14.5837    1479.39 0.0000e+00
        136 148.506454      0.774      0.781    12.2618  23.761223     4.2849 2.4629e+02    220.995     74.546      0.774    19.5508    14.5820    1479.38 0.0000e+00
        137 148.506454      0.774      0.781    12.2604  23.759209     4.0618 2.2217e+02    220.383     74.343      0.774    19.5497    14.5813    1479.37 0.0000e+00
        138 148.506454      0.774      0.781    12.2593  23.757019     4.0541 2.4710e+02    219.750     74.144      0.774    19.5483    14.5804    1479.36 0.0000e+00
        139 148.506470      0.774      0.782    12.2579  23.755455     4.2468 2.4150e+02    218.957     73.885      0.774    19.5477    14.5802    1479.36 0.0000e+00
        140 148.506470      0.775      0.782    12.2561  23.756584     4.2792 2.0686e+02    218.360     73.664      0.775    19.5496    14.5820    1479.36 0.0000e+00
        141 148.506470      0.775      0.782    12.2542  23.758615     3.8214 2.4298e+02    217.931     73.506      0.775    19.5524    14.5844    1479.35 0.0000e+00
        142 148.506470      0.775      0.782    12.2524  23.756514     3.7432 2.6023e+02    217.460     73.345      0.775    19.5515    14.5840    1479.34 0.0000e+00
        143 148.506470      0.775      0.782    12.2506  23.749491     3.7490 2.1966e+02    217.064     73.211      0.775    19.5461    14.5801    1479.33 0.0000e+00
        144 148.506485      0.776      0.783    12.2487  23.743038     4.0522 2.6297e+02    216.718     73.095      0.776    19.5412    14.5767    1479.32 0.0000e+00
        145 148.506485      0.776      0.783    12.2466  23.741421     4.0427 2.5808e+02    216.419     72.977      0.776    19.5409    14.5767    1479.31 0.0000e+00
        146 148.506485      0.776      0.783    12.2443  23.742975     4.2392 2.3789e+02    216.311     72.922      0.776    19.5435    14.5791    1479.31 0.0000e+00
        147 148.506485      0.776      0.783    12.2417  23.743879     4.2258 2.4549e+02    216.065     72.837      0.776    19.5456    14.5812    1479.30 0.0000e+00
        148 148.506485      0.776      0.783    12.2390  23.743141     3.8729 2.4224e+02    216.034     72.840      0.776    19.5464    14.5822    1479.29 0.0000e+00
        149 148.506500      0.776      0.783    12.2362  23.741968     3.8691 2.5047e+02    216.455     72.982      0.776    19.5468    14.5830    1479.28 0.0000e+00
        150 148.506500      0.776      0.783    12.2337  23.740204     4.1037 2.6424e+02    216.071     72.839      0.776    19.5465    14.5831    1479.27 0.0000e+00
        151 148.506500      0.776      0.783    12.2316  23.736917     4.1266 2.3768e+02    216.314     72.916      0.776    19.5446    14.5820    1479.26 0.0000e+00
        152 148.506500      0.777      0.784    12.2297  23.733095     3.7413 2.5695e+02    216.111     72.853      0.777    19.5421    14.5804    1479.25 0.0000e+00
        153 148.506500      0.777      0.785    12.2280  23.731367     3.7375 2.6580e+02    215.775     72.743      0.777    19.5415    14.5802    1479.25 0.0000e+00
        154 148.506500      0.778      0.785    12.2265  23.733448     3.9759 2.4145e+02    215.249     72.560      0.778    19.5442    14.5825    1479.24 0.0000e+00
        155 148.506516      0.777      0.785    12.2252  23.738747     3.9778 2.5735e+02    214.676     72.361      0.777    19.5496    14.5869    1479.25 0.0000e+00
        156 148.506516      0.777      0.784    12.2243  23.744074     4.0732 2.7060e+02    213.974     72.125      0.777    19.5549    14.5911    1479.25 0.0000e+00
        157 148.506516      0.776      0.784    12.2234  23.744322     4.0675 2.7238e+02    213.207     71.861      0.776    19.5555    14.5918    1479.25 0.0000e+00
        158 148.506516      0.777      0.784    12.2221  23.738695     3.9626 2.7688e+02    212.626     71.661      0.777    19.5511    14.5886    1479.24 0.0000e+00
        159 148.506516      0.777      0.784    12.2195  23.733995     3.9550 2.2178e+02    211.942     71.432      0.777    19.5483    14.5868    1479.22 0.0000e+00
        160 148.506531      0.777      0.784    12.2150  23.736439     4.0904 2.5427e+02    211.333     71.227      0.777    19.5528    14.5911    1479.21 0.0000e+00
        161 148.506531      0.777      0.784    12.2090  23.744032     4.0751 2.8041e+02    210.563     70.958      0.777    19.5628    14.5997    1479.20 0.0000e+00
        162 148.506531      0.777      0.784    12.2034  23.748657     3.9168 2.7292e+02    209.870     70.720      0.777    19.5699    14.6061    1479.19 0.0000e+00
        163 148.506531      0.777      0.784    12.1992  23.745632     3.9302 2.4166e+02    209.214     70.498      0.777    19.5693    14.6064    1479.18 0.0000e+00
        164 148.506531      0.777      0.784    12.1964  23.738899     4.2582 2.6435e+02    208.545     70.283      0.777    19.5647    14.6032    1479.16 0.0000e+00
        165 148.506546      0.777      0.784    12.1948  23.734318     4.2582 2.7688e+02    207.776     70.037      0.777    19.5614    14.6009    1479.15 0.0000e+00
        166 148.506546      0.778      0.785    12.1940  23.732056     4.2601 2.7670e+02    206.911     69.745      0.778    19.5598    14.5998    1479.15 0.0000e+00
        167 148.506546      0.779      0.786    12.1934  23.728802     4.1342 2.5853e+02    206.377     69.551      0.779    19.5572    14.5979    1479.14 0.0000e+00
        168 148.506546      0.779      0.787    12.1924  23.724651     4.1419 2.4176e+02    206.168     69.471      0.779    19.5539    14.5956    1479.13 0.0000e+00
        169 148.506546      0.780      0.787    12.1911  23.722759     4.3154 2.5511e+02    205.957     69.399      0.780    19.5529    14.5950    1479.13 0.0000e+00
        170 148.506561      0.781      0.788    12.1898  23.723381     4.3288 2.8704e+02    205.915     69.384      0.781    19.5541    14.5961    1479.13 0.0000e+00
        171 148.506561      0.781      0.788    12.1887  23.723433     3.9607 2.6177e+02    205.764     69.332      0.781    19.5547    14.5968    1479.12 0.0000e+00
        172 148.506561      0.781      0.788    12.1877  23.721304     3.9702 2.5477e+02    205.554     69.254      0.781    19.5533    14.5959    1479.12 0.0000e+00
        173 148.506561      0.782      0.789    12.1866  23.718407     4.1781 2.7864e+02    205.572     69.250      0.782    19.5513    14.5945    1479.11 0.0000e+00
        174 148.506561      0.782      0.789    12.1855  23.715799     4.1838 2.8572e+02    205.538     69.232      0.782    19.5495    14.5933    1479.10 0.0000e+00
        175 148.506561      0.782      0.790    12.1843  23.713163     4.2983 2.6165e+02    205.278     69.143      0.782    19.5478    14.5921    1479.10 0.0000e+00
        176 148.506577      0.783      0.790    12.1831  23.711102     4.2983 2.6895e+02    204.975     69.040      0.783    19.5465    14.5914    1479.09 0.0000e+00
        177 148.506577      0.783      0.791    12.1819  23.710062     3.7623 2.8679e+02    204.883     69.007      0.783    19.5462    14.5913    1479.09 0.0000e+00
        178 148.506577      0.784      0.791    12.1808  23.708691     3.7833 2.7839e+02    204.551     68.897      0.784    19.5455    14.5910    1479.08 0.0000e+00
        179 148.506577      0.785      0.792    12.1798  23.706678     3.8386 2.5578e+02    204.372     68.850      0.785    19.5443    14.5901    1479.08 0.0000e+00
        180 148.506577      0.785      0.793    12.1788  23.706427     3.8214 2.8127e+02    204.146     68.783      0.785    19.5446    14.5905    1479.07 0.0000e+00
        181 148.506592      0.786      0.793    12.1778  23.710058     3.9836 2.9588e+02    203.659     68.616      0.786    19.5483    14.5936    1479.08 0.0000e+00
        182 148.506592      0.786      0.793    12.1771  23.716669     3.9874 2.5135e+02    203.486     68.543      0.786    19.5547    14.5986    1479.08 0.0000e+00
        183 148.506592      0.785      0.792    12.1766  23.721851     3.8424 2.7567e+02    203.495     68.536      0.785    19.5596    14.6025    1479.08 0.0000e+00
        184 148.506592      0.785      0.792    12.1762  23.721081     3.8348 2.7411e+02    203.621     68.573      0.785    19.5592    14.6022    1479.08 0.0000e+00
        185 148.506592      0.785      0.792    12.1754  23.715338     3.6688 2.8710e+02    203.785     68.635      0.785    19.5544    14.5987    1479.07 0.0000e+00
        186 148.506607      0.785      0.793    12.1736  23.710594     3.6746 2.5667e+02    204.005     68.712      0.785    19.5510    14.5963    1479.06 0.0000e+00
        187 148.506607      0.786      0.793    12.1706  23.711077     3.6917 2.6337e+02    204.412     68.841      0.786    19.5530    14.5984    1479.06 0.0000e+00
        188 148.506607      0.786      0.793    12.1666  23.715111     3.7108 2.8541e+02    205.671     69.245      0.786    19.5587    14.6034    1479.05 0.0000e+00
        189 148.506607      0.786      0.793    12.1628  23.717773     3.7661 2.5690e+02    207.245     69.765      0.786    19.5631    14.6074    1479.04 0.0000e+00
        190 148.506607      0.786      0.793    12.1596  23.716539     3.8310 2.6412e+02    209.455     70.512      0.786    19.5637    14.6084    1479.03 0.0000e+00
        191 148.506607      0.786      0.793    12.1571  23.712919     3.8252 3.0196e+02    212.166     71.433      0.786    19.5617    14.6073    1479.02 0.0000e+00
        192 148.506622      0.786      0.793    12.1550  23.709637     3.7127 2.5466e+02    214.788     72.324      0.786    19.5599    14.6062    1479.01 0.0000e+00
