Loch_Etive/CTD_data_US/2025-05-28/sbe55_sbe19p_5215_20250528_re2.cnv
* Sea-Bird SBE 19plus Data File:
* FileName = C:\Data\sbe55_sbe19p_5215\2025-05-28\sbe55_sbe19p_5215_20250528_re2069.hex
* Software Version SeatermAF 2.1.4
* Temperature SN = 5215
* Conductivity SN = 5215
* System UpLoad Time = May 28 2025 10:46:08 (localtime) = May 28 2025 10:46:08 (UTC)
* ds
* SeacatPlus V 1.6b  SERIAL NO. 5215    28 May 2025  10:45:39
# nquan = 15                                
# nvalues = 985                         
# units = specified
# name 0 = scan: Scan Count
# name 1 = timeJ: Julian Days
# name 2 = depSM: Depth [salt water, m], lat = 56.00
# name 3 = prdM: Pressure, Strain Gauge [db]
# name 4 = tv290C: Temperature [ITS-90, deg C]
# name 5 = c0mS/cm: Conductivity [mS/cm]
# name 6 = flECO-AFL: Fluorescence, WET Labs ECO-AFL/FL [mg/m^3]
# name 7 = par/sat/log: PAR/Logarithmic, Satlantic [umol photons/m^2/sec]
# name 8 = sbeox0Mm/L: Oxygen, SBE 43 [umol/l]
# name 9 = sbeox0PS: Oxygen, SBE 43 [% saturation]
# name 10 = depSM: Depth [salt water, m], lat = 56
# name 11 = sal00: Salinity, Practical [PSU]
# name 12 = sigma-é00: Density [sigma-theta, kg/m^3]
# name 13 = svCM: Sound Velocity [Chen-Millero, m/s]
# name 14 = flag: flag
# span 0 =        301,       1285       
# span 1 = 148.443939, 148.446793       
# span 2 =     -0.002,     43.132       
# span 3 =     -0.002,     43.533       
# span 4 =    10.5924,    14.1687       
# span 5 =   0.313349,  32.186115       
# span 6 =     0.1154,    10.4477       
# span 7 = 5.2971e-02, 5.2114e+02       
# span 8 =    144.650,    339.472       
# span 9 =     49.858,    104.614       
# span 10 =     -0.002,     43.132      
# span 11 =     0.2018,    27.6179      
# span 12 =    -0.3339,    20.9933      
# span 13 =    1454.99,    1493.42      
# span 14 = 0.0000e+00, 0.0000e+00      
# interval = seconds: 0.25
# start_time = May 28 2025 10:38:02 [Instrument's time stamp, header]
# bad_flag = -9.990e-29
*END*
        301 148.443939      0.864      0.872    11.4056   4.830903     6.1809 2.6493e+02    337.937    101.237      0.864     3.5837     2.3578    1457.17 0.0000e+00
        302 148.443954      0.865      0.873    11.4055   4.832111     6.2572 2.6217e+02    338.611    101.439      0.865     3.5846     2.3586    1457.17 0.0000e+00
        303 148.443954      0.865      0.873    11.4053   4.833222     6.2533 2.4764e+02    339.472    101.698      0.865     3.5855     2.3593    1457.17 0.0000e+00
        304 148.443954      0.866      0.874    11.4051   4.833740     6.1618 2.5960e+02    338.450    101.391      0.866     3.5859     2.3597    1457.17 0.0000e+00
        305 148.443954      0.866      0.874    11.4049   4.833645     6.1637 2.7125e+02    339.255    101.631      0.866     3.5859     2.3597    1457.17 0.0000e+00
        306 148.443954      0.866      0.874    11.4048   4.832924     6.2533 2.6165e+02    338.506    101.404      0.866     3.5853     2.3592    1457.17 0.0000e+00
        307 148.443970      0.866      0.874    11.4047   4.831661     6.2552 2.6297e+02    338.222    101.319      0.866     3.5843     2.3585    1457.17 0.0000e+00
        308 148.443970      0.866      0.874    11.4047   4.829970     6.0435 2.6960e+02    338.616    101.436      0.866     3.5830     2.3575    1457.17 0.0000e+00
        309 148.443970      0.867      0.875    11.4047   4.827787     6.0340 2.5932e+02    338.457    101.388      0.867     3.5813     2.3561    1457.16 0.0000e+00
        310 148.443970      0.868      0.876    11.4046   4.825276     6.0454 2.5316e+02    337.912    101.226      0.868     3.5793     2.3546    1457.16 0.0000e+00
        311 148.443970      0.869      0.877    11.4046   4.822896     6.1618 2.6632e+02    338.113    101.286      0.869     3.5774     2.3531    1457.16 0.0000e+00
        312 148.443985      0.870      0.878    11.4044   4.820901     6.1484 2.5881e+02    338.206    101.313      0.870     3.5759     2.3519    1457.16 0.0000e+00
        313 148.443985      0.870      0.878    11.4043   4.819343     6.0836 2.5316e+02    338.325    101.349      0.870     3.5746     2.3510    1457.16 0.0000e+00
        314 148.443985      0.870      0.878    11.4040   4.818455     6.0969 2.6522e+02    338.396    101.372      0.870     3.5740     2.3505    1457.15 0.0000e+00
        315 148.443985      0.869      0.877    11.4038   4.818292     6.1236 2.6080e+02    338.273    101.335      0.869     3.5739     2.3504    1457.15 0.0000e+00
        316 148.443985      0.869      0.877    11.4037   4.818531     6.1332 2.4330e+02    338.139    101.295      0.869     3.5741     2.3506    1457.15 0.0000e+00
        317 148.444000      0.869      0.877    11.4036   4.818951     6.1866 2.6412e+02    338.332    101.354      0.869     3.5744     2.3509    1457.15 0.0000e+00
        318 148.444000      0.870      0.878    11.4035   4.819522     6.1923 2.6685e+02    338.286    101.343      0.870     3.5749     2.3513    1457.15 0.0000e+00
        319 148.444000      0.871      0.879    11.4034   4.820269     6.2438 2.4646e+02    338.225    101.325      0.871     3.5755     2.3517    1457.15 0.0000e+00
        320 148.444000      0.871      0.879    11.4033   4.821243     6.2552 2.6487e+02    338.052    101.273      0.871     3.5762     2.3524    1457.15 0.0000e+00
        321 148.444000      0.871      0.879    11.4030   4.822303     6.1084 2.7507e+02    338.242    101.331      0.871     3.5771     2.3531    1457.15 0.0000e+00
        322 148.444000      0.871      0.879    11.4026   4.823176     6.1427 2.5960e+02    338.367    101.369      0.871     3.5778     2.3537    1457.15 0.0000e+00
        323 148.444016      0.870      0.878    11.4022   4.823730     6.2247 2.5494e+02    338.377    101.373      0.870     3.5783     2.3541    1457.15 0.0000e+00
        324 148.444016      0.869      0.877    11.4018   4.824012     6.2209 2.6343e+02    338.444    101.394      0.869     3.5786     2.3543    1457.15 0.0000e+00
        325 148.444016      0.868      0.876    11.4015   4.824169     6.2438 2.6989e+02    338.410    101.387      0.868     3.5787     2.3545    1457.15 0.0000e+00
        326 148.444016      0.868      0.876    11.4013   4.824248     6.2552 2.6731e+02    338.557    101.430      0.868     3.5788     2.3546    1457.15 0.0000e+00
        327 148.444016      0.867      0.875    11.4013   4.824247     6.3201 2.5085e+02    338.493    101.411      0.867     3.5788     2.3546    1457.15 0.0000e+00
        328 148.444031      0.868      0.876    11.4013   4.824193     6.3087 2.5662e+02    338.440    101.396      0.868     3.5788     2.3545    1457.15 0.0000e+00
        329 148.444031      0.868      0.876    11.4014   4.824005     6.3048 2.5847e+02    338.459    101.402      0.868     3.5786     2.3544    1457.15 0.0000e+00
        330 148.444031      0.867      0.875    11.4015   4.823677     6.3048 2.5735e+02    338.351    101.371      0.867     3.5783     2.3542    1457.15 0.0000e+00
        331 148.444031      0.867      0.875    11.4017   4.823381     6.3792 2.5994e+02    338.425    101.395      0.867     3.5781     2.3540    1457.15 0.0000e+00
        332 148.444031      0.866      0.874    11.4019   4.823229     6.3659 2.6842e+02    338.440    101.399      0.866     3.5779     2.3538    1457.15 0.0000e+00
        333 148.444046      0.865      0.873    11.4022   4.823241     6.3525 2.5864e+02    338.687    101.472      0.865     3.5779     2.3538    1457.15 0.0000e+00
        334 148.444046      0.865      0.873    11.4025   4.823433     6.1866 2.5350e+02    338.659    101.465      0.865     3.5780     2.3539    1457.15 0.0000e+00
        335 148.444046      0.865      0.873    11.4028   4.823798     6.1961 2.6091e+02    338.757    101.491      0.865     3.5783     2.3540    1457.15 0.0000e+00
        336 148.444046      0.866      0.873    11.4031   4.824136     6.2495 2.5511e+02    338.860    101.520      0.866     3.5785     2.3542    1457.16 0.0000e+00
        337 148.444046      0.866      0.874    11.4035   4.824131     6.2419 2.5096e+02    338.919    101.539      0.866     3.5785     2.3541    1457.16 0.0000e+00
        338 148.444061      0.865      0.873    11.4039   4.823808     6.2839 2.5875e+02    338.974    101.558      0.865     3.5782     2.3538    1457.16 0.0000e+00
        339 148.444061      0.865      0.873    11.4044   4.823390     6.2800 2.6320e+02    338.903    101.536      0.865     3.5778     2.3535    1457.16 0.0000e+00
        340 148.444061      0.864      0.872    11.4048   4.822977     6.1065 2.5438e+02    338.926    101.540      0.864     3.5775     2.3531    1457.16 0.0000e+00
        341 148.444061      0.865      0.873    11.4052   4.822738     6.0855 2.6080e+02    338.848    101.514      0.865     3.5772     2.3529    1457.16 0.0000e+00
        342 148.444061      0.866      0.874    11.4056   4.822818     6.0302 2.5729e+02    338.904    101.529      0.866     3.5773     2.3529    1457.16 0.0000e+00
        343 148.444061      0.867      0.875    11.4060   4.822906     6.0512 2.3998e+02    338.881    101.523      0.867     3.5773     2.3529    1457.17 0.0000e+00
        344 148.444077      0.868      0.876    11.4064   4.822648     5.9978 2.4442e+02    338.816    101.507      0.868     3.5771     2.3526    1457.17 0.0000e+00
        345 148.444077      0.868      0.876    11.4067   4.822247     5.9958 2.6412e+02    338.886    101.532      0.868     3.5767     2.3523    1457.17 0.0000e+00
        346 148.444077      0.868      0.876    11.4070   4.822042     5.9997 2.5712e+02    338.822    101.526      0.868     3.5765     2.3521    1457.17 0.0000e+00
        347 148.444077      0.868      0.876    11.4073   4.822167     5.9882 2.5256e+02    338.647    101.490      0.868     3.5766     2.3522    1457.17 0.0000e+00
        348 148.444077      0.869      0.877    11.4075   4.822625     6.0397 2.5921e+02    338.528    101.486      0.869     3.5769     2.3524    1457.17 0.0000e+00
        349 148.444092      0.870      0.878    11.4076   4.823293     6.0359 2.5622e+02    338.315    101.457      0.870     3.5774     2.3528    1457.17 0.0000e+00
        350 148.444092      0.873      0.881    11.4075   4.823981     6.1046 2.4118e+02    338.085    101.461      0.873     3.5780     2.3532    1457.17 0.0000e+00
        351 148.444092      0.875      0.883    11.4073   4.824706     6.1046 2.3551e+02    337.280    101.472      0.875     3.5786     2.3537    1457.17 0.0000e+00
        352 148.444092      0.878      0.886    11.4070   4.825544     6.1694 2.5606e+02    332.778    101.550      0.878     3.5793     2.3543    1457.17 0.0000e+00
        353 148.444092      0.880      0.888    11.4067   4.826459     6.1790 2.5483e+02    329.350    101.641      0.880     3.5800     2.3549    1457.17 0.0000e+00
        354 148.444107      0.884      0.892    11.4063   4.827769     6.1866 2.4293e+02    322.158    101.981      0.884     3.5811     2.3558    1457.17 0.0000e+00
        355 148.444107      0.888      0.896    11.4060   4.830031     6.1980 2.6522e+02    319.997    102.459      0.888     3.5829     2.3572    1457.17 0.0000e+00
        356 148.444107      0.894      0.902    11.4056   4.833479     6.2877 2.5723e+02    319.613    103.103      0.894     3.5857     2.3594    1457.17 0.0000e+00
        357 148.444107      0.901      0.910    11.4050   4.838216     6.2877 2.3163e+02    320.606    103.781      0.901     3.5895     2.3624    1457.18 0.0000e+00
        358 148.444107      0.911      0.919    11.4044   4.844801     6.2896 2.4266e+02    321.075    104.209      0.911     3.5948     2.3666    1457.18 0.0000e+00
        359 148.444107      0.923      0.932    11.4040   4.854470     6.1275 2.6458e+02    319.945    104.500      0.923     3.6025     2.3726    1457.19 0.0000e+00
        360 148.444122      0.939      0.947    11.4040   4.869303     6.1198 2.5201e+02    318.880    104.614      0.939     3.6142     2.3817    1457.20 0.0000e+00
        361 148.444122      0.958      0.967    11.4047   4.892962     6.2781 2.4597e+02    317.840    104.567      0.958     3.6329     2.3961    1457.23 0.0000e+00
        362 148.444122      0.984      0.993    11.4063   4.931506     6.2686 2.4971e+02    315.239    104.352      0.984     3.6632     2.4196    1457.27 0.0000e+00
        363 148.444122      1.016      1.025    11.4089   4.994382     6.1217 2.3290e+02    311.334    104.121      1.016     3.7128     2.4578    1457.34 0.0000e+00
        364 148.444122      1.055      1.065    11.4132   5.095597     6.1275 2.0408e+02    308.289    103.977      1.055     3.7927     2.5193    1457.46 0.0000e+00
        365 148.444138      1.101      1.111    11.4203   5.256327     6.0378 1.8595e+02    305.513    103.876      1.101     3.9198     2.6171    1457.64 0.0000e+00
        366 148.444138      1.153      1.164    11.4317   5.510699     6.0302 1.7692e+02    304.540    103.942      1.153     4.1214     2.7723    1457.93 0.0000e+00
        367 148.444138      1.210      1.221    11.4494   5.916185     5.9787 1.6261e+02    304.032    104.059      1.210     4.4443     3.0207    1458.39 0.0000e+00
        368 148.444138      1.271      1.283    11.4760   6.566889     5.9882 1.4305e+02    303.623    104.111      1.271     4.9658     3.4220    1459.12 0.0000e+00
        369 148.444138      1.336      1.348    11.5161   7.590350     6.4994 1.3226e+02    302.481    103.916      1.336     5.7937     4.0588    1460.27 0.0000e+00
        370 148.444153      1.404      1.417    11.5782   9.009703     6.4841 1.1983e+02    301.472    103.685      1.404     6.9540     4.9496    1461.90 0.0000e+00
        371 148.444153      1.475      1.489    11.6705  10.691182     7.6457 1.0678e+02    300.733    103.504      1.475     8.3411     6.0110    1463.91 0.0000e+00
        372 148.444153      1.549      1.564    11.7942  12.391073     7.6438 9.4880e+01    299.746    103.294      1.549     9.7498     7.0837    1466.05 0.0000e+00
        373 148.444153      1.626      1.641    11.9382  13.816565     8.7501 8.5326e+01    299.019    103.162      1.626    10.9271     7.9735    1467.99 0.0000e+00
        374 148.444153      1.704      1.720    12.0821  14.878702     8.7730 7.8394e+01    298.540    103.048      1.704    11.7951     8.6233    1469.55 0.0000e+00
        375 148.444168      1.784      1.800    12.2083  15.700664     8.8474 7.2167e+01    298.085    103.007      1.784    12.4619     9.1197    1470.80 0.0000e+00
        376 148.444168      1.865      1.882    12.3115  16.433069     8.8645 6.5741e+01    296.694    103.021      1.865    13.0587     9.5649    1471.88 0.0000e+00
        377 148.444168      1.948      1.966    12.3978  17.164341     9.6943 5.8415e+01    296.573    103.080      1.948    13.6603    10.0160    1472.91 0.0000e+00
        378 148.444168      2.032      2.051    12.4755  17.898874     9.7114 5.2202e+01    296.495    103.186      2.032    14.2680    10.4729    1473.91 0.0000e+00
        379 148.444168      2.118      2.138    12.5501  18.666286     8.1111 4.6761e+01    296.301    103.274      2.118    14.9059    10.9531    1474.93 0.0000e+00
        380 148.444168      2.205      2.225    12.6255  19.528940     8.0882 4.1378e+01    296.314    103.377      2.205    15.6270    11.4972    1476.05 0.0000e+00
        381 148.444183      2.293      2.314    12.7073  20.457113     8.0901 3.7875e+01    296.148    103.391      2.293    16.4034    12.0826    1477.26 0.0000e+00
        382 148.444183      2.381      2.402    12.7991  21.333517     8.1340 3.4890e+01    295.690    103.394      2.381    17.1308    12.6282    1478.45 0.0000e+00
        383 148.444183      2.469      2.491    12.8973  22.058931     8.1378 3.1964e+01    294.517    103.145      2.469    17.7225    13.0680    1479.49 0.0000e+00
        384 148.444183      2.558      2.581    12.9927  22.600639     8.9542 2.9271e+01    293.145    102.798      2.558    18.1534    13.3841    1480.33 0.0000e+00
        385 148.444183      2.647      2.672    13.0749  22.997509     8.9561 2.6741e+01    291.272    102.324      2.647    18.4625    13.6085    1480.99 0.0000e+00
        386 148.444199      2.739      2.764    13.1373  23.313185     8.4506 2.4424e+01    289.037    101.887      2.739    18.7094    13.7881    1481.49 0.0000e+00
        387 148.444199      2.831      2.858    13.1802  23.584133     8.4621 2.2099e+01    286.615    101.481      2.831    18.9263    13.9478    1481.90 0.0000e+00
        388 148.444199      2.925      2.952    13.2088  23.821079     9.2098 2.0478e+01    284.378    101.081      2.925    19.1203    14.0923    1482.23 0.0000e+00
        389 148.444199      3.020      3.048    13.2289  24.034855     9.2002 1.8896e+01    282.957    100.772      3.020    19.2982    14.2258    1482.51 0.0000e+00
        390 148.444199      3.116      3.144    13.2438  24.243322     9.8106 1.7350e+01    281.989    100.576      3.116    19.4741    14.3586    1482.77 0.0000e+00
        391 148.444214      3.212      3.241    13.2543  24.459810     9.7953 1.5940e+01    280.603    100.330      3.212    19.6593    14.4995    1483.02 0.0000e+00
        392 148.444214      3.308      3.338    13.2603  24.702187     8.8035 1.4783e+01    279.397    100.226      3.308    19.8698    14.6605    1483.29 0.0000e+00
        393 148.444214      3.404      3.436    13.2626  24.998867     8.7882 1.3710e+01    278.620    100.189      3.404    20.1305    14.8608    1483.61 0.0000e+00
        394 148.444214      3.500      3.533    13.2621  25.336048     8.7615 1.2657e+01    277.795    100.116      3.500    20.4287    15.0905    1483.96 0.0000e+00
        395 148.444214      3.596      3.629    13.2608  25.655344     8.7692 1.1842e+01    277.300    100.186      3.596    20.7121    15.3090    1484.29 0.0000e+00
        396 148.444229      3.691      3.725    13.2613  25.934643     9.0057 1.1108e+01    276.406    100.129      3.691    20.9594    15.4994    1484.58 0.0000e+00
