Loch_Etive/CTD_data_US/2025-05-28/sbe55_sbe19p_5215_20250528_re8.cnv
* Sea-Bird SBE 19plus Data File:
* FileName = C:\Data\sbe55_sbe19p_5215\2025-05-28\sbe55_sbe19p_5215_20250528_re8073.hex
* Software Version SeatermAF 2.1.4
* Temperature SN = 5215
* Conductivity SN = 5215
* System UpLoad Time = May 28 2025 13:57:37 (localtime) = May 28 2025 13:57:37 (UTC)
* ds
* SeacatPlus V 1.6b  SERIAL NO. 5215    28 May 2025  13:57:06
# nquan = 15                                
# nvalues = 1063                        
# units = specified
# name 0 = scan: Scan Count
# name 1 = timeJ: Julian Days
# name 2 = depSM: Depth [salt water, m], lat = 56.00
# name 3 = prdM: Pressure, Strain Gauge [db]
# name 4 = tv290C: Temperature [ITS-90, deg C]
# name 5 = c0mS/cm: Conductivity [mS/cm]
# name 6 = flECO-AFL: Fluorescence, WET Labs ECO-AFL/FL [mg/m^3]
# name 7 = par/sat/log: PAR/Logarithmic, Satlantic [umol photons/m^2/sec]
# name 8 = sbeox0Mm/L: Oxygen, SBE 43 [umol/l]
# name 9 = sbeox0PS: Oxygen, SBE 43 [% saturation]
# name 10 = depSM: Depth [salt water, m], lat = 56
# name 11 = sal00: Salinity, Practical [PSU]
# name 12 = sigma-é00: Density [sigma-theta, kg/m^3]
# name 13 = svCM: Sound Velocity [Chen-Millero, m/s]
# name 14 = flag: flag
# span 0 =          1,       1063       
# span 1 = 148.575684, 148.578751       
# span 2 =     -0.093,     34.292       
# span 3 =     -0.094,     34.609       
# span 4 =    10.6143,    12.8018       
# span 5 =   0.169427,  37.432358       
# span 6 =     0.0467,     7.1078       
# span 7 = 3.9122e-01, 4.4231e+02       
# span 8 =    234.021,    339.139       
# span 9 =     84.179,    107.625       
# span 10 =     -0.093,     34.292      
# span 11 =     0.1060,    33.6376      
# span 12 =    -0.5130,    25.7826      
# span 13 =    1454.16,    1492.16      
# span 14 = 0.0000e+00, 0.0000e+00      
# interval = seconds: 0.25
# start_time = May 28 2025 13:48:59 [Instrument's time stamp, header]
# bad_flag = -9.990e-29
*END*
[from data line 482]
        483 148.577072     21.838     22.040    10.6802  37.373447     1.5555 3.4283e+00    290.703    103.671     21.838    33.6214    25.7591    1490.94 0.0000e+00
        484 148.577087     21.950     22.152    10.6800  37.373276     1.5612 3.3352e+00    290.727    103.677     21.950    33.6214    25.7591    1490.95 0.0000e+00
        485 148.577087     22.065     22.269    10.6797  37.373211     1.5650 3.2369e+00    290.888    103.735     22.065    33.6215    25.7593    1490.95 0.0000e+00
        486 148.577087     22.184     22.389    10.6795  37.373245     5.4866 3.1456e+00    290.742    103.683     22.184    33.6217    25.7594    1490.95 0.0000e+00
        487 148.577087     22.304     22.510    10.6794  37.373333     5.4904 3.0710e+00    290.841    103.719     22.304    33.6219    25.7596    1490.95 0.0000e+00
        488 148.577087     22.423     22.630    10.6793  37.373444     1.8034 3.0284e+00    290.573    103.624     22.423    33.6220    25.7597    1490.95 0.0000e+00
        489 148.577087     22.541     22.749    10.6793  37.373528     1.8015 3.0027e+00    290.332    103.536     22.541    33.6220    25.7598    1490.95 0.0000e+00
        490 148.577103     22.656     22.866    10.6793  37.373535     1.6241 2.9468e+00    289.977    103.409     22.656    33.6220    25.7597    1490.96 0.0000e+00
        491 148.577103     22.770     22.980    10.6792  37.373489     1.6337 2.8996e+00    289.924    103.388     22.770    33.6219    25.7597    1490.96 0.0000e+00
        492 148.577103     22.881     23.093    10.6792  37.373428     2.0838 2.8493e+00    289.968    103.402     22.881    33.6219    25.7596    1490.96 0.0000e+00
        493 148.577103     22.991     23.204    10.6791  37.373341     2.0743 2.7805e+00    290.051    103.430     22.991    33.6218    25.7596    1490.96 0.0000e+00
        494 148.577103     23.100     23.313    10.6789  37.373169     1.5860 2.7533e+00    290.174    103.473     23.100    33.6217    25.7596    1490.96 0.0000e+00
        495 148.577118     23.208     23.423    10.6787  37.372887     1.5917 2.7216e+00    290.008    103.414     23.208    33.6216    25.7595    1490.96 0.0000e+00
        496 148.577118     23.318     23.534    10.6784  37.372433     1.9923 2.6921e+00    290.214    103.487     23.318    33.6214    25.7594    1490.96 0.0000e+00
        497 148.577118     23.431     23.647    10.6779  37.371750     1.9770 2.6501e+00    290.445    103.569     23.431    33.6211    25.7593    1490.96 0.0000e+00
        498 148.577118     23.547     23.765    10.6772  37.370899     1.4754 2.5652e+00    290.299    103.517     23.547    33.6209    25.7593    1490.96 0.0000e+00
        499 148.577118     23.667     23.886    10.6762  37.370083     1.4696 2.4620e+00    290.308    103.520     23.667    33.6209    25.7595    1490.96 0.0000e+00
        500 148.577133     23.789     24.009    10.6750  37.369530     1.7729 2.3625e+00    290.202    103.481     23.789    33.6214    25.7600    1490.96 0.0000e+00
        501 148.577133     23.911     24.131    10.6739  37.369244     1.7882 2.3120e+00    290.291    103.511     23.911    33.6221    25.7608    1490.96 0.0000e+00
        502 148.577133     24.028     24.250    10.6730  37.369144     2.0800 2.2964e+00    290.258    103.496     24.028    33.6228    25.7615    1490.96 0.0000e+00
        503 148.577133     24.141     24.364    10.6724  37.369137     2.0762 2.2979e+00    290.318    103.513     24.141    33.6233    25.7620    1490.96 0.0000e+00
        504 148.577133     24.249     24.473    10.6720  37.369091     1.7348 2.2888e+00    290.331    103.514     24.249    33.6235    25.7622    1490.96 0.0000e+00
        505 148.577148     24.353     24.578    10.6718  37.368927     1.7424 2.2734e+00    290.315    103.508     24.353    33.6235    25.7622    1490.96 0.0000e+00
        506 148.577148     24.457     24.683    10.6716  37.368645     1.7004 2.2531e+00    290.260    103.487     24.457    33.6234    25.7622    1490.96 0.0000e+00
        507 148.577148     24.563     24.790    10.6713  37.368275     1.7023 2.2185e+00    290.305    103.505     24.563    33.6233    25.7622    1490.96 0.0000e+00
        508 148.577148     24.673     24.901    10.6708  37.367886     1.4448 2.1568e+00    290.074    103.423     24.673    33.6233    25.7622    1490.96 0.0000e+00
        509 148.577148     24.787     25.016    10.6702  37.367542     1.4506 2.0896e+00    289.870    103.350     24.787    33.6234    25.7625    1490.96 0.0000e+00
        510 148.577148     24.906     25.136    10.6696  37.367287     1.4353 2.0201e+00    289.531    103.228     24.906    33.6236    25.7628    1490.96 0.0000e+00
        511 148.577164     25.025     25.256    10.6690  37.367130     1.6394 1.9584e+00    289.459    103.201     25.025    33.6240    25.7631    1490.96 0.0000e+00
        512 148.577164     25.142     25.375    10.6686  37.367027     1.6489 1.9098e+00    289.235    103.120     25.142    33.6242    25.7634    1490.96 0.0000e+00
        513 148.577164     25.255     25.489    10.6682  37.366955     1.7577 1.9132e+00    289.213    103.111     25.255    33.6244    25.7636    1490.96 0.0000e+00
        514 148.577164     25.362     25.597    10.6679  37.366859     1.7710 1.9040e+00    289.126    103.079     25.362    33.6246    25.7638    1490.96 0.0000e+00
        515 148.577164     25.464     25.700    10.6677  37.366699     1.7767 1.8953e+00    289.124    103.078     25.464    33.6246    25.7638    1490.96 0.0000e+00
        516 148.577179     25.564     25.800    10.6674  37.366417     1.7672 1.8854e+00    289.332    103.153     25.564    33.6245    25.7638    1490.96 0.0000e+00
        517 148.577179     25.664     25.902    10.6670  37.365993     2.1716 1.8747e+00    289.341    103.156     25.664    33.6244    25.7638    1490.97 0.0000e+00
        518 148.577179     25.768     26.007    10.6665  37.365398     2.1773 1.8503e+00    289.414    103.183     25.768    33.6242    25.7637    1490.96 0.0000e+00
        519 148.577179     25.878     26.118    10.6658  37.364632     1.7405 1.7973e+00    289.408    103.180     25.878    33.6241    25.7638    1490.96 0.0000e+00
        520 148.577179     25.995     26.236    10.6647  37.363884     1.7424 1.7303e+00    289.557    103.232     25.995    33.6242    25.7641    1490.96 0.0000e+00
        521 148.577194     26.118     26.359    10.6635  37.363400     3.0165 1.6280e+00    289.506    103.212     26.118    33.6248    25.7648    1490.96 0.0000e+00
        522 148.577194     26.241     26.484    10.6623  37.363232     3.0146 1.5622e+00    289.508    103.211     26.241    33.6257    25.7657    1490.96 0.0000e+00
        523 148.577194     26.361     26.605    10.6614  37.363274     2.7190 1.5248e+00    289.571    103.231     26.361    33.6265    25.7665    1490.96 0.0000e+00
        524 148.577194     26.474     26.718    10.6608  37.363380     2.6923 1.5432e+00    289.564    103.226     26.474    33.6271    25.7670    1490.96 0.0000e+00
        525 148.577194     26.577     26.823    10.6606  37.363388     1.8072 1.5619e+00    289.600    103.237     26.577    33.6273    25.7672    1490.96 0.0000e+00
        526 148.577209     26.674     26.921    10.6604  37.363228     1.8015 1.5908e+00    289.563    103.223     26.674    33.6272    25.7672    1490.96 0.0000e+00
        527 148.577209     26.767     27.015    10.6602  37.362957     1.9980 1.5773e+00    289.378    103.156     26.767    33.6271    25.7671    1490.96 0.0000e+00
        528 148.577209     26.862     27.110    10.6600  37.362679     1.9923 1.5537e+00    289.094    103.053     26.862    33.6270    25.7671    1490.96 0.0000e+00
        529 148.577209     26.963     27.212    10.6596  37.362484     1.8950 1.5168e+00    288.997    103.017     26.963    33.6272    25.7673    1490.96 0.0000e+00
        530 148.577209     27.072     27.323    10.6591  37.362385     1.8950 1.4504e+00    288.651    102.893     27.072    33.6274    25.7676    1490.96 0.0000e+00
        531 148.577209     27.190     27.441    10.6587  37.362362     1.9484 1.3997e+00    288.560    102.859     27.190    33.6278    25.7679    1490.96 0.0000e+00
        532 148.577225     27.311     27.564    10.6583  37.362423     1.9503 1.3496e+00    288.539    102.851     27.311    33.6282    25.7683    1490.97 0.0000e+00
        533 148.577225     27.433     27.686    10.6579  37.362591     2.0514 1.3081e+00    288.551    102.852     27.433    33.6286    25.7687    1490.97 0.0000e+00
        534 148.577225     27.551     27.806    10.6577  37.362782     2.1468 1.2947e+00    288.442    102.809     27.551    33.6289    25.7690    1490.97 0.0000e+00
        535 148.577225     27.664     27.920    10.6576  37.362850     2.1315 1.3230e+00    288.524    102.832     27.664    33.6290    25.7691    1490.97 0.0000e+00
        536 148.577225     27.772     28.028    10.6575  37.362728     2.0838 1.3224e+00    288.618    102.861     27.772    33.6290    25.7691    1490.97 0.0000e+00
        537 148.577240     27.877     28.135    10.6572  37.362461     2.0743 1.3061e+00    288.736    102.898     27.877    33.6289    25.7691    1490.97 0.0000e+00
        538 148.577240     27.982     28.241    10.6568  37.362095     1.6432 1.2792e+00    288.573    102.835     27.982    33.6289    25.7691    1490.97 0.0000e+00
        539 148.577240     28.090     28.350    10.6562  37.361683     1.6508 1.2516e+00    288.285    102.729     28.090    33.6290    25.7693    1490.97 0.0000e+00
        540 148.577240     28.202     28.463    10.6554  37.361263     1.8378 1.2134e+00    288.097    102.659     28.202    33.6293    25.7697    1490.97 0.0000e+00
        541 148.577240     28.318     28.580    10.6544  37.360863     1.8320 1.1753e+00    287.689    102.511     28.318    33.6297    25.7702    1490.97 0.0000e+00
        542 148.577255     28.434     28.697    10.6534  37.360504     1.7424 1.1434e+00    287.422    102.414     28.434    33.6302    25.7707    1490.97 0.0000e+00
        543 148.577255     28.550     28.814    10.6526  37.360188     1.7462 1.1407e+00    286.975    102.253     28.550    33.6306    25.7712    1490.97 0.0000e+00
        544 148.577255     28.664     28.929    10.6518  37.359859     2.0762 1.1226e+00    286.643    102.133     28.664    33.6309    25.7716    1490.97 0.0000e+00
        545 148.577255     28.775     29.042    10.6511  37.359470     2.0743 1.1107e+00    286.373    102.035     28.775    33.6311    25.7719    1490.97 0.0000e+00
        546 148.577255     28.886     29.154    10.6504  37.359035     2.2288 1.0881e+00    286.124    101.944     28.886    33.6313    25.7722    1490.97 0.0000e+00
        547 148.577255     28.998     29.266    10.6496  37.358574     2.2364 1.0962e+00    286.151    101.951     28.998    33.6315    25.7725    1490.97 0.0000e+00
        548 148.577271     29.110     29.380    10.6488  37.358028     2.2345 1.0648e+00    286.005    101.898     29.110    33.6317    25.7727    1490.97 0.0000e+00
        549 148.577271     29.226     29.496    10.6479  37.357265     2.2364 1.0378e+00    285.851    101.842     29.226    33.6316    25.7729    1490.97 0.0000e+00
        550 148.577271     29.343     29.614    10.6470  37.356129     3.1806 1.0069e+00    285.772    101.813     29.343    33.6313    25.7728    1490.96 0.0000e+00
        551 148.577271     29.461     29.733    10.6458  37.354607     3.1901 9.7918e-01    285.539    101.730     29.461    33.6308    25.7726    1490.96 0.0000e+00
        552 148.577271     29.579     29.852    10.6443  37.352867     2.5721 9.6160e-01    285.255    101.627     29.579    33.6305    25.7726    1490.96 0.0000e+00
        553 148.577286     29.696     29.970    10.6425  37.351093     2.5721 9.4639e-01    285.196    101.604     29.696    33.6303    25.7728    1490.95 0.0000e+00
        554 148.577286     29.811     30.087    10.6405  37.349445     2.1468 9.3857e-01    284.948    101.512     29.811    33.6304    25.7732    1490.95 0.0000e+00
        555 148.577286     29.923     30.200    10.6385  37.347950     2.1372 9.2151e-01    284.749    101.438     29.923    33.6306    25.7738    1490.94 0.0000e+00
        556 148.577286     30.035     30.313    10.6367  37.346622     2.5950 9.2070e-01    284.734    101.431     30.035    33.6310    25.7744    1490.94 0.0000e+00
        557 148.577286     30.146     30.425    10.6349  37.345486     2.6198 8.9708e-01    284.812    101.459     30.146    33.6314    25.7750    1490.93 0.0000e+00
        558 148.577301     30.258     30.538    10.6334  37.344521     2.6007 8.7981e-01    284.719    101.426     30.258    33.6318    25.7756    1490.93 0.0000e+00
        559 148.577301     30.372     30.654    10.6320  37.343712     2.0743 8.6855e-01    284.690    101.417     30.372    33.6322    25.7761    1490.93 0.0000e+00
        560 148.577301     30.489     30.772    10.6308  37.343006     2.0914 8.3617e-01    284.726    101.430     30.489    33.6325    25.7766    1490.93 0.0000e+00
        561 148.577301     30.609     30.892    10.6298  37.342319     2.5969 8.1223e-01    284.714    101.425     30.609    33.6328    25.7769    1490.93 0.0000e+00
        562 148.577301     30.730     31.014    10.6288  37.341625     2.5950 8.0061e-01    284.312    101.281     30.730    33.6329    25.7772    1490.92 0.0000e+00
        563 148.577316     30.852     31.138    10.6279  37.340931     2.4996 7.8880e-01    284.695    101.415     30.852    33.6330    25.7775    1490.92 0.0000e+00
        564 148.577316     30.974     31.260    10.6269  37.340248     2.5073 7.5906e-01    284.579    101.372     30.974    33.6332    25.7778    1490.92 0.0000e+00
        565 148.577316     31.093     31.381    10.6260  37.339653     3.0222 7.3604e-01    285.091    101.554     31.093    33.6333    25.7781    1490.92 0.0000e+00
        566 148.577316     31.208     31.497    10.6252  37.339214     3.0127 7.3092e-01    285.355    101.647     31.208    33.6336    25.7784    1490.92 0.0000e+00
        567 148.577316     31.317     31.607    10.6245  37.338886     2.9803 7.1810e-01    285.663    101.758     31.317    33.6339    25.7788    1490.92 0.0000e+00
        568 148.577316     31.421     31.712    10.6239  37.338512     2.9669 7.2488e-01    284.845    101.467     31.421    33.6341    25.7790    1490.92 0.0000e+00
        569 148.577332     31.522     31.814    10.6233  37.337967     3.0718 7.1170e-01    284.779    101.444     31.522    33.6340    25.7790    1490.92 0.0000e+00
        570 148.577332     31.625     31.918    10.6227  37.337254     3.0776 7.1435e-01    284.560    101.366     31.625    33.6338    25.7790    1490.92 0.0000e+00
        571 148.577332     31.732     32.026    10.6219  37.336498     2.7667 6.9163e-01    284.403    101.309     31.732    33.6337    25.7791    1490.92 0.0000e+00
        572 148.577332     31.846     32.141    10.6210  37.335846     2.7686 6.6019e-01    284.328    101.281     31.846    33.6338    25.7793    1490.92 0.0000e+00
        573 148.577332     31.966     32.262    10.6201  37.335423     3.2034 6.2648e-01    284.220    101.242     31.966    33.6342    25.7798    1490.92 0.0000e+00
        574 148.577347     32.087     32.384    10.6194  37.335281     3.1939 5.9866e-01    284.056    101.182     32.087    33.6347    25.7803    1490.92 0.0000e+00
        575 148.577347     32.204     32.502    10.6188  37.335312     2.8544 5.8102e-01    284.565    101.363     32.204    33.6351    25.7807    1490.92 0.0000e+00
        576 148.577347     32.312     32.611    10.6186  37.335342     2.8525 5.8318e-01    284.077    101.189     32.312    33.6354    25.7810    1490.92 0.0000e+00
        577 148.577347     32.411     32.711    10.6184  37.335247     2.9135 5.9919e-01    284.098    101.196     32.411    33.6353    25.7810    1490.92 0.0000e+00
        578 148.577347     32.504     32.805    10.6183  37.335018     2.9116 5.9866e-01    283.757    101.076     32.504    33.6352    25.7809    1490.92 0.0000e+00
