Loch_Etive/CTD_data_US/2025-05-28/sbe55_sbe19p_5215_20250528_re2.cnv
* Sea-Bird SBE 19plus Data File:
* FileName = C:\Data\sbe55_sbe19p_5215\2025-05-28\sbe55_sbe19p_5215_20250528_re2069.hex
* Software Version SeatermAF 2.1.4
* Temperature SN = 5215
* Conductivity SN = 5215
* System UpLoad Time = May 28 2025 10:46:08 (localtime) = May 28 2025 10:46:08 (UTC)
* ds
* SeacatPlus V 1.6b  SERIAL NO. 5215    28 May 2025  10:45:39
# nquan = 15                                
# nvalues = 985                         
# units = specified
# name 0 = scan: Scan Count
# name 1 = timeJ: Julian Days
# name 2 = depSM: Depth [salt water, m], lat = 56.00
# name 3 = prdM: Pressure, Strain Gauge [db]
# name 4 = tv290C: Temperature [ITS-90, deg C]
# name 5 = c0mS/cm: Conductivity [mS/cm]
# name 6 = flECO-AFL: Fluorescence, WET Labs ECO-AFL/FL [mg/m^3]
# name 7 = par/sat/log: PAR/Logarithmic, Satlantic [umol photons/m^2/sec]
# name 8 = sbeox0Mm/L: Oxygen, SBE 43 [umol/l]
# name 9 = sbeox0PS: Oxygen, SBE 43 [% saturation]
# name 10 = depSM: Depth [salt water, m], lat = 56
# name 11 = sal00: Salinity, Practical [PSU]
# name 12 = sigma-é00: Density [sigma-theta, kg/m^3]
# name 13 = svCM: Sound Velocity [Chen-Millero, m/s]
# name 14 = flag: flag
# span 0 =        301,       1285       
# span 1 = 148.443939, 148.446793       
# span 2 =     -0.002,     43.132       
# span 3 =     -0.002,     43.533       
# span 4 =    10.5924,    14.1687       
# span 5 =   0.313349,  32.186115       
# span 6 =     0.1154,    10.4477       
# span 7 = 5.2971e-02, 5.2114e+02       
# span 8 =    144.650,    339.472       
# span 9 =     49.858,    104.614       
# span 10 =     -0.002,     43.132      
# span 11 =     0.2018,    27.6179      
# span 12 =    -0.3339,    20.9933      
# span 13 =    1454.99,    1493.42      
# span 14 = 0.0000e+00, 0.0000e+00      
# interval = seconds: 0.25
# start_time = May 28 2025 10:38:02 [Instrument's time stamp, header]
# bad_flag = -9.990e-29
*END*
[from data line 772]
       1073 148.446182     17.375     17.535    10.7763  31.099321     3.8958 6.5986e-02    238.372     81.569     17.375    27.3521    20.8650    1483.65 0.0000e+00
       1074 148.446182     17.268     17.428    10.7686  31.089201     5.1032 5.4974e-02    237.737     81.326     17.268    27.3481    20.8631    1483.62 0.0000e+00
       1075 148.446182     17.162     17.320    10.7610  31.079292     5.0822 6.9978e-02    237.158     81.111     17.162    27.3442    20.8613    1483.58 0.0000e+00
       1076 148.446182     17.055     17.212    10.7534  31.070589     4.1381 6.3235e-02    236.615     80.918     17.055    27.3414    20.8604    1483.55 0.0000e+00
       1077 148.446198     16.947     17.103    10.7464  31.062801     4.1247 6.7443e-02    235.922     80.673     16.947    27.3391    20.8598    1483.52 0.0000e+00
       1078 148.446198     16.839     16.994    10.7399  31.055090     4.5768 5.4890e-02    235.078     80.379     16.839    27.3365    20.8587    1483.49 0.0000e+00
       1079 148.446198     16.730     16.884    10.7339  31.047287     4.5710 8.2144e-02    234.163     80.060     16.730    27.3335    20.8574    1483.46 0.0000e+00
       1080 148.446198     16.622     16.775    10.7280  31.038418     4.2906 8.0669e-02    233.293     79.761     16.622    27.3293    20.8550    1483.44 0.0000e+00
       1081 148.446198     16.513     16.665    10.7219  31.027927     4.2945 7.2530e-02    232.448     79.470     16.513    27.3237    20.8517    1483.41 0.0000e+00
       1082 148.446213     16.405     16.556    10.7150  31.017206     4.3612 6.7753e-02    231.631     79.192     16.405    27.3184    20.8487    1483.37 0.0000e+00
       1083 148.446213     16.297     16.447    10.7076  31.007162     4.3555 8.6357e-02    231.011     78.979     16.297    27.3142    20.8466    1483.34 0.0000e+00
       1084 148.446213     16.189     16.339    10.7001  30.997007     4.3574 9.0568e-02    230.264     78.725     16.189    27.3099    20.8445    1483.31 0.0000e+00
       1085 148.446213     16.081     16.230    10.6928  30.986464     4.4795 9.7591e-02    229.417     78.438     16.081    27.3052    20.8420    1483.27 0.0000e+00
       1086 148.446213     15.973     16.121    10.6854  30.975306     4.4661 1.0001e-01    228.782     78.225     15.973    27.2999    20.8391    1483.24 0.0000e+00
       1087 148.446228     15.865     16.012    10.6778  30.961943     4.7999 1.0186e-01    227.488     77.797     15.865    27.2925    20.8346    1483.20 0.0000e+00
       1088 148.446228     15.758     15.903    10.6694  30.946112     4.7904 9.6111e-02    226.432     77.461     15.758    27.2834    20.8289    1483.16 0.0000e+00
       1089 148.446228     15.650     15.794    10.6597  30.930311     5.5724 1.1554e-01    225.093     77.037     15.650    27.2753    20.8242    1483.11 0.0000e+00
       1090 148.446228     15.542     15.685    10.6491  30.916185     5.5800 1.1428e-01    223.945     76.669     15.542    27.2695    20.8213    1483.06 0.0000e+00
       1091 148.446228     15.434     15.577    10.6387  30.903193     5.7212 1.2564e-01    222.548     76.209     15.434    27.2646    20.8193    1483.02 0.0000e+00
       1092 148.446228     15.327     15.468    10.6291  30.891956     5.7288 1.2989e-01    220.690     75.599     15.327    27.2609    20.8179    1482.98 0.0000e+00
       1093 148.446243     15.220     15.361    10.6206  30.883722     5.5362 1.3536e-01    218.415     74.858     15.220    27.2592    20.8179    1482.94 0.0000e+00
       1094 148.446243     15.114     15.253    10.6140  30.877550     5.5533 1.2814e-01    215.808     74.019     15.114    27.2582    20.8182    1482.91 0.0000e+00
       1095 148.446243     15.009     15.147    10.6093  30.871826     6.1236 1.4921e-01    213.356     73.240     15.009    27.2561    20.8173    1482.89 0.0000e+00
       1096 148.446243     14.904     15.042    10.6062  30.866262     6.1313 1.5566e-01    210.472     72.304     14.904    27.2531    20.8155    1482.88 0.0000e+00
       1097 148.446243     14.801     14.937    10.6043  30.861330     7.4989 1.5310e-01    207.504     71.342     14.801    27.2497    20.8132    1482.86 0.0000e+00
       1098 148.446259     14.698     14.833    10.6034  30.857321     7.4817 1.4481e-01    204.046     70.220     14.698    27.2465    20.8108    1482.86 0.0000e+00
       1099 148.446259     14.595     14.730    10.6033  30.854380     6.8599 1.5600e-01    200.448     69.043     14.595    27.2437    20.8087    1482.85 0.0000e+00
       1100 148.446259     14.493     14.626    10.6041  30.852606     6.8523 1.5583e-01    196.616     67.788     14.493    27.2415    20.8068    1482.85 0.0000e+00
       1101 148.446259     14.390     14.522    10.6057  30.852022     7.3215 1.7238e-01    192.179     66.297     14.390    27.2398    20.8052    1482.85 0.0000e+00
       1102 148.446259     14.287     14.419    10.6083  30.852982     7.3234 1.6836e-01    187.315     64.656     14.287    27.2388    20.8040    1482.86 0.0000e+00
       1103 148.446274     14.184     14.315    10.6123  30.855961     7.5504 1.7245e-01    182.164     62.918     14.184    27.2387    20.8034    1482.87 0.0000e+00
       1104 148.446274     14.082     14.212    10.6183  30.861444     7.5504 1.8550e-01    176.522     61.004     14.082    27.2396    20.8031    1482.89 0.0000e+00
       1105 148.446274     13.980     14.109    10.6271  30.869726     7.8822 2.0076e-01    170.994     59.126     13.980    27.2412    20.8029    1482.92 0.0000e+00
       1106 148.446274     13.878     14.006    10.6390  30.880051     7.8765 2.0845e-01    165.732     57.335     13.878    27.2424    20.8019    1482.97 0.0000e+00
       1107 148.446274     13.776     13.903    10.6537  30.891212     7.8880 2.0890e-01    160.997     55.729     13.776    27.2424    20.7995    1483.02 0.0000e+00
       1108 148.446289     13.673     13.799    10.6699  30.903397     7.6419 2.1440e-01    156.883     54.340     13.673    27.2423    20.7968    1483.07 0.0000e+00
       1109 148.446289     13.570     13.695    10.6872  30.918472     7.6381 2.2777e-01    153.609     53.242     13.570    27.2440    20.7954    1483.14 0.0000e+00
       1110 148.446289     13.466     13.590    10.7070  30.937563     8.9313 2.2368e-01    151.293     52.473     13.466    27.2480    20.7952    1483.21 0.0000e+00
       1111 148.446289     13.362     13.485    10.7306  30.960423     8.9218 2.3997e-01    149.987     52.045     13.362    27.2527    20.7951    1483.30 0.0000e+00
       1112 148.446289     13.258     13.380    10.7588  30.985699     8.8149 2.4039e-01    149.469     51.880     13.258    27.2563    20.7933    1483.40 0.0000e+00
       1113 148.446289     13.154     13.275    10.7911  31.011261     8.7882 2.6673e-01    149.758     51.994     13.154    27.2572    20.7887    1483.52 0.0000e+00
       1114 148.446304     13.050     13.170    10.8257  31.037817     8.6395 2.6972e-01    150.831     52.384     13.050    27.2572    20.7831    1483.64 0.0000e+00
       1115 148.446304     12.946     13.065    10.8616  31.066624     8.6452 2.8435e-01    152.329     52.926     12.946    27.2585    20.7783    1483.77 0.0000e+00
       1116 148.446304     12.842     12.960    10.8990  31.094954     8.7863 3.0248e-01    154.282     53.620     12.842    27.2583    20.7719    1483.90 0.0000e+00
       1117 148.446304     12.737     12.855    10.9372  31.120451     8.7730 3.2402e-01    156.300     54.339     12.737    27.2546    20.7628    1484.04 0.0000e+00
       1118 148.446304     12.633     12.749    10.9744  31.143169     8.0959 3.0480e-01    158.484     55.121     12.633    27.2491    20.7524    1484.16 0.0000e+00
       1119 148.446320     12.528     12.644    11.0088  31.164085     8.1054 3.2205e-01    160.840     55.973     12.528    27.2439    20.7427    1484.28 0.0000e+00
       1120 148.446320     12.424     12.538    11.0404  31.184565     8.2904 3.3518e-01    163.039     56.777     12.424    27.2403    20.7347    1484.38 0.0000e+00
       1121 148.446320     12.318     12.432    11.0705  31.204124     8.2866 3.4770e-01    165.252     57.590     12.318    27.2369    20.7271    1484.48 0.0000e+00
       1122 148.446320     12.213     12.325    11.0995  31.222391     7.2643 3.7352e-01    167.682     58.469     12.213    27.2331    20.7193    1484.58 0.0000e+00
       1123 148.446320     12.107     12.218    11.1274  31.240458     7.2585 3.7746e-01    170.167     59.353     12.107    27.2299    20.7122    1484.68 0.0000e+00
       1124 148.446335     12.001     12.111    11.1549  31.258743     7.0182 3.9587e-01    172.922     60.327     12.001    27.2273    20.7056    1484.77 0.0000e+00
       1125 148.446335     11.895     12.004    11.1824  31.277241     7.0220 4.0408e-01    176.135     61.456     11.895    27.2248    20.6991    1484.86 0.0000e+00
       1126 148.446335     11.789     11.897    11.2104  31.295111     6.0950 4.1210e-01    179.519     62.641     11.789    27.2214    20.6918    1484.96 0.0000e+00
       1127 148.446335     11.683     11.790    11.2384  31.310694     6.0988 4.5089e-01    183.125     63.917     11.683    27.2157    20.6826    1485.05 0.0000e+00
       1128 148.446335     11.577     11.683    11.2654  31.323296     5.8108 4.6075e-01    186.702     65.176     11.577    27.2079    20.6721    1485.13 0.0000e+00
       1129 148.446350     11.470     11.576    11.2898  31.333672     5.8051 4.6307e-01    190.182     66.404     11.470    27.2000    20.6619    1485.21 0.0000e+00
       1130 148.446350     11.363     11.468    11.3109  31.343285     5.2215 4.9421e-01    193.232     67.476     11.363    27.1937    20.6534    1485.27 0.0000e+00
       1131 148.446350     11.256     11.360    11.3301  31.352949     5.2215 5.0667e-01    196.361     68.579     11.256    27.1889    20.6465    1485.33 0.0000e+00
       1132 148.446350     11.148     11.251    11.3489  31.362324     5.2157 5.2848e-01    198.849     69.466     11.148    27.1841    20.6396    1485.39 0.0000e+00
       1133 148.446350     11.040     11.142    11.3680  31.371393     5.3817 5.5075e-01    201.230     70.307     11.040    27.1788    20.6322    1485.45 0.0000e+00
       1134 148.446350     10.932     11.032    11.3873  31.381109     5.3893 5.7295e-01    203.139     70.992     10.932    27.1739    20.6252    1485.51 0.0000e+00
       1135 148.446365     10.823     10.923    11.4076  31.391836     4.9506 6.1121e-01    205.099     71.707     10.823    27.1694    20.6182    1485.58 0.0000e+00
       1136 148.446365     10.715     10.814    11.4302  31.402777     4.9353 6.1819e-01    206.854     72.360     10.715    27.1633    20.6097    1485.65 0.0000e+00
       1137 148.446365     10.607     10.704    11.4559  31.412859     4.6321 6.5460e-01    208.557     72.995     10.607    27.1541    20.5982    1485.73 0.0000e+00
       1138 148.446365     10.499     10.596    11.4842  31.420294     4.6321 6.7965e-01    210.079     73.564     10.499    27.1405    20.5829    1485.81 0.0000e+00
       1139 148.446365     10.392     10.487    11.5134  31.423058     4.9086 7.0075e-01    211.393     74.082     10.392    27.1218    20.5634    1485.89 0.0000e+00
       1140 148.446381     10.284     10.378    11.5407  31.421333     4.9048 7.3092e-01    212.741     74.629     10.284    27.1003    20.5420    1485.96 0.0000e+00
       1141 148.446381     10.175     10.269    11.5640  31.417248     4.7847 7.5807e-01    213.961     75.116     10.175    27.0794    20.5219    1486.01 0.0000e+00
       1142 148.446381     10.066     10.159    11.5832  31.411860     4.7999 7.9694e-01    215.345     75.644     10.066    27.0603    20.5038    1486.06 0.0000e+00
       1143 148.446381      9.956     10.048    11.5999  31.404676     4.7198 8.2926e-01    216.821     76.201      9.956    27.0414    20.4863    1486.09 0.0000e+00
       1144 148.446381      9.847      9.938    11.6154  31.395962     4.7255 8.5837e-01    218.419     76.830      9.847    27.0218    20.4685    1486.12 0.0000e+00
       1145 148.446396      9.738      9.827    11.6307  31.386858     4.8362 8.9493e-01    220.786     77.745      9.738    27.0021    20.4506    1486.15 0.0000e+00
       1146 148.446396      9.629      9.718    11.6455  31.377970     4.8457 9.4185e-01    222.707     78.496      9.629    26.9829    20.4332    1486.18 0.0000e+00
       1147 148.446396      9.520      9.608    11.6598  31.369619     5.1051 9.7385e-01    224.851     79.324      9.520    26.9647    20.4166    1486.20 0.0000e+00
       1148 148.446396      9.412      9.498    11.6738  31.362209     5.1032 1.0019e+00    226.820     80.117      9.412    26.9475    20.4009    1486.23 0.0000e+00
       1149 148.446396      9.303      9.389    11.6881  31.356749     4.7236 1.0427e+00    228.805     80.959      9.303    26.9320    20.3864    1486.26 0.0000e+00
       1150 148.446396      9.194      9.278    11.7031  31.353960     4.7198 1.0836e+00    231.065     81.902      9.194    26.9186    20.3734    1486.30 0.0000e+00
       1151 148.446411      9.084      9.168    11.7192  31.353714     4.6092 1.1241e+00    233.123     82.767      9.084    26.9067    20.3614    1486.34 0.0000e+00
       1152 148.446411      8.975      9.057    11.7378  31.356504     4.5939 1.1684e+00    235.164     83.651      8.975    26.8960    20.3499    1486.39 0.0000e+00
       1153 148.446411      8.865      8.946    11.7596  31.362720     3.8920 1.2078e+00    236.889     84.473      8.865    26.8861    20.3386    1486.45 0.0000e+00
       1154 148.446411      8.755      8.835    11.7847  31.371696     3.8901 1.2612e+00    238.964     85.423      8.755    26.8765    20.3268    1486.53 0.0000e+00
       1155 148.446411      8.644      8.724    11.8129  31.383202     3.8787 1.3192e+00    241.311     86.504      8.644    26.8672    20.3147    1486.61 0.0000e+00
       1156 148.446426      8.534      8.613    11.8442  31.396976     3.5830 1.3803e+00    243.559     87.596      8.534    26.8577    20.3019    1486.71 0.0000e+00
       1157 148.446426      8.424      8.501    11.8800  31.410759     3.5773 1.4368e+00    246.242     88.821      8.424    26.8449    20.2858    1486.82 0.0000e+00
       1158 148.446426      8.314      8.390    11.9197  31.422598     3.2797 1.4860e+00    248.935     90.003      8.314    26.8276    20.2655    1486.93 0.0000e+00
       1159 148.446426      8.203      8.279    11.9605  31.433279     3.2836 1.5489e+00    252.135     91.329      8.203    26.8084    20.2436    1487.05 0.0000e+00
       1160 148.446426      8.093      8.168    12.0010  31.444916     3.1996 1.6241e+00    255.107     92.568      8.093    26.7904    20.2225    1487.17 0.0000e+00
       1161 148.446442      7.983      8.057    12.0431  31.458849     3.2054 1.6948e+00    258.173     93.844      7.983    26.7734    20.2020    1487.30 0.0000e+00
       1162 148.446442      7.873      7.946    12.0895  31.475126     2.6350 1.7697e+00    261.391     95.084      7.873    26.7555    20.1800    1487.44 0.0000e+00
       1163 148.446442      7.762      7.834    12.1410  31.494085     2.6541 1.8527e+00    264.588     96.255      7.762    26.7366    20.1564    1487.59 0.0000e+00
       1164 148.446442      7.651      7.721    12.1965  31.517233     2.8792 1.9152e+00    267.865     97.401      7.651    26.7187    20.1327    1487.76 0.0000e+00
       1165 148.446442      7.539      7.608    12.2573  31.545979     2.8792 2.0064e+00    270.849     98.457      7.539    26.7024    20.1094    1487.95 0.0000e+00
       1166 148.446457      7.427      7.495    12.3264  31.579527     3.2149 2.1038e+00    273.556     99.402      7.427    26.6847    20.0834    1488.17 0.0000e+00
       1167 148.446457      7.315      7.382    12.4056  31.615883     3.2206 2.1872e+00    276.058    100.172      7.315    26.6624    20.0521    1488.41 0.0000e+00
