Loch_Etive/CTD_data_US/2025-05-28/sbe55_sbe19p_5215_20250528_re8.cnv
* Sea-Bird SBE 19plus Data File:
* FileName = C:\Data\sbe55_sbe19p_5215\2025-05-28\sbe55_sbe19p_5215_20250528_re8073.hex
* Software Version SeatermAF 2.1.4
* Temperature SN = 5215
* Conductivity SN = 5215
* System UpLoad Time = May 28 2025 13:57:37 (localtime) = May 28 2025 13:57:37 (UTC)
* ds
* SeacatPlus V 1.6b  SERIAL NO. 5215    28 May 2025  13:57:06
# nquan = 15                                
# nvalues = 1063                        
# units = specified
# name 0 = scan: Scan Count
# name 1 = timeJ: Julian Days
# name 2 = depSM: Depth [salt water, m], lat = 56.00
# name 3 = prdM: Pressure, Strain Gauge [db]
# name 4 = tv290C: Temperature [ITS-90, deg C]
# name 5 = c0mS/cm: Conductivity [mS/cm]
# name 6 = flECO-AFL: Fluorescence, WET Labs ECO-AFL/FL [mg/m^3]
# name 7 = par/sat/log: PAR/Logarithmic, Satlantic [umol photons/m^2/sec]
# name 8 = sbeox0Mm/L: Oxygen, SBE 43 [umol/l]
# name 9 = sbeox0PS: Oxygen, SBE 43 [% saturation]
# name 10 = depSM: Depth [salt water, m], lat = 56
# name 11 = sal00: Salinity, Practical [PSU]
# name 12 = sigma-é00: Density [sigma-theta, kg/m^3]
# name 13 = svCM: Sound Velocity [Chen-Millero, m/s]
# name 14 = flag: flag
# span 0 =          1,       1063       
# span 1 = 148.575684, 148.578751       
# span 2 =     -0.093,     34.292       
# span 3 =     -0.094,     34.609       
# span 4 =    10.6143,    12.8018       
# span 5 =   0.169427,  37.432358       
# span 6 =     0.0467,     7.1078       
# span 7 = 3.9122e-01, 4.4231e+02       
# span 8 =    234.021,    339.139       
# span 9 =     84.179,    107.625       
# span 10 =     -0.093,     34.292      
# span 11 =     0.1060,    33.6376      
# span 12 =    -0.5130,    25.7826      
# span 13 =    1454.16,    1492.16      
# span 14 = 0.0000e+00, 0.0000e+00      
# interval = seconds: 0.25
# start_time = May 28 2025 13:48:59 [Instrument's time stamp, header]
# bad_flag = -9.990e-29
*END*
[from data line 675]
        676 148.577637     27.364     27.617    10.6471  37.358948     2.0895 1.4763e+00    288.909    103.001     27.364    33.6349    25.7756    1490.94 0.0000e+00
        677 148.577637     27.248     27.500    10.6479  37.359230     2.3642 1.5372e+00    288.973    103.024     27.248    33.6345    25.7751    1490.94 0.0000e+00
        678 148.577637     27.136     27.387    10.6486  37.359455     2.3680 1.5721e+00    288.907    103.001     27.136    33.6342    25.7747    1490.94 0.0000e+00
        679 148.577652     27.033     27.283    10.6491  37.359661     2.3604 1.5883e+00    288.942    103.014     27.033    33.6339    25.7744    1490.94 0.0000e+00
        680 148.577652     26.940     27.189    10.6497  37.359898     2.0666 1.5547e+00    289.012    103.040     26.940    33.6337    25.7741    1490.94 0.0000e+00
        681 148.577652     26.853     27.101    10.6502  37.360195     2.0762 1.5205e+00    289.008    103.038     26.853    33.6336    25.7739    1490.94 0.0000e+00
        682 148.577652     26.765     27.013    10.6507  37.360516     2.7228 1.5244e+00    289.221    103.115     26.765    33.6335    25.7738    1490.94 0.0000e+00
        683 148.577652     26.672     26.918    10.6512  37.360809     2.7190 1.5831e+00    289.237    103.122     26.672    33.6333    25.7735    1490.94 0.0000e+00
        684 148.577652     26.570     26.815    10.6518  37.361042     1.9083 1.6262e+00    289.405    103.183     26.570    33.6331    25.7732    1490.94 0.0000e+00
        685 148.577667     26.460     26.705    10.6524  37.361198     1.9217 1.6966e+00    289.574    103.244     26.460    33.6327    25.7729    1490.94 0.0000e+00
        686 148.577667     26.349     26.592    10.6529  37.361301     1.9884 1.7708e+00    289.800    103.325     26.349    33.6324    25.7725    1490.94 0.0000e+00
        687 148.577667     26.241     26.484    10.6535  37.361401     1.9884 1.7973e+00    289.897    103.360     26.241    33.6320    25.7721    1490.94 0.0000e+00
        688 148.577667     26.142     26.384    10.6540  37.361542     1.3476 1.8206e+00    289.742    103.305     26.142    33.6317    25.7718    1490.94 0.0000e+00
        689 148.577667     26.052     26.293    10.6546  37.361710     1.3476 1.7965e+00    290.066    103.421     26.052    33.6314    25.7714    1490.94 0.0000e+00
        690 148.577682     25.969     26.209    10.6551  37.361916     2.2097 1.7716e+00    289.895    103.360     25.969    33.6311    25.7711    1490.94 0.0000e+00
        691 148.577682     25.885     26.125    10.6557  37.362167     2.2040 1.7554e+00    289.942    103.378     25.885    33.6309    25.7709    1490.94 0.0000e+00
        692 148.577682     25.797     26.036    10.6562  37.362400     1.9503 1.7946e+00    289.935    103.376     25.797    33.6307    25.7706    1490.94 0.0000e+00
        693 148.577682     25.701     25.938    10.6567  37.362553     1.9446 1.8682e+00    289.870    103.354     25.701    33.6304    25.7703    1490.94 0.0000e+00
        694 148.577682     25.596     25.833    10.6572  37.362625     1.6680 1.9295e+00    289.731    103.306     25.596    33.6301    25.7700    1490.94 0.0000e+00
        695 148.577698     25.487     25.723    10.6576  37.362602     1.6432 2.0121e+00    289.782    103.326     25.487    33.6298    25.7697    1490.94 0.0000e+00
        696 148.577698     25.380     25.614    10.6579  37.362534     1.8092 2.0530e+00    289.898    103.367     25.380    33.6294    25.7693    1490.93 0.0000e+00
        697 148.577698     25.278     25.512    10.6582  37.362495     1.7863 2.0714e+00    289.875    103.359     25.278    33.6291    25.7690    1490.93 0.0000e+00
        698 148.577698     25.183     25.416    10.6585  37.362534     1.5555 2.0787e+00    290.091    103.437     25.183    33.6289    25.7688    1490.93 0.0000e+00
        699 148.577698     25.095     25.327    10.6589  37.362633     1.5555 2.0597e+00    290.191    103.472     25.095    33.6288    25.7686    1490.93 0.0000e+00
        700 148.577713     25.010     25.241    10.6592  37.362789     1.9636 2.0611e+00    290.275    103.502     25.010    33.6287    25.7685    1490.93 0.0000e+00
        701 148.577713     24.923     25.153    10.6595  37.362957     1.9541 2.0778e+00    290.358    103.531     24.923    33.6286    25.7684    1490.93 0.0000e+00
        702 148.577713     24.831     25.061    10.6599  37.363102     1.7863 2.1209e+00    290.304    103.513     24.831    33.6284    25.7682    1490.93 0.0000e+00
        703 148.577713     24.734     24.962    10.6602  37.363194     1.7634 2.1815e+00    290.325    103.523     24.734    33.6282    25.7680    1490.93 0.0000e+00
        704 148.577713     24.631     24.859    10.6606  37.363239     1.7748 2.2576e+00    290.191    103.479     24.631    33.6280    25.7677    1490.93 0.0000e+00
        705 148.577713     24.527     24.754    10.6609  37.363277     1.2770 2.3069e+00    290.065    103.436     24.527    33.6278    25.7675    1490.93 0.0000e+00
        706 148.577728     24.424     24.650    10.6611  37.363331     1.2999 2.3553e+00    289.942    103.394     24.424    33.6277    25.7674    1490.93 0.0000e+00
        707 148.577728     24.325     24.550    10.6614  37.363419     1.8244 2.3936e+00    290.016    103.422     24.325    33.6276    25.7672    1490.93 0.0000e+00
        708 148.577728     24.231     24.455    10.6617  37.363564     1.8301 2.3978e+00    290.065    103.442     24.231    33.6275    25.7671    1490.93 0.0000e+00
        709 148.577728     24.141     24.364    10.6621  37.363777     1.4963 2.3832e+00    290.208    103.494     24.141    33.6274    25.7670    1490.93 0.0000e+00
        710 148.577728     24.052     24.274    10.6625  37.364029     1.5078 2.3963e+00    290.519    103.607     24.052    33.6273    25.7668    1490.93 0.0000e+00
        711 148.577744     23.959     24.181    10.6630  37.364288     1.3247 2.4242e+00    290.759    103.693     23.959    33.6272    25.7667    1490.93 0.0000e+00
        712 148.577744     23.862     24.082    10.6634  37.364532     1.3170 2.4739e+00    290.778    103.702     23.862    33.6270    25.7665    1490.93 0.0000e+00
        713 148.577744     23.759     23.978    10.6639  37.364716     1.9827 2.5765e+00    291.103    103.820     23.759    33.6269    25.7663    1490.93 0.0000e+00
        714 148.577744     23.652     23.871    10.6642  37.364792     1.9865 2.6722e+00    291.221    103.863     23.652    33.6266    25.7660    1490.92 0.0000e+00
        715 148.577744     23.546     23.764    10.6645  37.364815     2.2402 2.7449e+00    291.239    103.872     23.546    33.6264    25.7658    1490.92 0.0000e+00
        716 148.577759     23.444     23.660    10.6647  37.364841     2.2440 2.7921e+00    290.844    103.733     23.444    33.6263    25.7657    1490.92 0.0000e+00
        717 148.577759     23.348     23.564    10.6649  37.364933     5.2539 2.8092e+00    290.922    103.762     23.348    33.6263    25.7656    1490.92 0.0000e+00
        718 148.577759     23.259     23.474    10.6651  37.365170     5.2443 2.7982e+00    290.611    103.652     23.259    33.6264    25.7657    1490.92 0.0000e+00
        719 148.577759     23.173     23.387    10.6653  37.365635     1.4181 2.7781e+00    290.504    103.615     23.173    33.6267    25.7658    1490.92 0.0000e+00
        720 148.577759     23.086     23.299    10.6658  37.366302     1.4220 2.7890e+00    290.495    103.612     23.086    33.6269    25.7659    1490.92 0.0000e+00
        721 148.577759     22.994     23.207    10.6666  37.366985     1.6070 2.8606e+00    290.270    103.531     22.994    33.6270    25.7658    1490.92 0.0000e+00
        722 148.577774     22.896     23.108    10.6675  37.367588     1.6203 2.9429e+00    290.512    103.618     22.896    33.6268    25.7655    1490.92 0.0000e+00
        723 148.577774     22.792     23.003    10.6685  37.368137     1.7290 3.0703e+00    290.654    103.669     22.792    33.6265    25.7651    1490.93 0.0000e+00
        724 148.577774     22.685     22.894    10.6695  37.368660     1.7443 3.1573e+00    290.909    103.761     22.685    33.6261    25.7647    1490.93 0.0000e+00
        725 148.577774     22.578     22.787    10.6704  37.369148     1.7672 3.2207e+00    291.037    103.808     22.578    33.6258    25.7642    1490.93 0.0000e+00
        726 148.577774     22.478     22.685    10.6713  37.369591     1.7710 3.2825e+00    291.003    103.796     22.478    33.6254    25.7638    1490.93 0.0000e+00
        727 148.577789     22.384     22.591    10.6722  37.370018     1.6814 3.2925e+00    291.163    103.853     22.384    33.6251    25.7634    1490.93 0.0000e+00
        728 148.577789     22.298     22.504    10.6730  37.370476     1.5803 3.2710e+00    291.220    103.873     22.298    33.6249    25.7631    1490.93 0.0000e+00
        729 148.577789     22.215     22.420    10.6737  37.370972     1.5822 3.2398e+00    291.275    103.892     22.215    33.6247    25.7628    1490.93 0.0000e+00
        730 148.577789     22.130     22.334    10.6745  37.371498     1.5574 3.2348e+00    291.290    103.897     22.130    33.6246    25.7626    1490.93 0.0000e+00
        731 148.577789     22.038     22.242    10.6753  37.372028     1.5574 3.2961e+00    291.293    103.898     22.038    33.6244    25.7623    1490.93 0.0000e+00
        732 148.577805     21.937     22.140    10.6761  37.372540     1.2045 3.3918e+00    291.439    103.950     21.937    33.6242    25.7620    1490.94 0.0000e+00
        733 148.577805     21.826     22.027    10.6769  37.372990     1.2102 3.5340e+00    291.420    103.944     21.826    33.6240    25.7617    1490.94 0.0000e+00
        734 148.577805     21.709     21.909    10.6777  37.373325     1.7462 3.7046e+00    291.363    103.924     21.709    33.6237    25.7613    1490.94 0.0000e+00
        735 148.577805     21.593     21.792    10.6784  37.373562     1.7386 3.8549e+00    291.208    103.869     21.593    33.6233    25.7609    1490.94 0.0000e+00
        736 148.577805     21.483     21.681    10.6790  37.373699     1.4353 3.8997e+00    291.044    103.811     21.483    33.6230    25.7605    1490.94 0.0000e+00
        737 148.577820     21.383     21.581    10.6794  37.373760     1.4429 3.9211e+00    290.945    103.776     21.383    33.6227    25.7602    1490.94 0.0000e+00
        738 148.577820     21.295     21.491    10.6797  37.373848     1.6547 3.8904e+00    290.957    103.780     21.295    33.6225    25.7600    1490.94 0.0000e+00
        739 148.577820     21.213     21.408    10.6799  37.373978     1.6585 3.8213e+00    291.105    103.832     21.213    33.6225    25.7599    1490.93 0.0000e+00
        740 148.577820     21.131     21.326    10.6801  37.374130     1.8263 3.8080e+00    291.069    103.819     21.131    33.6225    25.7599    1490.93 0.0000e+00
        741 148.577820     21.044     21.238    10.6803  37.374275     1.8530 3.8675e+00    291.114    103.834     21.044    33.6225    25.7599    1490.93 0.0000e+00
        742 148.577820     20.947     21.140    10.6806  37.374409     1.6909 3.9867e+00    291.180    103.858     20.947    33.6224    25.7598    1490.93 0.0000e+00
        743 148.577835     20.839     21.031    10.6808  37.374466     1.6794 4.1339e+00    291.293    103.899     20.839    33.6223    25.7597    1490.93 0.0000e+00
        744 148.577835     20.724     20.916    10.6810  37.374409     1.5784 4.3175e+00    291.446    103.956     20.724    33.6221    25.7595    1490.93 0.0000e+00
        745 148.577835     20.609     20.799    10.6811  37.374268     1.5917 4.4916e+00    291.221    103.879     20.609    33.6219    25.7593    1490.93 0.0000e+00
        746 148.577835     20.498     20.687    10.6812  37.374111     1.2770 4.5717e+00    290.991    103.800     20.498    33.6218    25.7592    1490.93 0.0000e+00
        747 148.577835     20.396     20.585    10.6811  37.373981     1.2827 4.6018e+00    290.885    103.766     20.396    33.6217    25.7592    1490.92 0.0000e+00
        748 148.577850     20.305     20.492    10.6810  37.373928     1.3972 4.5409e+00    290.950    103.793     20.305    33.6218    25.7592    1490.92 0.0000e+00
        749 148.577850     20.219     20.406    10.6810  37.373940     1.3838 4.4886e+00    291.020    103.821     20.219    33.6219    25.7593    1490.92 0.0000e+00
        750 148.577850     20.134     20.320    10.6810  37.373985     1.4696 4.4788e+00    290.943    103.798     20.134    33.6220    25.7594    1490.92 0.0000e+00
        751 148.577850     20.045     20.230    10.6810  37.374031     1.4811 4.5618e+00    291.124    103.865     20.045    33.6220    25.7594    1490.92 0.0000e+00
        752 148.577850     19.947     20.131    10.6812  37.374058     1.4830 4.6890e+00    291.090    103.855     19.947    33.6220    25.7593    1490.92 0.0000e+00
        753 148.577866     19.841     20.024    10.6813  37.374023     1.5421 4.8706e+00    291.295    103.929     19.841    33.6219    25.7592    1490.92 0.0000e+00
        754 148.577866     19.730     19.912    10.6814  37.373955     1.5440 5.0593e+00    291.371    103.958     19.730    33.6217    25.7591    1490.91 0.0000e+00
        755 148.577866     19.619     19.800    10.6815  37.373890     1.8969 5.2415e+00    291.384    103.966     19.619    33.6217    25.7590    1490.91 0.0000e+00
        756 148.577866     19.515     19.695    10.6815  37.373840     1.8893 5.3408e+00    291.507    104.013     19.515    33.6217    25.7590    1490.91 0.0000e+00
        757 148.577866     19.420     19.599    10.6815  37.373806     1.6794 5.3420e+00    291.635    104.062     19.420    33.6217    25.7590    1490.91 0.0000e+00
        758 148.577881     19.334     19.512    10.6815  37.373867     1.6871 5.2967e+00    291.860    104.146     19.334    33.6218    25.7591    1490.91 0.0000e+00
        759 148.577881     19.254     19.432    10.6816  37.374123     1.6852 5.2175e+00    291.853    104.146     19.254    33.6220    25.7593    1490.91 0.0000e+00
        760 148.577881     19.174     19.351    10.6818  37.374653     1.6775 5.1982e+00    292.110    104.242     19.174    33.6224    25.7595    1490.91 0.0000e+00
        761 148.577881     19.089     19.265    10.6822  37.375446     1.6909 5.2713e+00    292.275    104.305     19.089    33.6228    25.7598    1490.91 0.0000e+00
        762 148.577881     18.994     19.169    10.6830  37.376411     1.6909 5.4374e+00    292.442    104.368     18.994    33.6231    25.7599    1490.91 0.0000e+00
        763 148.577881     18.889     19.063    10.6840  37.377415     3.6593 5.6591e+00    292.692    104.460     18.889    33.6232    25.7597    1490.91 0.0000e+00
        764 148.577896     18.776     18.949    10.6853  37.378418     3.6517 5.9311e+00    292.562    104.415     18.776    33.6230    25.7594    1490.91 0.0000e+00
        765 148.577896     18.661     18.833    10.6867  37.379471     3.0432 6.1340e+00    292.717    104.472     18.661    33.6229    25.7590    1490.92 0.0000e+00
        766 148.577896     18.551     18.722    10.6882  37.380535     3.0489 6.2694e+00    292.630    104.443     18.551    33.6226    25.7585    1490.92 0.0000e+00
        767 148.577896     18.449     18.620    10.6898  37.381504     1.5936 6.2858e+00    292.701    104.470     18.449    33.6222    25.7579    1490.92 0.0000e+00
        768 148.577896     18.358     18.528    10.6913  37.382347     1.5974 6.2366e+00    292.626    104.443     18.358    33.6216    25.7572    1490.93 0.0000e+00
        769 148.577911     18.275     18.444    10.6927  37.383118     1.4773 6.2203e+00    292.833    104.519     18.275    33.6212    25.7566    1490.93 0.0000e+00
        770 148.577911     18.195     18.363    10.6940  37.383904     1.4830 6.1716e+00    292.871    104.533     18.195    33.6208    25.7562    1490.93 0.0000e+00
        771 148.577911     18.114     18.281    10.6951  37.384712     1.5631 6.2434e+00    292.931    104.556     18.114    33.6206    25.7558    1490.93 0.0000e+00
