Loch_Etive/CTD_data_US/2025-05-23/sbe55_sbe19p_5215_20250523_re8_1m.cnv
* Sea-Bird SBE 19plus Data File:
* FileName = C:\Data\sbe55_sbe19p_5215\2025-05-23\sbe55_sbe19p_5215_20250523_re8058.hex
* Software Version SeatermAF 2.1.4
* Temperature SN = 5215
* Conductivity SN = 5215
* System UpLoad Time = May 23 2025 09:52:47 (localtime) = May 23 2025 09:52:47 (UTC)
* ds
* SeacatPlus V 1.6b  SERIAL NO. 5215    23 May 2025  09:52:10
# nquan = 15
# nvalues = 71                          
# units = specified
# name 0 = scan: Scan Count
# name 1 = timeJ: Julian Days
# name 2 = depSM: Depth [salt water, m], lat = 56.00
# name 3 = prdM: Pressure, Strain Gauge [db]
# name 4 = tv290C: Temperature [ITS-90, deg C]
# name 5 = c0mS/cm: Conductivity [mS/cm]
# name 6 = flECO-AFL: Fluorescence, WET Labs ECO-AFL/FL [mg/m^3]
# name 7 = par/sat/log: PAR/Logarithmic, Satlantic [umol photons/m^2/sec]
# name 8 = sbeox0Mm/L: Oxygen, SBE 43 [umol/l]
# name 9 = sbeox0PS: Oxygen, SBE 43 [% saturation]
# name 10 = depSM: Depth [salt water, m], lat = 56
# name 11 = sal00: Salinity, Practical [PSU]
# name 12 = sigma-é00: Density [sigma-theta, kg/m^3]
# name 13 = svCM: Sound Velocity [Chen-Millero, m/s]
# name 14 = flag: flag
# span 0 =        445,       1573       
# span 1 = 143.388830, 143.392096       
# span 2 =      1.000,     36.000       
# span 3 =      1.009,     36.334       
# span 4 =    10.1276,    11.7977       
# span 5 =  36.835397,  37.645259       
# span 6 =     1.0190,     6.3458       
# span 7 = 8.9759e-01, 1.1151e+03       
# span 8 =    280.663,    326.959       
# span 9 =     98.962,    117.756       
# span 10 =      1.000,     36.000      
# span 11 =    32.1048,    33.6832      
# span 12 =    24.3787,    25.8889      
# span 13 =    1489.17,    1492.69      
# span 14 = 0.0000e+00, 0.0000e+00      
# interval = meters: 1                  
# start_time = May 23 2025 09:18:04 [Instrument's time stamp, header]
# bad_flag = -9.990e-29
*END*
        445 143.388830      1.000      1.009    11.7977  36.835397     1.2337 9.4512e+02    320.866    116.035      1.000    32.1048    24.3787    1492.69 0.0000e+00
        579 143.389219      2.000      2.018    11.3483  37.489343     1.2599 1.1884e+02    326.446    117.463      2.000    33.1371    25.2627    1492.38 0.0000e+00
        590 143.389250      3.000      3.027    11.1799  37.645259     1.0190 2.6291e+02    325.826    116.992      3.000    33.4433    25.5312    1492.17 0.0000e+00
        604 143.389291      4.000      4.037    10.9972  37.634033     1.1283 4.0394e+02    326.005    117.059      4.000    33.5983    25.6846    1491.74 0.0000e+00
        617 143.389329      5.000      5.046    10.9972  37.637050     1.1840 3.3418e+02    325.918    116.990      5.000    33.6008    25.6866    1491.76 0.0000e+00
        631 143.389370      6.000      6.055    10.9874  37.628015     1.3176 2.7648e+02    324.992    116.455      6.000    33.6004    25.6880    1491.74 0.0000e+00
        644 143.389407      7.000      7.064    10.9405  37.576385     1.3599 2.3504e+02    322.915    115.485      7.000    33.5915    25.6895    1491.58 0.0000e+00
        658 143.389446      8.000      8.074    10.8437  37.496380     1.8306 1.9800e+02    320.973    114.556      8.000    33.6001    25.7134    1491.27 0.0000e+00
        671 143.389485      9.000      9.083    10.7311  37.409586     2.0816 1.7762e+02    319.943    114.123      9.000    33.6165    25.7460    1490.90 0.0000e+00
        684 143.389525     10.000     10.092    10.6864  37.380360     3.0477 1.5063e+02    319.031    113.726     10.000    33.6279    25.7628    1490.78 0.0000e+00
        697 143.389560     11.000     11.101    10.6589  37.366121     2.6157 1.2532e+02    320.240    114.079     11.000    33.6385    25.7759    1490.71 0.0000e+00
        710 143.389598     12.000     12.111    10.6312  37.352423     3.6339 1.0420e+02    321.274    114.285     12.000    33.6499    25.7897    1490.64 0.0000e+00
        723 143.389635     13.000     13.120    10.5692  37.299032     4.0911 8.7891e+01    318.557    113.236     13.000    33.6531    25.8030    1490.44 0.0000e+00
        736 143.389673     14.000     14.129    10.5205  37.261964     4.3330 7.1147e+01    314.491    111.715     14.000    33.6604    25.8172    1490.30 0.0000e+00
        749 143.389710     15.000     15.138    10.4915  37.241045     3.8599 5.8241e+01    313.545    111.252     15.000    33.6657    25.8263    1490.22 0.0000e+00
        762 143.389748     16.000     16.147    10.4416  37.194290     3.6785 4.8810e+01    312.279    110.755     16.000    33.6644    25.8340    1490.05 0.0000e+00
        775 143.389786     17.000     17.157    10.4113  37.172236     2.2378 4.0163e+01    310.579    110.097     17.000    33.6697    25.8434    1489.97 0.0000e+00
        788 143.389823     18.000     18.166    10.3867  37.149869     2.5394 3.3644e+01    309.744    109.780     18.000    33.6695    25.8475    1489.90 0.0000e+00
        801 143.389861     19.000     19.175    10.3744  37.142370     2.4436 2.8522e+01    308.238    109.175     19.000    33.6729    25.8523    1489.87 0.0000e+00
        814 143.389898     20.000     20.185    10.3535  37.119782     1.8118 2.3762e+01    305.896    108.312     20.000    33.6690    25.8529    1489.81 0.0000e+00
        827 143.389935     21.000     21.194    10.3294  37.101882     2.7905 1.9819e+01    304.742    107.812     21.000    33.6728    25.8600    1489.75 0.0000e+00
        840 143.389973     22.000     22.203    10.3131  37.082180     2.2377 1.7037e+01    298.929    105.533     22.000    33.6676    25.8588    1489.70 0.0000e+00
        853 143.390012     23.000     23.212    10.2266  36.984323     2.6280 1.4701e+01    296.089    104.495     23.000    33.6484    25.8586    1489.38 0.0000e+00
        866 143.390049     24.000     24.222    10.1775  36.949932     2.8642 1.2518e+01    296.239    104.533     24.000    33.6587    25.8751    1489.23 0.0000e+00
        879 143.390089     25.000     25.231    10.1756  36.948587     2.3225 1.0580e+01    295.983    104.427     25.000    33.6586    25.8753    1489.24 0.0000e+00
        893 143.390126     26.000     26.240    10.1652  36.940821     3.2371 8.9675e+00    295.139    104.112     26.000    33.6600    25.8781    1489.22 0.0000e+00
        906 143.390164     27.000     27.250    10.1597  36.936268     2.8341 7.4692e+00    291.022    102.630     27.000    33.6600    25.8792    1489.22 0.0000e+00
        919 143.390201     28.000     28.259    10.1491  36.926826     3.7541 6.1684e+00    285.816    100.774     28.000    33.6599    25.8809    1489.20 0.0000e+00
        932 143.390241     29.000     29.269    10.1364  36.917668     4.4601 5.1461e+00    283.027     99.781     29.000    33.6619    25.8846    1489.17 0.0000e+00
        946 143.390279     30.000     30.278    10.1298  36.913696     4.4026 4.1465e+00    281.401     99.206     30.000    33.6635    25.8870    1489.17 0.0000e+00
        960 143.390320     31.000     31.287    10.1277  36.913137     4.6840 3.2261e+00    281.440     99.220     31.000    33.6645    25.8882    1489.18 0.0000e+00
        975 143.390366     32.000     32.296    10.1279  36.914373     5.2549 2.4583e+00    281.216     99.141     32.000    33.6651    25.8887    1489.20 0.0000e+00
        991 143.390411     33.000     33.306    10.1278  36.914841     5.1126 1.8492e+00    280.986     99.060     33.000    33.6653    25.8888    1489.21 0.0000e+00
       1006 143.390454     34.000     34.315    10.1276  36.915279     5.9404 1.4214e+00    280.878     99.022     34.000    33.6654    25.8889    1489.23 0.0000e+00
       1022 143.390500     35.000     35.324    10.1279  36.915994     4.9608 1.1468e+00    281.505     99.245     35.000    33.6654    25.8889    1489.25 0.0000e+00
       1051 143.390585     36.000     36.334    10.1310  36.919492     5.3154 8.9759e-01    281.119     99.120     36.000    33.6656    25.8886    1489.28 0.0000e+00
       1077 143.390660     35.000     35.324    10.1347  36.921676     4.8842 1.1259e+00    281.220     99.154     35.000    33.6649    25.8873    1489.27 0.0000e+00
       1091 143.390702     34.000     34.315    10.1332  36.920351     6.3458 1.5212e+00    281.327     99.195     34.000    33.6654    25.8880    1489.25 0.0000e+00
       1106 143.390745     33.000     33.306    10.1343  36.921109     5.3986 1.9595e+00    280.663     98.962     33.000    33.6655    25.8879    1489.24 0.0000e+00
       1121 143.390787     32.000     32.296    10.1349  36.921756     6.1827 2.5575e+00    280.839     99.022     32.000    33.6661    25.8882    1489.22 0.0000e+00
       1136 143.390830     31.000     31.287    10.1345  36.920337     5.7273 3.3354e+00    281.423     99.226     31.000    33.6655    25.8878    1489.20 0.0000e+00
       1150 143.390871     30.000     30.278    10.1337  36.918507     4.6834 4.2265e+00    281.879     99.392     30.000    33.6648    25.8874    1489.18 0.0000e+00
       1165 143.390915     29.000     29.268    10.1346  36.919155     5.0464 5.3262e+00    284.387    100.297     29.000    33.6651    25.8875    1489.17 0.0000e+00
       1180 143.390957     28.000     28.259    10.1423  36.926098     3.7710 6.3996e+00    291.110    102.698     28.000    33.6655    25.8864    1489.18 0.0000e+00
       1195 143.391001     27.000     27.250    10.1567  36.937578     3.0493 7.6313e+00    295.039    104.101     27.000    33.6642    25.8829    1489.22 0.0000e+00
       1209 143.391042     26.000     26.241    10.1659  36.944490     3.2130 8.9635e+00    295.950    104.429     26.000    33.6631    25.8805    1489.23 0.0000e+00
       1224 143.391085     25.000     25.231    10.1697  36.946533     3.0582 1.0626e+01    296.082    104.490     25.000    33.6621    25.8790    1489.23 0.0000e+00
       1238 143.391126     24.000     24.222    10.1748  36.951175     3.0950 1.2686e+01    296.276    104.587     24.000    33.6625    25.8785    1489.23 0.0000e+00
       1252 143.391168     23.000     23.213    10.1832  36.960864     3.7538 1.5200e+01    297.427    105.073     23.000    33.6649    25.8789    1489.25 0.0000e+00
       1267 143.391208     22.000     22.203    10.2101  36.991624     3.7128 1.7802e+01    300.352    106.246     22.000    33.6716    25.8795    1489.33 0.0000e+00
       1281 143.391250     21.000     21.194    10.2623  37.049066     3.0396 2.1043e+01    303.881    107.595     21.000    33.6817    25.8785    1489.52 0.0000e+00
       1295 143.391289     20.000     20.185    10.3114  37.094338     2.7863 2.4803e+01    307.958    109.140     20.000    33.6823    25.8705    1489.68 0.0000e+00
       1309 143.391330     19.000     19.175    10.3550  37.134754     3.2079 2.9203e+01    310.156    109.971     19.000    33.6832    25.8637    1489.82 0.0000e+00
       1323 143.391371     18.000     18.166    10.3839  37.156685     2.6463 3.3103e+01    311.115    110.348     18.000    33.6790    25.8554    1489.90 0.0000e+00
       1337 143.391412     17.000     17.157    10.3998  37.169781     2.4388 3.7900e+01    312.450    110.869     17.000    33.6779    25.8518    1489.94 0.0000e+00
       1351 143.391453     16.000     16.148    10.4194  37.187597     3.4499 4.4367e+01    313.031    111.127     16.000    33.6781    25.8485    1489.99 0.0000e+00
       1366 143.391495     15.000     15.138    10.4397  37.206255     3.9431 5.3680e+01    313.830    111.506     15.000    33.6786    25.8454    1490.05 0.0000e+00
       1380 143.391537     14.000     14.129    10.4735  37.238484     4.5928 6.2245e+01    315.917    112.324     14.000    33.6802    25.8408    1490.15 0.0000e+00
       1394 143.391578     13.000     13.120    10.5101  37.266372     4.9861 7.3576e+01    320.018    113.902     13.000    33.6749    25.8302    1490.26 0.0000e+00
       1408 143.391618     12.000     12.111    10.5534  37.305068     3.6770 8.5077e+01    322.130    114.782     12.000    33.6742    25.8222    1490.39 0.0000e+00
       1422 143.391660     11.000     11.101    10.6071  37.349105     3.2818 9.0443e+01    319.593    113.931     11.000    33.6692    25.8089    1490.56 0.0000e+00
       1436 143.391699     10.000     10.092    10.6431  37.368838     2.1730 1.0902e+02    317.812    113.336     10.000    33.6562    25.7925    1490.66 0.0000e+00
       1450 143.391739      9.000      9.083    10.6568  37.375511     2.6577 1.2354e+02    319.438    114.113      9.000    33.6508    25.7858    1490.68 0.0000e+00
       1464 143.391780      8.000      8.073    10.7099  37.425483     2.9911 1.4613e+02    322.868    115.564      8.000    33.6523    25.7777    1490.86 0.0000e+00
       1478 143.391819      7.000      7.065    10.8203  37.510208     1.8452 1.6958e+02    323.783    116.000      7.000    33.6359    25.7454    1491.21 0.0000e+00
       1491 143.391859      6.000      6.055    10.8758  37.551463     1.9913 2.1368e+02    324.584    116.369      6.000    33.6265    25.7282    1491.38 0.0000e+00
       1505 143.391897      5.000      5.046    10.9110  37.579276     1.8133 2.7967e+02    325.284    116.670      5.000    33.6223    25.7187    1491.48 0.0000e+00
       1519 143.391938      4.000      4.037    10.9366  37.600039     1.6749 3.8800e+02    326.520    117.329      4.000    33.6199    25.7123    1491.55 0.0000e+00
       1535 143.391987      3.000      3.027    11.0394  37.619424     1.2855 5.3552e+02    326.959    117.756      3.000    33.5457    25.6361    1491.81 0.0000e+00
       1554 143.392040      2.000      2.018    11.2905  37.415036     1.3977 7.3047e+02    324.569    117.080      2.000    33.1167    25.2572    1492.15 0.0000e+00
       1573 143.392096      1.000      1.009    11.5255  37.096550     1.2164 1.1151e+03    318.319    114.300      1.000    32.5956    24.8096    1492.33 0.0000e+00
