Loch_Etive/CTD_data_US/2025-05-23/sbe55_sbe19p_5215_20250523_re5.cnv
* Sea-Bird SBE 19plus Data File:
* FileName = C:\Data\sbe55_sbe19p_5215\2025-05-23\sbe55_sbe19p_5215_20250523_re5059.hex
* Software Version SeatermAF 2.1.4
* Temperature SN = 5215
* Conductivity SN = 5215
* System UpLoad Time = May 23 2025 11:39:30 (localtime) = May 23 2025 11:39:30 (UTC)
* ds
* SeacatPlus V 1.6b  SERIAL NO. 5215    23 May 2025  11:39:03
# nquan = 15                                
# nvalues = 3236                        
# units = specified
# name 0 = scan: Scan Count
# name 1 = timeJ: Julian Days
# name 2 = depSM: Depth [salt water, m], lat = 56.00
# name 3 = prdM: Pressure, Strain Gauge [db]
# name 4 = tv290C: Temperature [ITS-90, deg C]
# name 5 = c0mS/cm: Conductivity [mS/cm]
# name 6 = flECO-AFL: Fluorescence, WET Labs ECO-AFL/FL [mg/m^3]
# name 7 = par/sat/log: PAR/Logarithmic, Satlantic [umol photons/m^2/sec]
# name 8 = sbeox0Mm/L: Oxygen, SBE 43 [umol/l]
# name 9 = sbeox0PS: Oxygen, SBE 43 [% saturation]
# name 10 = depSM: Depth [salt water, m], lat = 56
# name 11 = sal00: Salinity, Practical [PSU]
# name 12 = sigma-é00: Density [sigma-theta, kg/m^3]
# name 13 = svCM: Sound Velocity [Chen-Millero, m/s]
# name 14 = flag: flag
# span 0 =        301,       3536       
# span 1 = 143.472931, 143.482285       
# span 2 =      0.070,    142.984       
# span 3 =      0.070,    144.348       
# span 4 =    10.4044,    14.6882       
# span 5 =   0.811182,  32.849548       
# span 6 =    -0.1402,   123.8699       
# span 7 = 5.2936e-02, 2.9404e+03       
# span 8 =    166.060,    332.915       
# span 9 =     57.212,    114.528       
# span 10 =      0.070,    142.984      
# span 11 =     0.5194,    27.9805      
# span 12 =    -0.2671,    21.1755      
# span 13 =    1460.82,    1495.46      
# span 14 = 0.0000e+00, 0.0000e+00      
# interval = seconds: 0.25
# start_time = May 23 2025 11:19:46 [Instrument's time stamp, header]
# bad_flag = -9.990e-29
*END*
[from data line 772]
       1073 143.475159     65.864     66.480    11.6129  32.164215     1.4754 5.3133e-02    258.076     90.487     65.864    27.7351    21.0230    1487.89 0.0000e+00
       1074 143.475159     65.962     66.578    11.6129  32.164330     1.4792 5.3029e-02    258.111     90.500     65.962    27.7352    21.0231    1487.90 0.0000e+00
       1075 143.475174     66.060     66.677    11.6128  32.164387     1.4715 5.3133e-02    257.965     90.449     66.060    27.7352    21.0231    1487.90 0.0000e+00
       1076 143.475174     66.159     66.778    11.6128  32.164516     1.4067 5.3029e-02    257.920     90.433     66.159    27.7353    21.0232    1487.90 0.0000e+00
       1077 143.475174     66.260     66.880    11.6128  32.164795     1.4086 5.3029e-02    257.983     90.455     66.260    27.7356    21.0234    1487.90 0.0000e+00
       1078 143.475174     66.363     66.983    11.6128  32.165287     1.3857 5.3110e-02    258.031     90.473     66.363    27.7360    21.0237    1487.90 0.0000e+00
       1079 143.475174     66.466     67.087    11.6129  32.165981     1.3838 5.3168e-02    257.970     90.453     66.466    27.7366    21.0242    1487.91 0.0000e+00
       1080 143.475189     66.568     67.190    11.6130  32.166836     1.4429 5.3145e-02    258.017     90.471     66.568    27.7373    21.0247    1487.91 0.0000e+00
       1081 143.475189     66.670     67.293    11.6133  32.167854     1.4410 5.3029e-02    258.244     90.551     66.670    27.7380    21.0252    1487.91 0.0000e+00
       1082 143.475189     66.770     67.394    11.6137  32.169033     1.4143 5.3203e-02    258.236     90.550     66.770    27.7387    21.0257    1487.92 0.0000e+00
       1083 143.475189     66.871     67.496    11.6143  32.170319     1.4105 5.3006e-02    258.189     90.536     66.871    27.7395    21.0262    1487.92 0.0000e+00
       1084 143.475189     66.971     67.597    11.6149  32.171631     1.4391 5.3133e-02    258.176     90.536     66.971    27.7403    21.0267    1487.93 0.0000e+00
       1085 143.475189     67.072     67.699    11.6156  32.173000     1.4525 5.3098e-02    258.069     90.502     67.072    27.7411    21.0272    1487.93 0.0000e+00
       1086 143.475204     67.174     67.802    11.6162  32.174599     1.4448 5.3180e-02    258.380     90.615     67.174    27.7420    21.0278    1487.94 0.0000e+00
       1087 143.475204     67.276     67.905    11.6170  32.176365     1.4429 5.3098e-02    258.290     90.588     67.276    27.7431    21.0286    1487.94 0.0000e+00
       1088 143.475204     67.378     68.008    11.6178  32.177898     1.5154 5.3006e-02    258.321     90.603     67.378    27.7440    21.0291    1487.95 0.0000e+00
       1089 143.475204     67.481     68.112    11.6186  32.179073     1.5078 5.3145e-02    258.330     90.610     67.481    27.7444    21.0293    1487.95 0.0000e+00
       1090 143.475204     67.583     68.215    11.6193  32.180008     1.5288 5.3075e-02    258.361     90.623     67.583    27.7447    21.0294    1487.96 0.0000e+00
       1091 143.475220     67.685     68.318    11.6199  32.180752     1.5269 5.3156e-02    258.280     90.596     67.685    27.7450    21.0295    1487.96 0.0000e+00
       1092 143.475220     67.787     68.421    11.6202  32.181358     1.4391 5.3040e-02    258.388     90.635     67.787    27.7453    21.0297    1487.96 0.0000e+00
       1093 143.475220     67.889     68.524    11.6205  32.181927     1.4296 5.3110e-02    258.089     90.532     67.889    27.7456    21.0299    1487.97 0.0000e+00
       1094 143.475220     67.989     68.625    11.6206  32.182583     1.5421 5.3075e-02    257.933     90.478     67.989    27.7461    21.0302    1487.97 0.0000e+00
       1095 143.475220     68.089     68.726    11.6208  32.183411     1.5326 5.3040e-02    258.022     90.510     68.089    27.7467    21.0306    1487.97 0.0000e+00
       1096 143.475235     68.189     68.827    11.6211  32.184410     1.3495 5.3098e-02    258.049     90.521     68.189    27.7474    21.0311    1487.98 0.0000e+00
       1097 143.475235     68.290     68.928    11.6216  32.185471     1.3457 5.3168e-02    258.231     90.586     68.290    27.7480    21.0316    1487.98 0.0000e+00
       1098 143.475235     68.391     69.031    11.6221  32.186520     1.4410 5.3075e-02    258.216     90.581     68.391    27.7486    21.0319    1487.98 0.0000e+00
       1099 143.475235     68.492     69.133    11.6227  32.187698     1.4506 5.3075e-02    258.389     90.643     68.492    27.7492    21.0323    1487.99 0.0000e+00
       1100 143.475235     68.594     69.235    11.6235  32.189266     1.4410 5.3098e-02    258.428     90.656     68.594    27.7501    21.0328    1487.99 0.0000e+00
       1101 143.475250     68.694     69.337    11.6245  32.191288     1.4067 5.3087e-02    258.554     90.701     68.694    27.7512    21.0335    1488.00 0.0000e+00
       1102 143.475250     68.795     69.438    11.6258  32.193443     1.4067 5.3110e-02    258.829     90.798     68.795    27.7523    21.0341    1488.01 0.0000e+00
       1103 143.475250     68.895     69.539    11.6274  32.195412     1.5288 5.3040e-02    258.819     90.795     68.895    27.7529    21.0343    1488.02 0.0000e+00
       1104 143.475250     68.995     69.640    11.6291  32.197315     1.5250 5.3098e-02    258.842     90.803     68.995    27.7534    21.0345    1488.02 0.0000e+00
       1105 143.475250     69.095     69.741    11.6308  32.199203     1.4963 5.3098e-02    258.762     90.776     69.095    27.7539    21.0346    1488.03 0.0000e+00
       1106 143.475250     69.194     69.842    11.6324  32.200832     1.5173 5.3017e-02    258.908     90.827     69.194    27.7542    21.0345    1488.04 0.0000e+00
       1107 143.475266     69.294     69.942    11.6340  32.202129     1.5497 5.3087e-02    259.062     90.881     69.294    27.7543    21.0343    1488.05 0.0000e+00
       1108 143.475266     69.393     70.042    11.6353  32.203156     1.5326 5.3075e-02    259.186     90.925     69.393    27.7542    21.0340    1488.05 0.0000e+00
       1109 143.475266     69.492     70.142    11.6364  32.204037     1.5555 5.3156e-02    259.111     90.899     69.492    27.7542    21.0338    1488.06 0.0000e+00
       1110 143.475266     69.591     70.242    11.6373  32.204861     1.5574 5.3098e-02    259.036     90.873     69.591    27.7543    21.0338    1488.06 0.0000e+00
       1111 143.475266     69.691     70.343    11.6380  32.205593     1.5192 5.3145e-02    259.233     90.943     69.691    27.7544    21.0337    1488.07 0.0000e+00
       1112 143.475281     69.790     70.443    11.6387  32.206211     1.5326 5.3075e-02    259.047     90.879     69.790    27.7545    21.0336    1488.07 0.0000e+00
       1113 143.475281     69.889     70.543    11.6393  32.206757     1.5307 5.3098e-02    259.186     90.932     69.889    27.7545    21.0336    1488.08 0.0000e+00
       1114 143.475281     69.988     70.643    11.6398  32.207237     1.5326 5.3075e-02    259.056     90.895     69.988    27.7545    21.0335    1488.08 0.0000e+00
       1115 143.475281     70.087     70.742    11.6403  32.207630     1.4696 5.3040e-02    258.764     90.803     70.087    27.7545    21.0334    1488.08 0.0000e+00
       1116 143.475281     70.185     70.841    11.6407  32.207943     1.4830 5.3064e-02    258.627     90.766     70.185    27.7545    21.0333    1488.09 0.0000e+00
       1117 143.475296     70.282     70.940    11.6410  32.208202     1.5307 5.3145e-02    258.665     90.788     70.282    27.7544    21.0332    1488.09 0.0000e+00
       1118 143.475296     70.380     71.038    11.6413  32.208416     1.5383 5.3006e-02    258.500     90.736     70.380    27.7544    21.0331    1488.09 0.0000e+00
       1119 143.475296     70.477     71.136    11.6415  32.208630     1.5822 5.3098e-02    258.687     90.805     70.477    27.7544    21.0331    1488.09 0.0000e+00
       1120 143.475296     70.574     71.234    11.6417  32.208858     1.5803 5.3075e-02    259.017     90.923     70.574    27.7545    21.0331    1488.10 0.0000e+00
       1121 143.475296     70.671     71.333    11.6418  32.209103     1.5002 5.3098e-02    259.074     90.947     70.671    27.7545    21.0332    1488.10 0.0000e+00
       1122 143.475311     70.769     71.431    11.6420  32.209400     1.4963 5.3110e-02    259.515     91.107     70.769    27.7547    21.0332    1488.10 0.0000e+00
       1123 143.475311     70.867     71.530    11.6422  32.209747     1.5974 5.3017e-02    259.841     91.225     70.867    27.7548    21.0334    1488.10 0.0000e+00
       1124 143.475311     70.965     71.629    11.6423  32.210136     1.6508 5.3110e-02    259.981     91.278     70.965    27.7550    21.0335    1488.11 0.0000e+00
       1125 143.475311     71.063     71.728    11.6426  32.210609     1.6508 5.3075e-02    260.339     91.406     71.063    27.7553    21.0336    1488.11 0.0000e+00
       1126 143.475311     71.159     71.825    11.6428  32.211243     1.5154 5.3133e-02    260.581     91.493     71.159    27.7557    21.0339    1488.11 0.0000e+00
       1127 143.475311     71.255     71.922    11.6432  32.212124     1.5040 5.3133e-02    260.673     91.527     71.255    27.7562    21.0342    1488.12 0.0000e+00
       1128 143.475327     71.350     72.018    11.6437  32.213417     1.5497 5.3087e-02    260.742     91.553     71.350    27.7570    21.0348    1488.12 0.0000e+00
       1129 143.475327     71.446     72.115    11.6444  32.215412     1.5326 5.3040e-02    260.778     91.568     71.446    27.7583    21.0357    1488.13 0.0000e+00
       1130 143.475327     71.543     72.212    11.6455  32.218403     1.5421 5.3098e-02    260.779     91.571     71.543    27.7603    21.0370    1488.13 0.0000e+00
       1131 143.475327     71.639     72.310    11.6471  32.222553     1.5383 5.3075e-02    260.908     91.618     71.639    27.7630    21.0389    1488.14 0.0000e+00
       1132 143.475327     71.736     72.407    11.6495  32.227562     1.5040 5.3075e-02    260.884     91.611     71.736    27.7660    21.0408    1488.16 0.0000e+00
       1133 143.475342     71.833     72.505    11.6525  32.232670     1.4944 5.3191e-02    260.757     91.566     71.833    27.7686    21.0423    1488.17 0.0000e+00
       1134 143.475342     71.929     72.603    11.6559  32.237019     1.5993 5.3191e-02    260.855     91.600     71.929    27.7702    21.0429    1488.19 0.0000e+00
       1135 143.475342     72.026     72.700    11.6593  32.240292     1.5993 5.3040e-02    260.920     91.622     72.026    27.7708    21.0428    1488.20 0.0000e+00
       1136 143.475342     72.123     72.798    11.6623  32.242805     1.6432 5.3064e-02    261.182     91.715     72.123    27.7709    21.0423    1488.21 0.0000e+00
       1137 143.475342     72.219     72.895    11.6648  32.245007     1.6585 5.3098e-02    261.109     91.690     72.219    27.7711    21.0421    1488.22 0.0000e+00
       1138 143.475357     72.316     72.993    11.6668  32.247250     1.7081 5.3156e-02    261.145     91.703     72.316    27.7716    21.0421    1488.23 0.0000e+00
       1139 143.475357     72.412     73.090    11.6687  32.249695     1.7176 5.3052e-02    261.238     91.737     72.412    27.7725    21.0425    1488.24 0.0000e+00
       1140 143.475357     72.509     73.188    11.6705  32.252037     1.7577 5.3075e-02    261.325     91.769     72.509    27.7734    21.0428    1488.25 0.0000e+00
       1141 143.475357     72.606     73.286    11.6723  32.253937     1.7386 5.3087e-02    261.268     91.750     72.606    27.7738    21.0429    1488.26 0.0000e+00
       1142 143.475357     72.704     73.385    11.6740  32.255436     1.7939 5.3156e-02    261.128     91.701     72.704    27.7739    21.0427    1488.27 0.0000e+00
       1143 143.475357     72.803     73.485    11.6754  32.256756     1.8111 5.3017e-02    261.146     91.705     72.803    27.7741    21.0426    1488.28 0.0000e+00
       1144 143.475372     72.902     73.585    11.6766  32.257984     1.7119 5.3075e-02    261.084     91.683     72.902    27.7743    21.0426    1488.28 0.0000e+00
       1145 143.475372     73.002     73.686    11.6776  32.259167     1.7119 5.3098e-02    261.138     91.700     73.002    27.7747    21.0426    1488.29 0.0000e+00
       1146 143.475372     73.103     73.787    11.6786  32.260368     1.6928 5.3075e-02    261.311     91.759     73.103    27.7751    21.0428    1488.29 0.0000e+00
       1147 143.475372     73.203     73.889    11.6794  32.261547     1.6756 5.3145e-02    261.431     91.798     73.203    27.7755    21.0430    1488.30 0.0000e+00
       1148 143.475372     73.304     73.990    11.6803  32.262497     1.6680 5.3098e-02    261.287     91.746     73.304    27.7757    21.0430    1488.30 0.0000e+00
       1149 143.475388     73.404     74.091    11.6811  32.263023     1.8072 5.3110e-02    261.425     91.791     73.404    27.7756    21.0427    1488.31 0.0000e+00
       1150 143.475388     73.503     74.192    11.6818  32.263195     1.7996 5.3087e-02    261.443     91.794     73.503    27.7752    21.0424    1488.31 0.0000e+00
       1151 143.475388     73.603     74.292    11.6822  32.263275     1.7977 5.3040e-02    261.445     91.792     73.603    27.7750    21.0421    1488.31 0.0000e+00
       1152 143.475388     73.703     74.393    11.6824  32.263393     1.8130 5.3145e-02    261.366     91.761     73.703    27.7749    21.0420    1488.32 0.0000e+00
       1153 143.475388     73.804     74.495    11.6825  32.263557     1.6680 5.3145e-02    261.369     91.761     73.804    27.7750    21.0420    1488.32 0.0000e+00
       1154 143.475403     73.904     74.596    11.6826  32.263870     1.6814 5.3064e-02    261.177     91.694     73.904    27.7751    21.0422    1488.32 0.0000e+00
       1155 143.475403     74.005     74.698    11.6827  32.264328     1.8530 5.3180e-02    261.211     91.706     74.005    27.7754    21.0424    1488.32 0.0000e+00
       1156 143.475403     74.106     74.800    11.6829  32.264812     1.8740 5.3156e-02    261.045     91.648     74.106    27.7757    21.0426    1488.33 0.0000e+00
       1157 143.475403     74.207     74.902    11.6831  32.265244     1.8301 5.3098e-02    260.996     91.632     74.207    27.7759    21.0427    1488.33 0.0000e+00
       1158 143.475403     74.307     75.003    11.6834  32.265522     1.8244 5.3087e-02    260.928     91.611     74.307    27.7760    21.0427    1488.33 0.0000e+00
       1159 143.475418     74.406     75.103    11.6835  32.265514     1.8378 5.3110e-02    260.678     91.525     74.406    27.7758    21.0425    1488.33 0.0000e+00
       1160 143.475418     74.505     75.203    11.6835  32.265079     1.8359 5.3098e-02    260.598     91.498     74.505    27.7753    21.0422    1488.33 0.0000e+00
       1161 143.475418     74.602     75.301    11.6833  32.264366     1.8053 5.3075e-02    260.348     91.412     74.602    27.7748    21.0418    1488.33 0.0000e+00
       1162 143.475418     74.699     75.399    11.6829  32.263641     1.8053 5.3145e-02    260.282     91.391     74.699    27.7744    21.0416    1488.33 0.0000e+00
       1163 143.475418     74.797     75.497    11.6822  32.262783     1.6699 5.3052e-02    260.281     91.393     74.797    27.7740    21.0414    1488.33 0.0000e+00
       1164 143.475418     74.895     75.597    11.6814  32.261711     1.6794 5.3133e-02    260.309     91.404     74.895    27.7736    21.0412    1488.33 0.0000e+00
       1165 143.475433     74.994     75.697    11.6804  32.260597     1.7100 5.3133e-02    260.299     91.405     74.994    27.7732    21.0411    1488.33 0.0000e+00
       1166 143.475433     75.094     75.797    11.6794  32.259445     1.6985 5.3180e-02    260.312     91.415     75.094    27.7729    21.0410    1488.33 0.0000e+00
       1167 143.475433     75.192     75.897    11.6782  32.258289     1.8473 5.3064e-02    260.472     91.478     75.192    27.7726    21.0410    1488.32 0.0000e+00
