Loch_Etive/CTD_data_US/2025-05-23/sbe55_sbe19p_5215_20250523_re5.cnv
* Sea-Bird SBE 19plus Data File:
* FileName = C:\Data\sbe55_sbe19p_5215\2025-05-23\sbe55_sbe19p_5215_20250523_re5059.hex
* Software Version SeatermAF 2.1.4
* Temperature SN = 5215
* Conductivity SN = 5215
* System UpLoad Time = May 23 2025 11:39:30 (localtime) = May 23 2025 11:39:30 (UTC)
* ds
* SeacatPlus V 1.6b  SERIAL NO. 5215    23 May 2025  11:39:03
# nquan = 15                                
# nvalues = 3236                        
# units = specified
# name 0 = scan: Scan Count
# name 1 = timeJ: Julian Days
# name 2 = depSM: Depth [salt water, m], lat = 56.00
# name 3 = prdM: Pressure, Strain Gauge [db]
# name 4 = tv290C: Temperature [ITS-90, deg C]
# name 5 = c0mS/cm: Conductivity [mS/cm]
# name 6 = flECO-AFL: Fluorescence, WET Labs ECO-AFL/FL [mg/m^3]
# name 7 = par/sat/log: PAR/Logarithmic, Satlantic [umol photons/m^2/sec]
# name 8 = sbeox0Mm/L: Oxygen, SBE 43 [umol/l]
# name 9 = sbeox0PS: Oxygen, SBE 43 [% saturation]
# name 10 = depSM: Depth [salt water, m], lat = 56
# name 11 = sal00: Salinity, Practical [PSU]
# name 12 = sigma-é00: Density [sigma-theta, kg/m^3]
# name 13 = svCM: Sound Velocity [Chen-Millero, m/s]
# name 14 = flag: flag
# span 0 =        301,       3536       
# span 1 = 143.472931, 143.482285       
# span 2 =      0.070,    142.984       
# span 3 =      0.070,    144.348       
# span 4 =    10.4044,    14.6882       
# span 5 =   0.811182,  32.849548       
# span 6 =    -0.1402,   123.8699       
# span 7 = 5.2936e-02, 2.9404e+03       
# span 8 =    166.060,    332.915       
# span 9 =     57.212,    114.528       
# span 10 =      0.070,    142.984      
# span 11 =     0.5194,    27.9805      
# span 12 =    -0.2671,    21.1755      
# span 13 =    1460.82,    1495.46      
# span 14 = 0.0000e+00, 0.0000e+00      
# interval = seconds: 0.25
# start_time = May 23 2025 11:19:46 [Instrument's time stamp, header]
# bad_flag = -9.990e-29
*END*
[from data line 579]
        880 143.474609     47.943     48.389    11.5082  31.995380     1.0023 5.3064e-02    258.042     90.276     47.943    27.6585    20.9812    1487.14 0.0000e+00
        881 143.474609     48.034     48.480    11.5121  31.998613     1.0081 5.3075e-02    258.194     90.330     48.034    27.6587    20.9807    1487.15 0.0000e+00
        882 143.474609     48.125     48.572    11.5153  32.001820     1.0100 5.3040e-02    258.364     90.390     48.125    27.6594    20.9807    1487.16 0.0000e+00
        883 143.474609     48.215     48.664    11.5179  32.005245     1.0195 5.3075e-02    258.585     90.467     48.215    27.6606    20.9812    1487.18 0.0000e+00
        884 143.474609     48.306     48.755    11.5204  32.008877     1.0252 5.3133e-02    258.651     90.490     48.306    27.6622    20.9820    1487.19 0.0000e+00
        885 143.474625     48.396     48.847    11.5228  32.012535     1.0214 5.3029e-02    258.498     90.437     48.396    27.6639    20.9829    1487.20 0.0000e+00
        886 143.474625     48.487     48.938    11.5253  32.015942     1.0767 5.3098e-02    258.549     90.455     48.487    27.6652    20.9835    1487.21 0.0000e+00
        887 143.474625     48.577     49.029    11.5278  32.018902     1.0748 5.3098e-02    258.583     90.467     48.577    27.6662    20.9838    1487.22 0.0000e+00
        888 143.474625     48.667     49.120    11.5300  32.021320     1.0596 5.3098e-02    258.462     90.424     48.668    27.6668    20.9839    1487.23 0.0000e+00
        889 143.474625     48.759     49.212    11.5320  32.023209     1.0672 5.3168e-02    258.499     90.438     48.759    27.6671    20.9838    1487.24 0.0000e+00
        890 143.474640     48.850     49.304    11.5337  32.024784     1.0939 5.3098e-02    258.398     90.402     48.850    27.6673    20.9837    1487.25 0.0000e+00
        891 143.474640     48.940     49.396    11.5350  32.026295     1.0843 5.3098e-02    258.284     90.363     48.940    27.6677    20.9838    1487.26 0.0000e+00
        892 143.474640     49.030     49.487    11.5362  32.027855     1.0710 5.3064e-02    258.387     90.399     49.030    27.6683    20.9840    1487.26 0.0000e+00
        893 143.474640     49.120     49.577    11.5373  32.029282     1.0557 5.3133e-02    258.355     90.388     49.120    27.6688    20.9842    1487.27 0.0000e+00
        894 143.474640     49.210     49.667    11.5384  32.030312     0.9852 5.3098e-02    258.104     90.300     49.210    27.6690    20.9842    1487.28 0.0000e+00
        895 143.474640     49.300     49.758    11.5393  32.030933     0.9813 5.3168e-02    258.141     90.314     49.300    27.6688    20.9839    1487.28 0.0000e+00
        896 143.474655     49.390     49.850    11.5401  32.031303     1.0176 5.3110e-02    258.078     90.293     49.390    27.6686    20.9836    1487.28 0.0000e+00
        897 143.474655     49.481     49.942    11.5406  32.031517     1.0176 5.3191e-02    257.969     90.257     49.481    27.6683    20.9833    1487.29 0.0000e+00
        898 143.474655     49.573     50.034    11.5410  32.031639     1.0405 5.3098e-02    257.883     90.229     49.573    27.6681    20.9831    1487.29 0.0000e+00
        899 143.474655     49.665     50.127    11.5413  32.031742     1.0386 5.3029e-02    258.039     90.284     49.665    27.6680    20.9829    1487.29 0.0000e+00
        900 143.474655     49.758     50.221    11.5415  32.031849     1.0119 5.3064e-02    258.063     90.293     49.758    27.6679    20.9828    1487.29 0.0000e+00
        901 143.474670     49.852     50.316    11.5417  32.031937     0.9985 5.3040e-02    258.053     90.290     49.852    27.6678    20.9827    1487.30 0.0000e+00
        902 143.474670     49.947     50.411    11.5418  32.031967     1.0386 5.3064e-02    258.230     90.354     49.947    27.6677    20.9826    1487.30 0.0000e+00
        903 143.474670     50.042     50.508    11.5419  32.031979     1.0328 5.3133e-02    258.215     90.352     50.042    27.6676    20.9826    1487.30 0.0000e+00
        904 143.474670     50.138     50.604    11.5419  32.032005     1.0462 5.3006e-02    258.229     90.359     50.138    27.6676    20.9825    1487.30 0.0000e+00
        905 143.474670     50.234     50.702    11.5420  32.032032     1.0214 5.3133e-02    258.331     90.396     50.234    27.6675    20.9825    1487.30 0.0000e+00
        906 143.474686     50.331     50.800    11.5420  32.032074     1.0061 5.3006e-02    258.368     90.410     50.331    27.6675    20.9824    1487.31 0.0000e+00
        907 143.474686     50.428     50.898    11.5421  32.032139     1.0634 5.3098e-02    258.501     90.458     50.428    27.6675    20.9824    1487.31 0.0000e+00
        908 143.474686     50.526     50.996    11.5422  32.032253     1.0405 5.3017e-02    258.547     90.475     50.526    27.6675    20.9824    1487.31 0.0000e+00
        909 143.474686     50.624     51.095    11.5422  32.032459     1.0195 5.3087e-02    258.548     90.476     50.624    27.6676    20.9825    1487.31 0.0000e+00
        910 143.474686     50.722     51.194    11.5423  32.032784     1.0004 5.3052e-02    258.614     90.499     50.722    27.6679    20.9827    1487.31 0.0000e+00
        911 143.474686     50.820     51.293    11.5424  32.033249     1.7729 5.3133e-02    258.457     90.445     50.820    27.6682    20.9829    1487.32 0.0000e+00
        912 143.474701     50.919     51.393    11.5425  32.033936     1.7691 5.3087e-02    258.595     90.494     50.919    27.6687    20.9833    1487.32 0.0000e+00
        913 143.474701     51.017     51.492    11.5427  32.034832     0.9813 5.3006e-02    258.647     90.512     51.017    27.6694    20.9838    1487.32 0.0000e+00
        914 143.474701     51.116     51.592    11.5430  32.035877     0.9871 5.3098e-02    258.642     90.510     51.116    27.6701    20.9843    1487.33 0.0000e+00
        915 143.474701     51.214     51.691    11.5434  32.036991     1.0882 5.3075e-02    258.536     90.474     51.214    27.6708    20.9848    1487.33 0.0000e+00
        916 143.474701     51.313     51.791    11.5439  32.037949     1.0691 5.3087e-02    258.598     90.496     51.313    27.6714    20.9851    1487.33 0.0000e+00
        917 143.474716     51.412     51.890    11.5444  32.038670     1.0061 5.3168e-02    258.427     90.436     51.412    27.6716    20.9853    1487.34 0.0000e+00
        918 143.474716     51.510     51.989    11.5449  32.039471     1.0004 5.3075e-02    258.629     90.507     51.510    27.6720    20.9855    1487.34 0.0000e+00
        919 143.474716     51.608     52.088    11.5454  32.040630     1.0081 5.3029e-02    258.600     90.496     51.608    27.6727    20.9859    1487.34 0.0000e+00
        920 143.474716     51.705     52.187    11.5460  32.041977     1.0157 5.3098e-02    258.572     90.486     51.705    27.6735    20.9864    1487.35 0.0000e+00
        921 143.474716     51.803     52.285    11.5468  32.043163     1.0081 5.3098e-02    258.614     90.501     51.803    27.6740    20.9867    1487.35 0.0000e+00
        922 143.474731     51.901     52.384    11.5475  32.044121     1.0061 5.3075e-02    258.442     90.441     51.901    27.6743    20.9868    1487.36 0.0000e+00
        923 143.474731     51.999     52.483    11.5482  32.044960     1.0176 5.3110e-02    258.229     90.368     51.999    27.6746    20.9869    1487.36 0.0000e+00
        924 143.474731     52.096     52.581    11.5487  32.045704     1.0100 5.3087e-02    258.224     90.368     52.096    27.6749    20.9870    1487.37 0.0000e+00
        925 143.474731     52.192     52.678    11.5492  32.046333     0.9794 5.3156e-02    258.174     90.352     52.192    27.6751    20.9871    1487.37 0.0000e+00
        926 143.474731     52.288     52.775    11.5496  32.046841     0.9871 5.3098e-02    258.220     90.369     52.288    27.6752    20.9872    1487.37 0.0000e+00
        927 143.474747     52.383     52.871    11.5500  32.047249     1.0519 5.3145e-02    258.059     90.313     52.383    27.6753    20.9872    1487.38 0.0000e+00
        928 143.474747     52.478     52.967    11.5503  32.047604     1.0500 5.3052e-02    258.140     90.341     52.478    27.6754    20.9872    1487.38 0.0000e+00
        929 143.474747     52.573     53.063    11.5505  32.047920     1.0309 5.3133e-02    258.182     90.355     52.573    27.6755    20.9872    1487.38 0.0000e+00
        930 143.474747     52.668     53.159    11.5507  32.048237     1.0481 5.3098e-02    258.073     90.319     52.668    27.6756    20.9873    1487.38 0.0000e+00
        931 143.474747     52.764     53.255    11.5508  32.048592     1.0367 5.3098e-02    258.226     90.375     52.764    27.6759    20.9875    1487.39 0.0000e+00
        932 143.474747     52.859     53.352    11.5509  32.048992     1.0481 5.3098e-02    257.965     90.286     52.859    27.6762    20.9877    1487.39 0.0000e+00
        933 143.474762     52.955     53.449    11.5509  32.049412     1.0367 5.3180e-02    257.964     90.289     52.955    27.6765    20.9879    1487.39 0.0000e+00
        934 143.474762     53.051     53.545    11.5510  32.049824     1.0500 5.3064e-02    257.852     90.252     53.051    27.6768    20.9882    1487.39 0.0000e+00
        935 143.474762     53.146     53.641    11.5510  32.050186     1.0443 5.3087e-02    258.109     90.344     53.146    27.6771    20.9884    1487.40 0.0000e+00
        936 143.474762     53.240     53.736    11.5509  32.050495     1.0309 5.3040e-02    257.980     90.300     53.240    27.6774    20.9887    1487.40 0.0000e+00
        937 143.474762     53.334     53.831    11.5509  32.050838     1.0557 5.3064e-02    258.105     90.345     53.334    27.6778    20.9889    1487.40 0.0000e+00
        938 143.474777     53.429     53.927    11.5508  32.051285     0.9890 5.3145e-02    258.091     90.341     53.429    27.6782    20.9893    1487.40 0.0000e+00
        939 143.474777     53.523     54.022    11.5508  32.051933     0.9852 5.3098e-02    257.905     90.278     53.523    27.6788    20.9897    1487.40 0.0000e+00
        940 143.474777     53.618     54.117    11.5508  32.052860     1.0233 5.3156e-02    257.851     90.261     53.618    27.6796    20.9904    1487.41 0.0000e+00
        941 143.474777     53.712     54.212    11.5510  32.053982     0.9966 5.3087e-02    257.835     90.259     53.712    27.6805    20.9911    1487.41 0.0000e+00
        942 143.474777     53.806     54.307    11.5512  32.055061     1.0290 5.3040e-02    257.806     90.254     53.806    27.6813    20.9917    1487.41 0.0000e+00
        943 143.474792     53.899     54.401    11.5515  32.055973     1.0195 5.3064e-02    257.712     90.228     53.899    27.6820    20.9921    1487.42 0.0000e+00
        944 143.474792     53.992     54.495    11.5517  32.056713     1.0290 5.3110e-02    257.557     90.179     53.992    27.6825    20.9925    1487.42 0.0000e+00
        945 143.474792     54.085     54.589    11.5519  32.057365     1.0519 5.3029e-02    257.427     90.137     54.085    27.6829    20.9928    1487.42 0.0000e+00
        946 143.474792     54.179     54.684    11.5521  32.058132     1.0309 5.3191e-02    257.522     90.172     54.179    27.6835    20.9932    1487.42 0.0000e+00
        947 143.474792     54.274     54.779    11.5523  32.059277     1.0443 5.3040e-02    257.585     90.196     54.274    27.6844    20.9938    1487.43 0.0000e+00
        948 143.474808     54.368     54.874    11.5528  32.060780     1.0481 5.3098e-02    257.672     90.227     54.368    27.6855    20.9946    1487.43 0.0000e+00
        949 143.474808     54.461     54.969    11.5534  32.062321     1.0443 5.3098e-02    257.780     90.266     54.461    27.6864    20.9952    1487.44 0.0000e+00
        950 143.474808     54.554     55.062    11.5542  32.063755     1.0596 5.3098e-02    257.689     90.236     54.554    27.6871    20.9956    1487.44 0.0000e+00
        951 143.474808     54.647     55.156    11.5551  32.065075     1.0863 5.3064e-02    257.706     90.243     54.647    27.6877    20.9959    1487.45 0.0000e+00
        952 143.474808     54.740     55.250    11.5561  32.066277     1.0309 5.3133e-02    257.692     90.239     54.740    27.6881    20.9961    1487.45 0.0000e+00
        953 143.474808     54.835     55.346    11.5570  32.067421     1.0386 5.3110e-02    257.763     90.264     54.835    27.6885    20.9962    1487.46 0.0000e+00
        954 143.474823     54.929     55.440    11.5578  32.068569     1.0367 5.3110e-02    257.677     90.235     54.929    27.6889    20.9964    1487.46 0.0000e+00
        955 143.474823     55.022     55.535    11.5586  32.069771     1.0634 5.3040e-02    257.822     90.285     55.022    27.6894    20.9967    1487.47 0.0000e+00
        956 143.474823     55.114     55.628    11.5595  32.071148     1.0729 5.3098e-02    257.697     90.242     55.114    27.6901    20.9970    1487.47 0.0000e+00
        957 143.474823     55.207     55.721    11.5604  32.072895     1.0977 5.3110e-02    257.773     90.270     55.207    27.6910    20.9976    1487.48 0.0000e+00
        958 143.474823     55.299     55.814    11.5614  32.075245     1.1034 5.3040e-02    257.628     90.221     55.299    27.6925    20.9986    1487.49 0.0000e+00
        959 143.474838     55.391     55.907    11.5626  32.078144     1.1358 5.3145e-02    257.561     90.200     55.391    27.6943    20.9998    1487.49 0.0000e+00
        960 143.474838     55.483     56.000    11.5642  32.081219     1.1282 5.3064e-02    257.329     90.120     55.483    27.6961    21.0009    1487.50 0.0000e+00
        961 143.474838     55.575     56.093    11.5659  32.084072     1.1225 5.3133e-02    257.332     90.122     55.575    27.6974    21.0017    1487.51 0.0000e+00
        962 143.474838     55.666     56.185    11.5677  32.086384     1.1282 5.3040e-02    257.334     90.123     55.666    27.6983    21.0020    1487.52 0.0000e+00
        963 143.474838     55.757     56.276    11.5693  32.088047     1.1568 5.3098e-02    257.367     90.136     55.757    27.6986    21.0020    1487.53 0.0000e+00
        964 143.474854     55.847     56.368    11.5707  32.089264     1.1854 5.3075e-02    257.540     90.199     55.847    27.6987    21.0018    1487.54 0.0000e+00
        965 143.474854     55.938     56.460    11.5717  32.090290     1.1397 5.3110e-02    257.448     90.168     55.938    27.6989    21.0018    1487.54 0.0000e+00
        966 143.474854     56.029     56.552    11.5726  32.091278     1.1244 5.3052e-02    257.528     90.197     56.029    27.6992    21.0019    1487.55 0.0000e+00
        967 143.474854     56.120     56.644    11.5732  32.092243     1.1816 5.3133e-02    257.480     90.182     56.120    27.6996    21.0021    1487.55 0.0000e+00
        968 143.474854     56.211     56.735    11.5738  32.093098     1.1740 5.3168e-02    257.607     90.227     56.211    27.7000    21.0023    1487.55 0.0000e+00
        969 143.474854     56.301     56.826    11.5743  32.093773     1.2274 5.3168e-02    257.564     90.214     56.301    27.7002    21.0024    1487.56 0.0000e+00
        970 143.474869     56.391     56.916    11.5748  32.094311     1.2217 5.3238e-02    257.572     90.219     56.391    27.7003    21.0024    1487.56 0.0000e+00
        971 143.474869     56.479     57.006    11.5751  32.094788     1.1683 5.3133e-02    257.775     90.291     56.479    27.7004    21.0024    1487.56 0.0000e+00
        972 143.474869     56.567     57.095    11.5755  32.095238     1.1626 5.3075e-02    257.874     90.326     56.567    27.7006    21.0025    1487.57 0.0000e+00
        973 143.474869     56.655     57.183    11.5758  32.095753     1.2636 5.3040e-02    258.004     90.372     56.655    27.7008    21.0026    1487.57 0.0000e+00
        974 143.474869     56.743     57.272    11.5761  32.096443     1.2446 5.3110e-02    258.030     90.381     56.743    27.7012    21.0028    1487.57 0.0000e+00
