Loch_Etive/CTD_data_US/2025-05-23/sbe55_sbe19p_5215_20250523_re2_1m.cnv
* Sea-Bird SBE 19plus Data File:
* FileName = C:\Data\sbe55_sbe19p_5215\2025-05-23\sbe55_sbe19p_5215_20250523_re2060.hex
* Software Version SeatermAF 2.1.4
* Temperature SN = 5215
* Conductivity SN = 5215
* System UpLoad Time = May 23 2025 12:50:21 (localtime) = May 23 2025 12:50:21 (UTC)
* ds
* SeacatPlus V 1.6b  SERIAL NO. 5215    23 May 2025  12:49:53
# nquan = 15
# nvalues = 81                          
# units = specified
# name 0 = scan: Scan Count
# name 1 = timeJ: Julian Days
# name 2 = depSM: Depth [salt water, m], lat = 56.00
# name 3 = prdM: Pressure, Strain Gauge [db]
# name 4 = tv290C: Temperature [ITS-90, deg C]
# name 5 = c0mS/cm: Conductivity [mS/cm]
# name 6 = flECO-AFL: Fluorescence, WET Labs ECO-AFL/FL [mg/m^3]
# name 7 = par/sat/log: PAR/Logarithmic, Satlantic [umol photons/m^2/sec]
# name 8 = sbeox0Mm/L: Oxygen, SBE 43 [umol/l]
# name 9 = sbeox0PS: Oxygen, SBE 43 [% saturation]
# name 10 = depSM: Depth [salt water, m], lat = 56
# name 11 = sal00: Salinity, Practical [PSU]
# name 12 = sigma-é00: Density [sigma-theta, kg/m^3]
# name 13 = svCM: Sound Velocity [Chen-Millero, m/s]
# name 14 = flag: flag
# span 0 =        343,       1350       
# span 1 = 143.525307, 143.528222       
# span 2 =      1.000,     41.000       
# span 3 =      1.009,     41.381       
# span 4 =    10.5227,    15.2219       
# span 5 =  30.753287,  33.473336       
# span 6 =     1.8028,    32.6460       
# span 7 = 5.3062e-02, 9.4702e+02       
# span 8 =    148.104,    312.777       
# span 9 =     51.345,    117.123       
# span 10 =      1.000,     41.000      
# span 11 =    26.3796,    27.5644      
# span 12 =    19.3041,    20.9681      
# span 13 =    1482.61,    1497.41      
# span 14 = 0.0000e+00, 0.0000e+00      
# interval = meters: 1                  
# start_time = May 23 2025 12:35:01 [Instrument's time stamp, header]
# bad_flag = -9.990e-29
*END*
        343 143.525307      1.000      1.009    15.2219  33.473336     2.0855 8.5020e+02    312.760    117.123      1.000    26.3964    19.3052    1497.41 0.0000e+00
        390 143.525443      2.000      2.019    15.1796  33.426593     2.5971 5.0259e+02    311.729    115.226      2.000    26.3837    19.3041    1497.28 0.0000e+00
        402 143.525477      3.000      3.027    14.7687  33.106814     3.4636 3.3102e+02    309.457    112.971      3.000    26.3796    19.3845    1495.95 0.0000e+00
        414 143.525512      4.000      4.037    14.3065  32.815464     4.7871 2.2579e+02    298.862    106.471      4.000    26.4349    19.5193    1494.52 0.0000e+00
        425 143.525544      5.000      5.046    13.4126  32.237797     6.8658 1.5047e+02    274.970     96.549      5.000    26.5297    19.7644    1491.66 0.0000e+00
        437 143.525578      6.000      6.055    12.2789  31.634263     7.0269 1.0133e+02    251.744     87.664      6.000    26.7704    20.1579    1488.08 0.0000e+00
        448 143.525609      7.000      7.064    11.7570  31.373688     6.8817 6.5762e+01    220.346     76.496      7.000    26.8991    20.3489    1486.43 0.0000e+00
        459 143.525643      8.000      8.074    11.4266  31.211958    21.8032 4.2942e+01    180.933     62.788      8.000    26.9846    20.4716    1485.38 0.0000e+00
        471 143.525677      9.000      9.083    11.3413  31.229219    32.6460 2.4428e+01    149.573     51.880      9.000    27.0630    20.5468    1485.19 0.0000e+00
        482 143.525709     10.000     10.092    11.3124  31.288063    27.0104 1.1102e+01    150.284     51.956     10.000    27.1402    20.6116    1485.19 0.0000e+00
        494 143.525744     11.000     11.101    11.2197  31.237912    21.5617 5.6824e+00    166.032     57.250     11.000    27.1599    20.6424    1484.90 0.0000e+00
        506 143.525776     12.000     12.111    11.0707  31.132984    11.5135 3.3003e+00    176.886     60.806     12.000    27.1682    20.6737    1484.40 0.0000e+00
        517 143.525811     13.000     13.120    10.9467  31.032662     9.4313 2.1048e+00    191.047     65.505     13.000    27.1626    20.6898    1483.96 0.0000e+00
        529 143.525845     14.000     14.129    10.8189  30.932809     6.7276 1.4013e+00    205.962     70.479     14.000    27.1601    20.7088    1483.52 0.0000e+00
        541 143.525878     15.000     15.138    10.7105  30.856947     5.0923 9.6871e-01    221.896     75.835     15.000    27.1664    20.7313    1483.15 0.0000e+00
        552 143.525913     16.000     16.148    10.6246  30.799660     4.1869 6.8898e-01    227.345     77.652     16.000    27.1740    20.7511    1482.87 0.0000e+00
        564 143.525944     17.000     17.157    10.5887  30.782289     4.2413 4.9083e-01    232.397     79.345     17.000    27.1834    20.7642    1482.76 0.0000e+00
        575 143.525979     18.000     18.166    10.5618  30.770041     4.2819 3.6194e-01    235.757     80.463     18.000    27.1911    20.7745    1482.69 0.0000e+00
        587 143.526013     19.000     19.175    10.5444  30.760613     3.6825 2.6893e-01    238.425     81.355     19.000    27.1945    20.7799    1482.65 0.0000e+00
        599 143.526046     20.000     20.185    10.5276  30.753287     3.4162 2.0161e-01    241.800     82.522     20.000    27.1995    20.7865    1482.61 0.0000e+00
        611 143.526081     21.000     21.194    10.5227  30.768090     5.2797 1.5418e-01    246.777     84.253     21.000    27.2172    20.8011    1482.63 0.0000e+00
        622 143.526115     22.000     22.203    10.5281  30.796019     3.4055 1.1981e-01    246.259     84.094     22.000    27.2401    20.8180    1482.70 0.0000e+00
        634 143.526148     23.000     23.213    10.5417  30.818516     3.0462 8.4048e-02    248.768     84.962     23.000    27.2515    20.8248    1482.78 0.0000e+00
        646 143.526183     24.000     24.222    10.5464  30.828941     2.6679 6.4576e-02    249.962     85.383     24.000    27.2578    20.8289    1482.82 0.0000e+00
        657 143.526215     25.000     25.231    10.5513  30.837464     2.8083 5.7816e-02    250.145     85.517     25.000    27.2622    20.8315    1482.86 0.0000e+00
        669 143.526250     26.000     26.240    10.5638  30.862113     3.3569 5.3800e-02    251.215     85.976     26.000    27.2765    20.8407    1482.94 0.0000e+00
        681 143.526283     27.000     27.250    10.6084  30.928663     2.8713 5.3633e-02    251.194     86.012     27.000    27.3078    20.8579    1483.15 0.0000e+00
        692 143.526317     28.000     28.259    10.6392  30.963022     2.9536 5.3096e-02    250.954     85.954     28.000    27.3179    20.8608    1483.29 0.0000e+00
        704 143.526352     29.000     29.268    10.6554  30.981785     2.8182 5.3076e-02    251.029     86.008     29.000    27.3237    20.8627    1483.37 0.0000e+00
        716 143.526385     30.000     30.278    10.6692  31.001885     2.7507 5.3077e-02    250.880     86.006     30.000    27.3327    20.8674    1483.45 0.0000e+00
        728 143.526420     31.000     31.287    10.6800  31.018347     2.7534 5.3091e-02    250.457     85.964     31.000    27.3402    20.8716    1483.51 0.0000e+00
        740 143.526455     32.000     32.296    10.7108  31.066537     2.6016 5.3064e-02    250.666     86.229     32.000    27.3637    20.8849    1483.67 0.0000e+00
        751 143.526488     33.000     33.306    10.7865  31.175921     2.6006 5.3065e-02    250.579     86.309     33.000    27.4131    20.9110    1484.02 0.0000e+00
        763 143.526523     34.000     34.315    10.8585  31.260836     2.3872 5.3065e-02    250.914     86.608     34.000    27.4414    20.9212    1484.33 0.0000e+00
        775 143.526557     35.000     35.324    10.9201  31.348490     2.2238 5.3080e-02    251.268     86.811     35.000    27.4799    20.9411    1484.61 0.0000e+00
        787 143.526592     36.000     36.334    10.9932  31.433210     2.1390 5.3062e-02    251.757     87.042     36.000    27.5069    20.9500    1484.92 0.0000e+00
        799 143.526627     37.000     37.343    11.0180  31.462250     2.0540 5.3083e-02    252.214     87.254     37.000    27.5160    20.9530    1485.04 0.0000e+00
        811 143.526659     38.000     38.352    11.0486  31.499869     1.8845 5.3089e-02    252.548     87.394     38.000    27.5292    20.9581    1485.18 0.0000e+00
        824 143.526700     39.000     39.362    11.0725  31.525941     1.8028 5.3090e-02    252.367     87.376     39.000    27.5361    20.9596    1485.29 0.0000e+00
        841 143.526748     40.000     40.371    11.0908  31.553725     1.8399 5.3080e-02    252.127     87.354     40.000    27.5489    20.9664    1485.39 0.0000e+00
        871 143.526833     41.000     41.381    11.1533  31.618708     7.1950 5.3083e-02    252.958     87.519     41.000    27.5644    20.9681    1485.65 0.0000e+00
        877 143.526852     40.000     40.371    11.0899  31.536300     2.1341 5.3106e-02    252.547     87.407     40.000    27.5328    20.9541    1485.37 0.0000e+00
        895 143.526903     39.000     39.362    11.0811  31.528401     1.9872 5.3091e-02    252.408     87.354     39.000    27.5321    20.9550    1485.32 0.0000e+00
        909 143.526945     38.000     38.352    11.0794  31.523918     2.0774 5.3093e-02    252.298     87.281     38.000    27.5294    20.9531    1485.29 0.0000e+00
        922 143.526982     37.000     37.343    11.0711  31.509448     1.9468 5.3099e-02    252.267     87.189     37.000    27.5220    20.9488    1485.24 0.0000e+00
        935 143.527021     36.000     36.334    11.0427  31.468167     1.9708 5.3098e-02    251.651     86.838     36.000    27.5037    20.9393    1485.10 0.0000e+00
        947 143.527055     35.000     35.324    10.9975  31.402755     2.0686 5.3104e-02    251.128     86.528     35.000    27.4746    20.9241    1484.88 0.0000e+00
        959 143.527091     34.000     34.315    10.9340  31.318891     2.3569 5.3098e-02    250.692     86.222     34.000    27.4413    20.9087    1484.60 0.0000e+00
        971 143.527126     33.000     33.306    10.8713  31.234081     2.4375 5.3079e-02    250.488     85.973     33.000    27.4062    20.8918    1484.32 0.0000e+00
        983 143.527159     32.000     32.296    10.7893  31.125767     2.5205 5.3068e-02    250.449     85.887     32.000    27.3627    20.8713    1483.95 0.0000e+00
        995 143.527193     31.000     31.287    10.7276  31.056201     2.6789 5.3081e-02    250.589     85.886     31.000    27.3415    20.8649    1483.69 0.0000e+00
       1007 143.527226     30.000     30.278    10.7028  31.028915     2.6310 5.3099e-02    251.148     86.020     30.000    27.3338    20.8630    1483.57 0.0000e+00
       1018 143.527262     29.000     29.268    10.6777  30.994428     2.7735 5.3106e-02    251.189     85.996     29.000    27.3194    20.8557    1483.45 0.0000e+00
       1030 143.527295     28.000     28.259    10.6535  30.965003     2.7287 5.3074e-02    251.232     85.990     28.000    27.3092    20.8517    1483.33 0.0000e+00
       1042 143.527327     27.000     27.250    10.6411  30.950340     2.7658 5.3079e-02    251.180     85.937     27.000    27.3045    20.8500    1483.26 0.0000e+00
       1053 143.527362     26.000     26.240    10.6300  30.934948     2.9484 5.3101e-02    250.896     85.746     26.000    27.2981    20.8468    1483.20 0.0000e+00
       1065 143.527394     25.000     25.231    10.6046  30.893369     2.7799 5.5303e-02    249.632     85.269     25.000    27.2769    20.8345    1483.07 0.0000e+00
       1076 143.527427     24.000     24.222    10.5676  30.844245     2.9529 6.4575e-02    248.104     84.729     24.000    27.2570    20.8249    1482.89 0.0000e+00
       1088 143.527463     23.000     23.213    10.5531  30.827081     2.8749 8.7143e-02    246.904     84.290     23.000    27.2514    20.8229    1482.82 0.0000e+00
       1099 143.527494     22.000     22.203    10.5440  30.808241     3.0056 1.1407e-01    244.534     83.460     22.000    27.2402    20.8156    1482.75 0.0000e+00
       1111 143.527530     21.000     21.194    10.5344  30.784914     3.2140 1.5369e-01    240.960     82.242     21.000    27.2250    20.8052    1482.68 0.0000e+00
       1123 143.527562     20.000     20.185    10.5314  30.767782     3.4940 1.9933e-01    237.018     80.912     20.000    27.2108    20.7947    1482.64 0.0000e+00
       1134 143.527596     19.000     19.175    10.5400  30.766171     3.8235 2.7147e-01    234.439     80.063     19.000    27.2032    20.7874    1482.65 0.0000e+00
       1146 143.527630     18.000     18.166    10.5527  30.773790     3.7622 3.7074e-01    229.654     78.466     18.000    27.2016    20.7841    1482.67 0.0000e+00
       1157 143.527662     17.000     17.157    10.5725  30.785814     4.4116 5.1226e-01    224.636     76.797     17.000    27.1989    20.7788    1482.72 0.0000e+00
       1168 143.527696     16.000     16.148    10.5977  30.803114     4.4396 7.2202e-01    218.258     74.703     16.000    27.1974    20.7736    1482.80 0.0000e+00
       1180 143.527727     15.000     15.138    10.6295  30.828862     4.6547 1.0314e+00    204.168     70.022     15.000    27.1992    20.7698    1482.90 0.0000e+00
       1191 143.527760     14.000     14.129    10.7013  30.888040     5.9190 1.5032e+00    188.420     64.806     14.000    27.2038    20.7619    1483.15 0.0000e+00
       1202 143.527792     13.000     13.120    10.8045  30.975041     7.8270 2.2963e+00    172.012     59.369     13.000    27.2121    20.7516    1483.51 0.0000e+00
       1213 143.527824     12.000     12.110    10.9482  31.097687    11.6834 3.7535e+00    157.002     54.344     12.000    27.2247    20.7378    1484.03 0.0000e+00
       1224 143.527858     11.000     11.101    11.0998  31.218379    15.3456 6.5252e+00    148.104     51.345     11.000    27.2295    20.7164    1484.56 0.0000e+00
       1235 143.527889     10.000     10.092    11.2139  31.284120    22.1985 1.2910e+01    156.791     54.398     10.000    27.2088    20.6814    1484.92 0.0000e+00
       1247 143.527921      9.000      9.083    11.2820  31.284458    26.9835 2.7356e+01    185.317     64.337      9.000    27.1594    20.6316    1485.09 0.0000e+00
       1258 143.527954      8.000      8.074    11.3314  31.272614    30.1125 4.9119e+01    217.857     75.889      8.000    27.1122    20.5867    1485.19 0.0000e+00
       1269 143.527986      7.000      7.064    11.3946  31.286915    16.2771 7.5239e+01    250.649     88.207      7.000    27.0800    20.5510    1485.36 0.0000e+00
       1280 143.528019      6.000      6.055    11.6575  31.466490     7.9550 1.1515e+02    284.816    102.553      6.000    27.0597    20.4905    1486.25 0.0000e+00
       1292 143.528051      5.000      5.046    12.4169  31.976788     7.1462 1.7600e+02    307.958    113.037      5.000    26.9918    20.3042    1488.80 0.0000e+00
       1304 143.528087      4.000      4.037    13.6814  32.675206     5.1036 2.5893e+02    310.570    114.924      4.000    26.7402    19.8754    1492.79 0.0000e+00
       1317 143.528125      3.000      3.027    14.4274  33.051678     3.5719 3.8508e+02    312.777    116.648      3.000    26.5630    19.5939    1495.05 0.0000e+00
       1333 143.528170      2.000      2.018    14.8997  33.331024     2.9430 5.9591e+02    312.515    116.899      2.000    26.4888    19.4420    1496.49 0.0000e+00
       1350 143.528222      1.000      1.009    15.1240  33.442954     2.3263 9.4702e+02    312.000    114.177      1.000    26.4357    19.3555    1497.14 0.0000e+00
