Loch_Etive/CTD_data_US/2025-05-23/sbe55_sbe19p_5215_20250523_re2.cnv
* Sea-Bird SBE 19plus Data File:
* FileName = C:\Data\sbe55_sbe19p_5215\2025-05-23\sbe55_sbe19p_5215_20250523_re2060.hex
* Software Version SeatermAF 2.1.4
* Temperature SN = 5215
* Conductivity SN = 5215
* System UpLoad Time = May 23 2025 12:50:21 (localtime) = May 23 2025 12:50:21 (UTC)
* ds
* SeacatPlus V 1.6b  SERIAL NO. 5215    23 May 2025  12:49:53
# nquan = 15                                
# nvalues = 1135                        
# units = specified
# name 0 = scan: Scan Count
# name 1 = timeJ: Julian Days
# name 2 = depSM: Depth [salt water, m], lat = 56.00
# name 3 = prdM: Pressure, Strain Gauge [db]
# name 4 = tv290C: Temperature [ITS-90, deg C]
# name 5 = c0mS/cm: Conductivity [mS/cm]
# name 6 = flECO-AFL: Fluorescence, WET Labs ECO-AFL/FL [mg/m^3]
# name 7 = par/sat/log: PAR/Logarithmic, Satlantic [umol photons/m^2/sec]
# name 8 = sbeox0Mm/L: Oxygen, SBE 43 [umol/l]
# name 9 = sbeox0PS: Oxygen, SBE 43 [% saturation]
# name 10 = depSM: Depth [salt water, m], lat = 56
# name 11 = sal00: Salinity, Practical [PSU]
# name 12 = sigma-é00: Density [sigma-theta, kg/m^3]
# name 13 = svCM: Sound Velocity [Chen-Millero, m/s]
# name 14 = flag: flag
# span 0 =        301,       1435       
# span 1 = 143.525192, 143.528473       
# span 2 =      0.071,     40.668       
# span 3 =      0.072,     41.045       
# span 4 =    10.5207,    15.2376       
# span 5 =   1.376117,  33.484856       
# span 6 =    -0.0963,   123.8794       
# span 7 = 5.2948e-02, 1.4905e+03       
# span 8 =    144.302,    337.645       
# span 9 =     49.994,    117.442       
# span 10 =      0.071,     40.668      
# span 11 =     0.8734,    27.5767      
# span 12 =    -0.1709,    20.9825      
# span 13 =    1465.24,    1497.46      
# span 14 = 0.0000e+00, 0.0000e+00      
# interval = seconds: 0.25
# start_time = May 23 2025 12:35:01 [Instrument's time stamp, header]
# bad_flag = -9.990e-29
*END*
[from data line 964]
       1265 143.527969      7.366      7.434    11.3555  31.264347    24.7797 6.4265e+01    239.477     83.829      7.366    27.0868    20.5629    1485.24 0.0000e+00
       1266 143.527985      7.276      7.343    11.3615  31.266129    19.5783 6.7178e+01    242.074     84.796      7.276    27.0842    20.5599    1485.25 0.0000e+00
       1267 143.527985      7.187      7.253    11.3686  31.268732    19.5745 6.9734e+01    244.718     85.775      7.187    27.0815    20.5566    1485.28 0.0000e+00
       1268 143.527985      7.097      7.163    11.3763  31.272345    16.2118 7.0979e+01    247.614     86.845      7.097    27.0794    20.5536    1485.30 0.0000e+00
       1269 143.527985      7.008      7.073    11.3845  31.277655    16.2118 7.2625e+01    250.464     87.901      7.008    27.0785    20.5516    1485.32 0.0000e+00
       1270 143.527985      6.920      6.983    11.3944  31.285486    13.0360 7.5208e+01    253.145     88.999      6.920    27.0787    20.5501    1485.36 0.0000e+00
       1271 143.527985      6.831      6.894    11.4077  31.295954    13.0341 7.9515e+01    255.441     90.107      6.831    27.0791    20.5481    1485.41 0.0000e+00
       1272 143.528000      6.743      6.805    11.4249  31.307762    11.1019 8.4750e+01    258.145     91.372      6.743    27.0778    20.5442    1485.46 0.0000e+00
       1273 143.528000      6.654      6.715    11.4446  31.319735    11.0943 8.8515e+01    261.382     92.681      6.654    27.0749    20.5386    1485.53 0.0000e+00
       1274 143.528000      6.565      6.625    11.4647  31.332788    11.0905 9.0925e+01    264.671     93.935      6.565    27.0727    20.5335    1485.60 0.0000e+00
       1275 143.528000      6.475      6.535    11.4851  31.348274     9.2021 9.2366e+01    267.853     95.164      6.475    27.0726    20.5300    1485.67 0.0000e+00
       1276 143.528000      6.386      6.445    11.5079  31.367037     9.1869 9.5775e+01    271.119     96.569      6.386    27.0739    20.5271    1485.75 0.0000e+00
       1277 143.528015      6.298      6.356    11.5350  31.389668     8.7272 1.0117e+02    274.499     98.075      6.298    27.0757    20.5239    1485.84 0.0000e+00
       1278 143.528015      6.209      6.266    11.5674  31.414076     8.7196 1.0431e+02    277.565     99.563      6.209    27.0753    20.5181    1485.96 0.0000e+00
       1279 143.528015      6.119      6.176    11.6045  31.437437     7.9471 1.0887e+02    280.590    100.969      6.119    27.0706    20.5081    1486.08 0.0000e+00
       1280 143.528015      6.029      6.085    11.6434  31.459354     7.9471 1.1579e+02    284.036    102.436      6.029    27.0631    20.4956    1486.21 0.0000e+00
       1281 143.528015      5.939      5.994    11.6821  31.481171     8.5441 1.2210e+02    287.732    103.833      5.939    27.0557    20.4832    1486.33 0.0000e+00
       1282 143.528030      5.848      5.902    11.7208  31.504395     8.5670 1.2611e+02    290.710    105.013      5.848    27.0496    20.4719    1486.46 0.0000e+00
       1283 143.528030      5.758      5.811    11.7602  31.529541     7.2299 1.2675e+02    293.558    106.233      5.758    27.0449    20.4614    1486.59 0.0000e+00
       1284 143.528030      5.667      5.719    11.8010  31.557051     7.2318 1.2780e+02    296.527    107.473      5.667    27.0414    20.4516    1486.73 0.0000e+00
       1285 143.528030      5.578      5.629    11.8448  31.588903     6.7645 1.3342e+02    298.333    108.374      5.578    27.0397    20.4428    1486.88 0.0000e+00
       1286 143.528030      5.489      5.539    11.8946  31.629797     6.7721 1.4349e+02    300.210    109.398      5.489    27.0423    20.4361    1487.06 0.0000e+00
       1287 143.528046      5.400      5.450    11.9551  31.686281     6.8523 1.5631e+02    302.280    110.453      5.400    27.0518    20.4330    1487.28 0.0000e+00
       1288 143.528046      5.311      5.360    12.0339  31.756302     6.8465 1.5652e+02    304.385    111.378      5.311    27.0609    20.4262    1487.56 0.0000e+00
       1289 143.528046      5.222      5.270    12.1342  31.823456     7.5542 1.5233e+02    306.270    112.186      5.222    27.0515    20.4013    1487.90 0.0000e+00
       1290 143.528046      5.132      5.179    12.2454  31.877056     7.5504 1.5273e+02    307.787    112.875      5.132    27.0217    20.3585    1488.25 0.0000e+00
       1291 143.528046      5.041      5.088    12.3507  31.926117     7.7754 1.6766e+02    308.988    113.417      5.041    26.9918    20.3167    1488.58 0.0000e+00
       1292 143.528046      4.952      4.997    12.4466  31.984228     7.7640 1.9366e+02    309.980    113.870      4.952    26.9774    20.2883    1488.89 0.0000e+00
       1293 143.528061      4.863      4.908    12.5437  32.055576     7.2280 2.0266e+02    310.555    114.197      4.863    26.9743    20.2685    1489.22 0.0000e+00
       1294 143.528061      4.776      4.820    12.6542  32.134762     7.2089 1.8413e+02    310.847    114.425      4.776    26.9689    20.2443    1489.59 0.0000e+00
       1295 143.528061      4.691      4.734    12.7804  32.214390     6.7435 1.8421e+02    311.182    114.632      4.691    26.9527    20.2088    1490.01 0.0000e+00
       1296 143.528061      4.606      4.648    12.9147  32.287060     6.7245 1.9932e+02    311.482    114.777      4.606    26.9243    20.1622    1490.43 0.0000e+00
       1297 143.528061      4.522      4.563    13.0455  32.343922     6.7397 2.1870e+02    311.407    114.786      4.522    26.8840    20.1069    1490.83 0.0000e+00
       1298 143.528076      4.438      4.479    13.1603  32.389275     6.2266 2.3505e+02    311.230    114.769      4.438    26.8446    20.0551    1491.17 0.0000e+00
       1299 143.528076      4.357      4.397    13.2553  32.437729     6.2095 2.3387e+02    310.974    114.714      4.357    26.8220    20.0199    1491.46 0.0000e+00
       1300 143.528076      4.278      4.317    13.3416  32.491776     6.0149 2.4341e+02    310.662    114.638      4.278    26.8107    19.9950    1491.74 0.0000e+00
       1301 143.528076      4.202      4.240    13.4306  32.547562     6.0302 2.3789e+02    310.170    114.543      4.202    26.7992    19.9693    1492.03 0.0000e+00
       1302 143.528076      4.127      4.165    13.5245  32.609638     5.6029 2.3321e+02    309.599    114.458      4.127    26.7899    19.9444    1492.33 0.0000e+00
       1303 143.528091      4.053      4.090    13.6258  32.675560     5.6106 2.2609e+02    309.463    114.523      4.053    26.7790    19.9166    1492.66 0.0000e+00
       1304 143.528091      3.978      4.014    13.7350  32.730694     4.6874 2.5151e+02    309.733    114.666      3.978    26.7527    19.8755    1492.99 0.0000e+00
       1305 143.528091      3.901      3.937    13.8410  32.772377     4.7026 2.7882e+02    310.205    114.864      3.901    26.7167    19.8272    1493.30 0.0000e+00
       1306 143.528091      3.823      3.859    13.9324  32.808228     4.4394 2.6901e+02    310.557    115.039      3.823    26.6856    19.7856    1493.57 0.0000e+00
       1307 143.528091      3.746      3.781    14.0089  32.840733     4.4165 2.7876e+02    310.827    115.229      3.746    26.6619    19.7525    1493.80 0.0000e+00
       1308 143.528091      3.670      3.704    14.0750  32.869949     4.0065 2.9070e+02    311.276    115.501      3.670    26.6425    19.7247    1493.99 0.0000e+00
       1309 143.528107      3.596      3.629    14.1328  32.896721     4.0274 2.9402e+02    311.717    115.756      3.596    26.6266    19.7011    1494.16 0.0000e+00
       1310 143.528107      3.523      3.555    14.1846  32.922527     3.7432 3.1925e+02    311.810    115.896      3.523    26.6141    19.6813    1494.32 0.0000e+00
       1311 143.528107      3.450      3.482    14.2326  32.946323     3.7318 2.9498e+02    312.008    116.111      3.450    26.6024    19.6629    1494.46 0.0000e+00
       1312 143.528107      3.376      3.407    14.2772  32.964836     3.9397 2.9614e+02    312.529    116.396      3.376    26.5883    19.6433    1494.59 0.0000e+00
       1313 143.528107      3.301      3.332    14.3158  32.978947     3.9340 3.5445e+02    313.067    116.617      3.301    26.5745    19.6250    1494.70 0.0000e+00
       1314 143.528122      3.227      3.256    14.3472  32.992607     3.6669 3.7467e+02    313.293    116.708      3.227    26.5651    19.6116    1494.79 0.0000e+00
       1315 143.528122      3.153      3.182    14.3738  33.007710     3.6822 3.6244e+02    313.254    116.731      3.153    26.5604    19.6026    1494.87 0.0000e+00
       1316 143.528122      3.081      3.109    14.3988  33.023636     3.4400 3.7190e+02    313.009    116.690      3.081    26.5575    19.5955    1494.95 0.0000e+00
       1317 143.528122      3.010      3.037    14.4238  33.041466     3.4438 3.5795e+02    312.990    116.740      3.010    26.5563    19.5896    1495.03 0.0000e+00
       1318 143.528122      2.939      2.966    14.4503  33.064175     3.5010 3.5437e+02    312.734    116.714      2.939    26.5584    19.5859    1495.12 0.0000e+00
       1319 143.528137      2.869      2.895    14.4810  33.089539     3.5067 3.8816e+02    312.584    116.702      2.869    26.5599    19.5810    1495.22 0.0000e+00
       1320 143.528137      2.798      2.824    14.5167  33.110909     3.4133 5.1223e+02    312.779    116.781      2.798    26.5545    19.5697    1495.33 0.0000e+00
       1321 143.528137      2.727      2.752    14.5530  33.126862     3.4285 4.3342e+02    312.631    116.732      2.727    26.5439    19.5543    1495.44 0.0000e+00
       1322 143.528137      2.656      2.680    14.5850  33.142258     3.4075 4.3713e+02    312.718    116.794      2.656    26.5357    19.5416    1495.53 0.0000e+00
       1323 143.528137      2.586      2.610    14.6131  33.161846     3.2244 4.2946e+02    312.853    116.882      2.586    26.5340    19.5347    1495.62 0.0000e+00
       1324 143.528152      2.518      2.541    14.6415  33.186298     3.2168 4.6307e+02    313.102    117.006      2.518    26.5362    19.5307    1495.71 0.0000e+00
       1325 143.528152      2.452      2.475    14.6742  33.212124     3.2454 4.4048e+02    312.953    116.973      2.452    26.5368    19.5246    1495.82 0.0000e+00
       1326 143.528152      2.389      2.410    14.7114  33.236397     3.2588 5.1582e+02    313.071    117.036      2.389    26.5330    19.5142    1495.94 0.0000e+00
       1327 143.528152      2.326      2.348    14.7506  33.260887     3.1577 5.0900e+02    312.889    116.976      2.326    26.5280    19.5024    1496.06 0.0000e+00
       1328 143.528152      2.265      2.286    14.7906  33.285316     3.1653 5.8191e+02    312.759    116.927      2.265    26.5224    19.4900    1496.18 0.0000e+00
       1329 143.528152      2.204      2.224    14.8306  33.303291     3.1424 5.3079e+02    312.667    116.894      2.204    26.5111    19.4733    1496.30 0.0000e+00
       1330 143.528168      2.144      2.163    14.8662  33.313637     3.1176 5.3685e+02    312.588    116.871      2.144    26.4960    19.4545    1496.40 0.0000e+00
       1331 143.528168      2.085      2.104    14.8934  33.323090     2.8258 5.4991e+02    312.441    116.826      2.085    26.4859    19.4412    1496.47 0.0000e+00
       1332 143.528168      2.027      2.046    14.9144  33.335064     2.8277 5.8855e+02    312.305    116.799      2.027    26.4823    19.4341    1496.53 0.0000e+00
       1333 143.528168      1.971      1.989    14.9339  33.347923     2.8582 6.4242e+02    312.037    116.733      1.971    26.4804    19.4287    1496.59 0.0000e+00
       1334 143.528168      1.916      1.933    14.9540  33.360855     2.8487 5.8881e+02    312.096    116.782      1.916    26.4782    19.4229    1496.66 0.0000e+00
       1335 143.528183      1.860      1.877    14.9745  33.373310     2.8792 5.5437e+02    312.320    116.873      1.860    26.4753    19.4165    1496.72 0.0000e+00
       1336 143.528183      1.804      1.821    14.9947  33.382294     2.8964 7.2267e+02    312.308    116.871      1.804    26.4695    19.4079    1496.78 0.0000e+00
       1337 143.528183      1.747      1.763    15.0128  33.387180     2.8544 6.4509e+02    312.314    116.887      1.747    26.4616    19.3982    1496.82 0.0000e+00
       1338 143.528183      1.690      1.706    15.0266  33.392380     2.8525 6.6077e+02    312.342    116.919      1.690    26.4569    19.3917    1496.86 0.0000e+00
       1339 143.528183      1.634      1.649    15.0377  33.399940     2.6427 7.3252e+02    312.458    116.974      1.634    26.4560    19.3888    1496.90 0.0000e+00
       1340 143.528198      1.578      1.592    15.0488  33.407394     2.6408 6.7301e+02    312.494    116.989      1.578    26.4551    19.3858    1496.93 0.0000e+00
       1341 143.528198      1.522      1.536    15.0605  33.413383     2.5816 7.3959e+02    312.587    117.030      1.522    26.4525    19.3814    1496.96 0.0000e+00
       1342 143.528198      1.465      1.479    15.0716  33.418259     2.5683 7.1905e+02    312.558    117.028      1.465    26.4493    19.3767    1497.00 0.0000e+00
       1343 143.528198      1.408      1.421    15.0812  33.421932     2.5702 6.8114e+02    312.368    116.972      1.408    26.4460    19.3722    1497.02 0.0000e+00
       1344 143.528198      1.350      1.363    15.0893  33.424065     2.5797 9.8864e+02    312.256    116.940      1.350    26.4425    19.3678    1497.04 0.0000e+00
       1345 143.528214      1.292      1.304    15.0955  33.425358     2.5626 7.6139e+02    311.937    116.828      1.292    26.4394    19.3642    1497.06 0.0000e+00
       1346 143.528214      1.235      1.246    15.1000  33.427155     2.3909 8.4979e+02    311.747    116.761      1.235    26.4380    19.3622    1497.07 0.0000e+00
       1347 143.528214      1.178      1.189    15.1039  33.430054     2.3890 9.1011e+02    311.193    116.545      1.178    26.4379    19.3613    1497.08 0.0000e+00
       1348 143.528214      1.122      1.132    15.1081  33.434189     2.3776 1.0047e+03    310.393    116.234      1.122    26.4387    19.3611    1497.10 0.0000e+00
       1349 143.528214      1.066      1.076    15.1134  33.439644     2.3604 8.4277e+02    309.325    115.822      1.066    26.4399    19.3609    1497.11 0.0000e+00
       1350 143.528214      1.011      1.020    15.1203  33.445580     2.3909 8.3053e+02    308.274    115.426      1.011    26.4405    19.3599    1497.14 0.0000e+00
       1351 143.528229      0.956      0.965    15.1285  33.450077     2.3795 8.1954e+02    307.183    114.981      0.956    26.4389    19.3570    1497.16 0.0000e+00
       1352 143.528229      0.901      0.910    15.1368  33.452473     2.3432 8.7982e+02    305.489    114.296      0.901    26.4354    19.3527    1497.18 0.0000e+00
       1353 143.528229      0.848      0.856    15.1437  33.454441     2.3165 1.0247e+03    303.691    113.578      0.848    26.4326    19.3490    1497.20 0.0000e+00
       1354 143.528229      0.795      0.803    15.1492  33.457283     2.2078 1.0162e+03    302.335    113.036      0.795    26.4313    19.3470    1497.22 0.0000e+00
       1355 143.528229      0.744      0.751    15.1545  33.460213     2.1944 1.1828e+03    301.210    112.588      0.744    26.4303    19.3451    1497.23 0.0000e+00
       1356 143.528244      0.694      0.700    15.1601  33.461857     2.0476 1.2076e+03    300.315    112.051      0.694    26.4280    19.3422    1497.24 0.0000e+00
       1357 143.528244      0.645      0.650    15.1652  33.462177     2.0457 1.0967e+03    337.645    110.841      0.645    26.4249    19.3387    1497.26 0.0000e+00
       1358 143.528244      0.596      0.601    15.1693  33.462269     2.0304 1.1283e+03    333.605    108.798      0.596    26.4222    19.3358    1497.27 0.0000e+00
       1359 143.528244      0.547      0.552    15.1728  33.462029     2.0285 1.1547e+03    324.400    106.053      0.547    26.4197    19.3331    1497.27 0.0000e+00
       1360 143.528244      0.500      0.504    15.1765  33.459961     1.9007 1.1664e+03    313.418    102.654      0.500    26.4154    19.3291    1497.28 0.0000e+00
