Loch_Etive/CTD_data_US/2025-05-23/sbe55_sbe19p_5215_20250523_re5.cnv
* Sea-Bird SBE 19plus Data File:
* FileName = C:\Data\sbe55_sbe19p_5215\2025-05-23\sbe55_sbe19p_5215_20250523_re5059.hex
* Software Version SeatermAF 2.1.4
* Temperature SN = 5215
* Conductivity SN = 5215
* System UpLoad Time = May 23 2025 11:39:30 (localtime) = May 23 2025 11:39:30 (UTC)
* ds
* SeacatPlus V 1.6b  SERIAL NO. 5215    23 May 2025  11:39:03
# nquan = 15                                
# nvalues = 3236                        
# units = specified
# name 0 = scan: Scan Count
# name 1 = timeJ: Julian Days
# name 2 = depSM: Depth [salt water, m], lat = 56.00
# name 3 = prdM: Pressure, Strain Gauge [db]
# name 4 = tv290C: Temperature [ITS-90, deg C]
# name 5 = c0mS/cm: Conductivity [mS/cm]
# name 6 = flECO-AFL: Fluorescence, WET Labs ECO-AFL/FL [mg/m^3]
# name 7 = par/sat/log: PAR/Logarithmic, Satlantic [umol photons/m^2/sec]
# name 8 = sbeox0Mm/L: Oxygen, SBE 43 [umol/l]
# name 9 = sbeox0PS: Oxygen, SBE 43 [% saturation]
# name 10 = depSM: Depth [salt water, m], lat = 56
# name 11 = sal00: Salinity, Practical [PSU]
# name 12 = sigma-é00: Density [sigma-theta, kg/m^3]
# name 13 = svCM: Sound Velocity [Chen-Millero, m/s]
# name 14 = flag: flag
# span 0 =        301,       3536       
# span 1 = 143.472931, 143.482285       
# span 2 =      0.070,    142.984       
# span 3 =      0.070,    144.348       
# span 4 =    10.4044,    14.6882       
# span 5 =   0.811182,  32.849548       
# span 6 =    -0.1402,   123.8699       
# span 7 = 5.2936e-02, 2.9404e+03       
# span 8 =    166.060,    332.915       
# span 9 =     57.212,    114.528       
# span 10 =      0.070,    142.984      
# span 11 =     0.5194,    27.9805      
# span 12 =    -0.2671,    21.1755      
# span 13 =    1460.82,    1495.46      
# span 14 = 0.0000e+00, 0.0000e+00      
# interval = seconds: 0.25
# start_time = May 23 2025 11:19:46 [Instrument's time stamp, header]
# bad_flag = -9.990e-29
*END*
[from data line 1735]
       2036 143.477951    137.968    139.282    11.8391  32.625477     3.6822 5.3168e-02    272.283     96.058    137.968    27.9785    21.1739    1490.18 0.0000e+00
       2037 143.477951    137.883    139.196    11.8390  32.625362     3.6765 5.3098e-02    272.482     96.128    137.883    27.9785    21.1739    1490.17 0.0000e+00
       2038 143.477951    137.797    139.109    11.8389  32.625298     3.8252 5.3098e-02    272.518     96.141    137.797    27.9785    21.1739    1490.17 0.0000e+00
       2039 143.477951    137.710    139.021    11.8388  32.625275     3.8233 5.3087e-02    272.414     96.104    137.710    27.9786    21.1740    1490.17 0.0000e+00
       2040 143.477966    137.623    138.934    11.8388  32.625286     3.5925 5.2959e-02    272.481     96.127    137.623    27.9786    21.1740    1490.17 0.0000e+00
       2041 143.477966    137.536    138.846    11.8388  32.625301     3.5735 5.3075e-02    272.459     96.120    137.536    27.9787    21.1741    1490.17 0.0000e+00
       2042 143.477966    137.449    138.758    11.8388  32.625305     3.7947 5.3110e-02    272.418     96.106    137.449    27.9787    21.1741    1490.17 0.0000e+00
       2043 143.477966    137.362    138.670    11.8388  32.625305     3.7966 5.3075e-02    272.497     96.133    137.362    27.9787    21.1741    1490.17 0.0000e+00
       2044 143.477966    137.276    138.583    11.8388  32.625301     3.7165 5.3017e-02    272.336     96.076    137.276    27.9788    21.1741    1490.16 0.0000e+00
       2045 143.477982    137.189    138.496    11.8388  32.625313     3.7566 5.3168e-02    272.339     96.078    137.189    27.9788    21.1742    1490.16 0.0000e+00
       2046 143.477982    137.103    138.409    11.8388  32.625343     3.5639 5.3214e-02    272.236     96.042    137.103    27.9789    21.1742    1490.16 0.0000e+00
       2047 143.477982    137.017    138.322    11.8388  32.625359     3.5601 5.3006e-02    272.126     96.003    137.017    27.9789    21.1743    1490.16 0.0000e+00
       2048 143.477982    136.931    138.235    11.8388  32.625340     3.9550 5.3238e-02    272.063     95.981    136.931    27.9790    21.1743    1490.16 0.0000e+00
       2049 143.477982    136.844    138.147    11.8388  32.625301     3.9550 5.3098e-02    272.047     95.975    136.844    27.9790    21.1743    1490.16 0.0000e+00
       2050 143.477982    136.756    138.058    11.8388  32.625259     3.7566 5.3098e-02    272.166     96.017    136.756    27.9790    21.1743    1490.16 0.0000e+00
       2051 143.477997    136.668    137.970    11.8388  32.625202     3.7757 5.3029e-02    272.136     96.006    136.668    27.9790    21.1743    1490.15 0.0000e+00
       2052 143.477997    136.581    137.881    11.8388  32.625149     3.6688 5.3156e-02    272.150     96.011    136.581    27.9789    21.1742    1490.15 0.0000e+00
       2053 143.477997    136.494    137.794    11.8388  32.625122     3.6765 5.3064e-02    272.281     96.057    136.494    27.9789    21.1743    1490.15 0.0000e+00
       2054 143.477997    136.409    137.707    11.8388  32.625107     3.7394 5.3098e-02    272.318     96.070    136.409    27.9790    21.1743    1490.15 0.0000e+00
       2055 143.477997    136.324    137.622    11.8388  32.625095     3.7356 5.3064e-02    272.391     96.096    136.324    27.9790    21.1743    1490.15 0.0000e+00
       2056 143.478012    136.240    137.537    11.8388  32.625099     4.0236 5.3052e-02    272.537     96.147    136.240    27.9790    21.1743    1490.15 0.0000e+00
       2057 143.478012    136.157    137.453    11.8388  32.625099     4.0503 5.3075e-02    272.652     96.188    136.157    27.9790    21.1743    1490.15 0.0000e+00
       2058 143.478012    136.074    137.369    11.8388  32.625084     3.5143 5.3029e-02    272.697     96.204    136.074    27.9790    21.1743    1490.14 0.0000e+00
       2059 143.478012    135.991    137.286    11.8388  32.625061     3.5048 5.3156e-02    272.631     96.179    135.991    27.9790    21.1743    1490.14 0.0000e+00
       2060 143.478012    135.909    137.202    11.8388  32.625050     3.5143 5.3110e-02    272.601     96.167    135.909    27.9790    21.1743    1490.14 0.0000e+00
       2061 143.478027    135.826    137.119    11.8388  32.625042     3.7203 5.3064e-02    272.644     96.182    135.826    27.9791    21.1743    1490.14 0.0000e+00
       2062 143.478027    135.744    137.036    11.8388  32.625042     3.7108 5.3098e-02    272.598     96.166    135.744    27.9791    21.1743    1490.14 0.0000e+00
       2063 143.478027    135.662    136.953    11.8389  32.625057     3.6688 5.3110e-02    272.554     96.150    135.662    27.9791    21.1743    1490.14 0.0000e+00
       2064 143.478027    135.580    136.870    11.8389  32.625080     3.6879 5.3040e-02    272.551     96.148    135.580    27.9791    21.1743    1490.14 0.0000e+00
       2065 143.478027    135.498    136.788    11.8389  32.625084     3.7985 5.3098e-02    272.494     96.126    135.498    27.9791    21.1744    1490.14 0.0000e+00
       2066 143.478043    135.416    136.705    11.8390  32.625015     3.7985 5.3133e-02    272.584     96.156    135.416    27.9791    21.1743    1490.13 0.0000e+00
       2067 143.478043    135.334    136.622    11.8390  32.624901     3.7642 5.3029e-02    272.617     96.166    135.334    27.9790    21.1742    1490.13 0.0000e+00
       2068 143.478043    135.253    136.540    11.8390  32.624779     3.7699 5.3075e-02    272.289     96.050    135.253    27.9789    21.1741    1490.13 0.0000e+00
       2069 143.478043    135.172    136.458    11.8390  32.624634     3.6517 5.3249e-02    272.366     96.078    135.172    27.9788    21.1741    1490.13 0.0000e+00
       2070 143.478043    135.090    136.375    11.8389  32.624512     3.6536 5.3098e-02    272.357     96.074    135.090    27.9788    21.1741    1490.13 0.0000e+00
       2071 143.478043    135.007    136.292    11.8388  32.624413     3.6803 5.3098e-02    272.088     95.978    135.007    27.9788    21.1741    1490.13 0.0000e+00
       2072 143.478058    134.924    136.208    11.8388  32.624325     3.6650 5.3052e-02    271.993     95.941    134.924    27.9787    21.1741    1490.13 0.0000e+00
       2073 143.478058    134.842    136.125    11.8387  32.624210     3.8939 5.3087e-02    271.860     95.892    134.842    27.9787    21.1740    1490.12 0.0000e+00
       2074 143.478058    134.760    136.042    11.8387  32.624027     3.9092 5.3133e-02    271.765     95.858    134.760    27.9786    21.1739    1490.12 0.0000e+00
       2075 143.478058    134.678    135.960    11.8387  32.623703     4.0026 5.3098e-02    271.843     95.885    134.678    27.9783    21.1738    1490.12 0.0000e+00
       2076 143.478058    134.596    135.877    11.8386  32.623199     4.0141 5.3075e-02    271.802     95.871    134.596    27.9780    21.1735    1490.12 0.0000e+00
       2077 143.478073    134.513    135.793    11.8384  32.622646     3.6440 5.3098e-02    271.839     95.884    134.513    27.9776    21.1732    1490.12 0.0000e+00
       2078 143.478073    134.430    135.709    11.8382  32.622181     3.6421 5.3156e-02    272.037     95.953    134.430    27.9774    21.1731    1490.11 0.0000e+00
       2079 143.478073    134.346    135.625    11.8379  32.621723     3.7108 5.3098e-02    272.090     95.972    134.346    27.9771    21.1729    1490.11 0.0000e+00
       2080 143.478073    134.263    135.540    11.8377  32.621128     3.7242 5.3133e-02    272.215     96.015    134.263    27.9767    21.1727    1490.11 0.0000e+00
       2081 143.478073    134.179    135.456    11.8375  32.620384     3.9473 5.3110e-02    272.342     96.059    134.179    27.9762    21.1723    1490.11 0.0000e+00
       2082 143.478088    134.096    135.371    11.8373  32.619423     3.9607 5.3156e-02    272.414     96.084    134.096    27.9755    21.1718    1490.10 0.0000e+00
       2083 143.478088    134.012    135.287    11.8370  32.618275     3.9397 5.3133e-02    272.177     96.000    134.012    27.9747    21.1712    1490.10 0.0000e+00
       2084 143.478088    133.928    135.202    11.8366  32.617264     3.8634 5.3052e-02    272.176     96.000    133.928    27.9741    21.1708    1490.10 0.0000e+00
       2085 143.478088    133.844    135.118    11.8362  32.616558     3.8710 5.3110e-02    272.365     96.067    133.844    27.9737    21.1706    1490.09 0.0000e+00
       2086 143.478088    133.761    135.033    11.8359  32.615967     3.7928 5.3110e-02    272.372     96.069    133.761    27.9734    21.1704    1490.09 0.0000e+00
       2087 143.478104    133.678    134.949    11.8356  32.615341     3.7909 5.3064e-02    272.432     96.090    133.678    27.9730    21.1702    1490.09 0.0000e+00
       2088 143.478104    133.595    134.866    11.8354  32.614456     4.0141 5.3087e-02    272.495     96.113    133.595    27.9724    21.1697    1490.08 0.0000e+00
       2089 143.478104    133.512    134.782    11.8351  32.613102     4.0084 5.3064e-02    272.352     96.062    133.512    27.9714    21.1690    1490.08 0.0000e+00
       2090 143.478104    133.429    134.698    11.8347  32.611576     3.7909 5.3145e-02    272.574     96.141    133.429    27.9702    21.1681    1490.08 0.0000e+00
       2091 143.478104    133.345    134.613    11.8343  32.610458     3.8043 5.3087e-02    272.575     96.141    133.345    27.9695    21.1676    1490.07 0.0000e+00
       2092 143.478104    133.261    134.528    11.8339  32.609898     3.7470 5.3029e-02    272.633     96.161    133.261    27.9693    21.1676    1490.07 0.0000e+00
       2093 143.478119    133.177    134.444    11.8336  32.609612     3.7413 5.3133e-02    272.717     96.190    133.177    27.9693    21.1676    1490.07 0.0000e+00
       2094 143.478119    133.094    134.360    11.8335  32.609322     3.4323 5.3052e-02    272.904     96.256    133.094    27.9691    21.1675    1490.06 0.0000e+00
       2095 143.478119    133.013    134.278    11.8334  32.608891     3.4285 5.3145e-02    272.960     96.277    133.013    27.9688    21.1673    1490.06 0.0000e+00
       2096 143.478119    132.932    134.196    11.8333  32.608341     3.9340 5.3098e-02    272.992     96.288    132.932    27.9684    21.1670    1490.06 0.0000e+00
       2097 143.478119    132.850    134.114    11.8332  32.607708     3.9206 5.3098e-02    273.151     96.344    132.850    27.9679    21.1666    1490.06 0.0000e+00
       2098 143.478134    132.769    134.032    11.8331  32.607033     3.6193 5.3191e-02    272.868     96.245    132.769    27.9674    21.1662    1490.06 0.0000e+00
       2099 143.478134    132.687    133.949    11.8330  32.606441     3.6097 5.3040e-02    272.848     96.238    132.687    27.9669    21.1659    1490.05 0.0000e+00
       2100 143.478134    132.605    133.866    11.8329  32.606079     3.4495 5.3098e-02    272.580     96.143    132.605    27.9667    21.1657    1490.05 0.0000e+00
       2101 143.478134    132.524    133.784    11.8329  32.605877     3.4857 5.3098e-02    272.548     96.132    132.524    27.9665    21.1656    1490.05 0.0000e+00
       2102 143.478134    132.443    133.703    11.8329  32.605709     3.5029 5.3087e-02    272.498     96.115    132.443    27.9664    21.1655    1490.05 0.0000e+00
       2103 143.478149    132.363    133.622    11.8329  32.605518     3.5258 5.3180e-02    272.460     96.102    132.363    27.9662    21.1653    1490.05 0.0000e+00
       2104 143.478149    132.283    133.541    11.8329  32.605320     3.8405 5.3133e-02    272.521     96.123    132.283    27.9660    21.1652    1490.05 0.0000e+00
       2105 143.478149    132.202    133.459    11.8330  32.605179     3.8195 5.3214e-02    272.611     96.155    132.202    27.9659    21.1651    1490.04 0.0000e+00
       2106 143.478149    132.122    133.378    11.8330  32.605141     3.7356 5.3214e-02    272.732     96.198    132.122    27.9659    21.1651    1490.04 0.0000e+00
       2107 143.478149    132.042    133.298    11.8329  32.605137     3.7108 5.3029e-02    272.782     96.216    132.042    27.9659    21.1651    1490.04 0.0000e+00
       2108 143.478149    131.962    133.217    11.8329  32.605083     3.6955 5.3133e-02    272.863     96.244    131.962    27.9659    21.1651    1490.04 0.0000e+00
       2109 143.478165    131.883    133.137    11.8329  32.604961     3.6784 5.3156e-02    272.735     96.199    131.883    27.9658    21.1650    1490.04 0.0000e+00
       2110 143.478165    131.803    133.056    11.8329  32.604797     3.6822 5.3052e-02    272.770     96.211    131.803    27.9657    21.1649    1490.04 0.0000e+00
       2111 143.478165    131.722    132.975    11.8330  32.604633     4.1075 5.3133e-02    272.818     96.228    131.722    27.9656    21.1648    1490.04 0.0000e+00
       2112 143.478165    131.641    132.893    11.8330  32.604500     4.1114 5.3087e-02    272.830     96.233    131.641    27.9654    21.1647    1490.03 0.0000e+00
       2113 143.478165    131.560    132.811    11.8331  32.604427     3.6059 5.3098e-02    272.723     96.195    131.560    27.9653    21.1646    1490.03 0.0000e+00
       2114 143.478180    131.479    132.729    11.8332  32.604416     3.6212 5.3145e-02    272.452     96.100    131.479    27.9652    21.1645    1490.03 0.0000e+00
       2115 143.478180    131.398    132.648    11.8333  32.604431     3.5773 5.3075e-02    272.431     96.092    131.398    27.9652    21.1645    1490.03 0.0000e+00
       2116 143.478180    131.318    132.567    11.8334  32.604443     3.5868 5.3064e-02    272.148     95.993    131.318    27.9652    21.1644    1490.03 0.0000e+00
       2117 143.478180    131.239    132.487    11.8335  32.604439     3.9302 5.3075e-02    272.137     95.990    131.239    27.9651    21.1644    1490.03 0.0000e+00
       2118 143.478180    131.160    132.407    11.8336  32.604408     3.9130 5.3087e-02    272.121     95.984    131.160    27.9651    21.1643    1490.03 0.0000e+00
       2119 143.478195    131.081    132.327    11.8337  32.604366     4.1609 5.3098e-02    272.093     95.974    131.081    27.9650    21.1642    1490.03 0.0000e+00
       2120 143.478195    131.001    132.246    11.8338  32.604324     4.1667 5.3110e-02    272.135     95.989    131.001    27.9649    21.1641    1490.03 0.0000e+00
       2121 143.478195    130.920    132.165    11.8339  32.604305     3.6803 5.3110e-02    272.361     96.068    130.920    27.9649    21.1641    1490.02 0.0000e+00
       2122 143.478195    130.839    132.082    11.8339  32.604294     3.6669 5.3098e-02    272.424     96.091    130.839    27.9649    21.1641    1490.02 0.0000e+00
       2123 143.478195    130.757    132.000    11.8339  32.604301     3.4400 5.3156e-02    272.674     96.180    130.757    27.9649    21.1641    1490.02 0.0000e+00
       2124 143.478210    130.676    131.918    11.8340  32.604332     3.4438 5.3064e-02    272.737     96.202    130.676    27.9649    21.1641    1490.02 0.0000e+00
       2125 143.478210    130.595    131.836    11.8340  32.604355     3.6593 5.3110e-02    272.785     96.220    130.595    27.9649    21.1641    1490.02 0.0000e+00
       2126 143.478210    130.514    131.754    11.8340  32.604359     3.6555 5.3133e-02    272.599     96.154    130.514    27.9649    21.1641    1490.02 0.0000e+00
       2127 143.478210    130.433    131.672    11.8341  32.604359     3.4304 5.3168e-02    272.712     96.194    130.433    27.9649    21.1641    1490.02 0.0000e+00
       2128 143.478210    130.352    131.591    11.8341  32.604389     3.4285 5.3110e-02    272.519     96.126    130.352    27.9650    21.1641    1490.02 0.0000e+00
       2129 143.478210    130.270    131.508    11.8341  32.604424     3.5010 5.3180e-02    272.444     96.100    130.270    27.9650    21.1641    1490.02 0.0000e+00
       2130 143.478226    130.188    131.426    11.8342  32.604458     3.5086 5.3156e-02    272.429     96.095    130.188    27.9650    21.1641    1490.01 0.0000e+00
       2131 143.478226    130.106    131.343    11.8343  32.604496     3.4972 5.3017e-02    272.291     96.046    130.106    27.9651    21.1642    1490.01 0.0000e+00
