Loch_Etive/CTD_data_US/2025-05-23/sbe55_sbe19p_5215_20250523_re8.cnv
* Sea-Bird SBE 19plus Data File:
* FileName = C:\Data\sbe55_sbe19p_5215\2025-05-23\sbe55_sbe19p_5215_20250523_re8058.hex
* Software Version SeatermAF 2.1.4
* Temperature SN = 5215
* Conductivity SN = 5215
* System UpLoad Time = May 23 2025 09:52:47 (localtime) = May 23 2025 09:52:47 (UTC)
* ds
* SeacatPlus V 1.6b  SERIAL NO. 5215    23 May 2025  09:52:10
# nquan = 15                                
# nvalues = 1373                        
# units = specified
# name 0 = scan: Scan Count
# name 1 = timeJ: Julian Days
# name 2 = depSM: Depth [salt water, m], lat = 56.00
# name 3 = prdM: Pressure, Strain Gauge [db]
# name 4 = tv290C: Temperature [ITS-90, deg C]
# name 5 = c0mS/cm: Conductivity [mS/cm]
# name 6 = flECO-AFL: Fluorescence, WET Labs ECO-AFL/FL [mg/m^3]
# name 7 = par/sat/log: PAR/Logarithmic, Satlantic [umol photons/m^2/sec]
# name 8 = sbeox0Mm/L: Oxygen, SBE 43 [umol/l]
# name 9 = sbeox0PS: Oxygen, SBE 43 [% saturation]
# name 10 = depSM: Depth [salt water, m], lat = 56
# name 11 = sal00: Salinity, Practical [PSU]
# name 12 = sigma-é00: Density [sigma-theta, kg/m^3]
# name 13 = svCM: Sound Velocity [Chen-Millero, m/s]
# name 14 = flag: flag
# span 0 =        301,       1673       
# span 1 = 143.388412, 143.392380       
# span 2 =      0.099,     36.155       
# span 3 =      0.099,     36.491       
# span 4 =    10.1275,    12.0997       
# span 5 =   0.854181,  37.682621       
# span 6 =    -0.0105,   123.8775       
# span 7 = 8.4442e-01, 3.1567e+03       
# span 8 =    280.414,    352.677       
# span 9 =     85.883,    117.847       
# span 10 =      0.099,     36.155      
# span 11 =     0.5749,    33.6857      
# span 12 =    -0.0001,    25.8895      
# span 13 =    1454.01,    1492.83      
# span 14 = 0.0000e+00, 0.0000e+00      
# interval = seconds: 0.25
# start_time = May 23 2025 09:18:04 [Instrument's time stamp, header]
# bad_flag = -9.990e-29
*END*
[from data line 1254]
       1555 143.392044      1.956      1.974    11.3008  37.396896     2.0056 5.4074e+02    324.222    116.950      1.956    33.0892    25.2340    1492.15 0.0000e+00
       1556 143.392044      1.904      1.921    11.3192  37.367165     1.6165 4.2359e+02    324.059    116.867      1.904    33.0434    25.1951    1492.16 0.0000e+00
       1557 143.392044      1.851      1.868    11.3390  37.342247     1.6146 1.2631e+03    323.956    116.817      1.851    33.0012    25.1587    1492.18 0.0000e+00
       1558 143.392044      1.799      1.815    11.3577  37.326595     1.5555 7.6991e+02    323.792    116.781      1.799    32.9691    25.1303    1492.21 0.0000e+00
       1559 143.392059      1.746      1.762    11.3728  37.317081     1.5536 5.8203e+02    323.686    116.801      1.746    32.9463    25.1098    1492.23 0.0000e+00
       1560 143.392059      1.694      1.710    11.3840  37.308907     1.1931 8.6893e+02    323.946    116.867      1.694    32.9283    25.0939    1492.25 0.0000e+00
       1561 143.392059      1.642      1.657    11.3927  37.299305     1.1854 5.0578e+02    324.039    116.956      1.642    32.9111    25.0789    1492.26 0.0000e+00
       1562 143.392059      1.590      1.605    11.4008  37.286640     1.2942 4.3484e+02    324.443    117.125      1.590    32.8915    25.0622    1492.26 0.0000e+00
       1563 143.392059      1.538      1.552    11.4095  37.272629     1.2884 8.9376e+02    324.352    117.160      1.538    32.8701    25.0439    1492.26 0.0000e+00
       1564 143.392075      1.486      1.499    11.4190  37.260513     1.1988 4.8322e+02    324.620    117.205      1.486    32.8497    25.0264    1492.27 0.0000e+00
       1565 143.392075      1.433      1.446    11.4285  37.249393     1.1931 6.3157e+02    324.404    117.187      1.433    32.8304    25.0097    1492.28 0.0000e+00
       1566 143.392075      1.379      1.392    11.4374  37.237835     1.1950 8.1472e+02    324.265    117.241      1.379    32.8112    24.9931    1492.29 0.0000e+00
       1567 143.392075      1.326      1.338    11.4460  37.228439     1.1873 1.8306e+03    324.281    117.162      1.326    32.7943    24.9785    1492.30 0.0000e+00
       1568 143.392075      1.272      1.283    11.4535  37.222282     1.2388 8.1828e+02    323.841    116.996      1.272    32.7816    24.9672    1492.31 0.0000e+00
       1569 143.392090      1.217      1.229    11.4589  37.216621     1.2388 8.2133e+02    322.865    116.857      1.217    32.7713    24.9582    1492.31 0.0000e+00
       1570 143.392090      1.164      1.174    11.4628  37.208954     1.2732 1.0641e+03    321.767    116.618      1.164    32.7604    24.9490    1492.31 0.0000e+00
       1571 143.392090      1.111      1.121    11.4671  37.198238     1.2694 3.1567e+03    321.783    116.461      1.111    32.7461    24.9372    1492.31 0.0000e+00
       1572 143.392090      1.058      1.068    11.4733  37.183540     1.2522 9.6181e+02    321.134    116.198      1.058    32.7263    24.9206    1492.31 0.0000e+00
       1573 143.392090      1.007      1.016    11.4821  37.162468     1.2560 1.9981e+03    319.577    115.777      1.007    32.6979    24.8969    1492.30 0.0000e+00
       1574 143.392105      0.956      0.965    11.4943  37.133476     1.2636 6.9405e+02    317.391    115.093      0.956    32.6587    24.8643    1492.30 0.0000e+00
       1575 143.392105      0.905      0.914    11.5108  37.099499     1.0462 1.5138e+03    315.157    114.384      0.905    32.6109    24.8241    1492.29 0.0000e+00
       1576 143.392105      0.854      0.862    11.5318  37.064972     1.0290 2.3226e+03    312.676    113.579      0.854    32.5587    24.7798    1492.30 0.0000e+00
       1577 143.392105      0.803      0.811    11.5558  37.029606     1.2884 9.7407e+02    310.727    112.827      0.803    32.5031    24.7322    1492.32 0.0000e+00
       1578 143.392105      0.753      0.760    11.5819  36.992218     1.3018 1.3410e+03    308.686    111.940      0.753    32.4437    24.6813    1492.34 0.0000e+00
       1579 143.392105      0.704      0.711    11.6100  36.955021     1.1759 1.2267e+03    306.738    111.108      0.704    32.3829    24.6289    1492.36 0.0000e+00
       1580 143.392120      0.657      0.663    11.6396  36.918476     1.1778 4.3040e+02    305.195    110.453      0.657    32.3215    24.5759    1492.39 0.0000e+00
       1581 143.392120      0.611      0.616    11.6699  36.878944     1.1950 4.0505e+02    304.144    109.976      0.611    32.2566    24.5200    1492.42 0.0000e+00
       1582 143.392120      0.566      0.571    11.7019  36.834217     1.1873 4.8332e+02    303.104    109.506      0.566    32.1854    24.4588    1492.44 0.0000e+00
       1583 143.392120      0.522      0.527    11.7371  36.787689     1.3209 4.1309e+02    352.677    108.829      0.522    32.1097    24.3936    1492.47 0.0000e+00
       1584 143.392120      0.479      0.484    11.7753  36.735477     1.3361 5.7345e+02    348.800    107.530      0.479    32.0261    24.3217    1492.51 0.0000e+00
       1585 143.392136      0.437      0.441    11.8165  36.672108     1.1873 1.0595e+03    345.249    105.478      0.437    31.9293    24.2390    1492.53 0.0000e+00
       1586 143.392136      0.396      0.400    11.8623  36.611862     1.2121 1.1545e+03    335.065    102.922      0.396    31.8318    24.1549    1492.57 0.0000e+00
       1587 143.392136      0.356      0.360    11.9090  36.568153     0.9718 1.3129e+03    325.813    100.071      0.356    31.7497    24.0826    1492.63 0.0000e+00
       1588 143.392136      0.318      0.321    11.9498  36.524323     0.9813 1.3404e+03    319.189     97.072      0.318    31.6727    24.0154    1492.68 0.0000e+00
       1589 143.392136      0.282      0.285    11.9856  36.459770     1.0481 9.3734e+02    309.722     94.187      0.282    31.5801    23.9370    1492.70 0.0000e+00
       1590 143.392151      0.249      0.251    12.0231  36.383450     1.0424 5.5364e+02    304.613     91.722      0.249    31.4751    23.8486    1492.70 0.0000e+00
       1591 143.392151      0.219      0.221    12.0610  36.310810     1.0328 4.0816e+02    296.728     89.576      0.219    31.3734    23.7627    1492.71 0.0000e+00
       1592 143.392151      0.193      0.195    12.0896  36.238949     1.0443 3.9647e+02    290.265     88.104      0.193    31.2804    23.6854    1492.69 0.0000e+00
       1593 143.392151      0.173      0.174    12.0997  36.148270     1.0805 3.9838e+02    289.021     87.168      0.173    31.1851    23.6095    1492.62 0.0000e+00
       1594 143.392151      0.157      0.158    12.0867  35.994389     1.0748 3.9656e+02    287.739     86.523      0.157    31.0484    23.5059    1492.41 0.0000e+00
       1595 143.392166      0.144      0.146    12.0516  35.701347     1.3170 3.8799e+02    285.847     86.174      0.144    30.7967    23.3173    1491.99 0.0000e+00
       1596 143.392166      0.135      0.136    12.0015  35.161789     1.2999 4.0056e+02    284.126     85.946      0.135    30.3211    22.9577    1491.25 0.0000e+00
       1597 143.392166      0.127      0.128    11.9476  34.215153     1.3113 3.9604e+02    283.097     85.888      0.127    29.4595    22.2995    1490.03 0.0000e+00
       1598 143.392166      0.121      0.122    11.8985  32.599232     9.6809 3.9561e+02    284.402     85.883      0.121    27.9594    21.1457    1488.07 0.0000e+00
       1599 143.392166      0.117      0.118    11.8583  29.880564     9.6618 4.0337e+02    285.992     85.972      0.117    25.4225    19.1880    1484.91 0.0000e+00
       1600 143.392166      0.113      0.114    11.8280  25.342361     0.1898 4.0284e+02    286.360     86.079      0.113    21.2262    15.9464    1479.81 0.0000e+00
       1601 143.392181      0.110      0.111    11.8068  19.626976     0.1650 4.0188e+02    288.227     86.104      0.110    16.0589    11.9561    1473.59 0.0000e+00
       1602 143.392181      0.108      0.109    11.7925  14.907495   123.8699 4.0109e+02    287.938     86.228      0.108    11.9119     8.7545    1468.60 0.0000e+00
       1603 143.392181      0.106      0.107    11.7828  11.904147   123.8508 4.0240e+02    288.364     86.322      0.106     9.3393     6.7680    1465.49 0.0000e+00
       1604 143.392181      0.105      0.106    11.7763   9.988325     0.2852 4.0188e+02    289.553     86.419      0.105     7.7296     5.5244    1463.55 0.0000e+00
       1605 143.392181      0.104      0.105    11.7717   8.624037     0.2699 3.9777e+02    289.704     86.435      0.104     6.6002     4.6513    1462.17 0.0000e+00
       1606 143.392197      0.103      0.104    11.7683   7.507224   123.8623 4.0320e+02    289.466     86.514      0.103     5.6872     3.9451    1461.07 0.0000e+00
       1607 143.392197      0.102      0.103    11.7653   6.599719   123.8432 3.9951e+02    289.655     86.603      0.102     4.9539     3.3776    1460.17 0.0000e+00
       1608 143.392197      0.102      0.103    11.7625   5.921988   123.8699 4.0399e+02    289.789     86.673      0.102     4.4119     2.9579    1459.51 0.0000e+00
       1609 143.392197      0.101      0.102    11.7596   5.522834   123.8642 4.0780e+02    290.983     86.764      0.101     4.0951     2.7127    1459.12 0.0000e+00
       1610 143.392197      0.101      0.102    11.7567   5.282686   123.8584 4.1490e+02    291.093     86.738      0.101     3.9055     2.5661    1458.88 0.0000e+00
       1611 143.392212      0.100      0.101    11.7539   5.038674   123.8584 4.1553e+02    291.523     86.797      0.100     3.7136     2.4176    1458.63 0.0000e+00
       1612 143.392212      0.100      0.101    11.7510   4.861639   123.8565 4.1381e+02    291.208     86.831      0.100     3.5748     2.3103    1458.45 0.0000e+00
       1613 143.392212      0.100      0.101    11.7480   4.833423   123.8642 4.1111e+02    291.318     86.901      0.100     3.5530     2.2937    1458.42 0.0000e+00
       1614 143.392212      0.100      0.101    11.7450   4.868176     6.1656 4.1680e+02    291.953     86.881      0.100     3.5805     2.3155    1458.44 0.0000e+00
       1615 143.392212      0.100      0.101    11.7418   4.805586     6.1618 4.1219e+02    292.400     86.957      0.100     3.5317     2.2780    1458.37 0.0000e+00
       1616 143.392212      0.100      0.101    11.7386   4.563014   123.8661 4.1481e+02    292.575     86.916      0.100     3.3424     2.1314    1458.13 0.0000e+00
       1617 143.392227      0.100      0.101    11.7352   4.219190   123.8699 4.1671e+02    292.656     86.909      0.100     3.0751     1.9244    1457.79 0.0000e+00
       1618 143.392227      0.100      0.101    11.7317   3.864818   123.8718 4.1726e+02    293.115     86.984      0.100     2.8014     1.7123    1457.44 0.0000e+00
       1619 143.392227      0.100      0.101    11.7282   3.550197   123.8584 4.1336e+02    292.951     86.982      0.100     2.5600     1.5253    1457.14 0.0000e+00
       1620 143.392227      0.100      0.101    11.7246   3.326113   123.8718 4.2638e+02    292.916     86.965      0.100     2.3891     1.3929    1456.92 0.0000e+00
       1621 143.392227      0.100      0.101    11.7210   3.151753   123.8565 4.2750e+02    293.280     86.982      0.100     2.2567     1.2904    1456.74 0.0000e+00
       1622 143.392242      0.100      0.101    11.7173   2.994714   123.8451 4.2862e+02    293.174     87.004      0.100     2.1380     1.1985    1456.58 0.0000e+00
       1623 143.392242      0.100      0.101    11.7136   2.902930   123.8336 4.3078e+02    292.774     86.997      0.100     2.0688     1.1452    1456.49 0.0000e+00
       1624 143.392242      0.100      0.101    11.7099   2.874529   123.8565 4.2276e+02    293.010     87.048      0.100     2.0476     1.1291    1456.45 0.0000e+00
       1625 143.392242      0.100      0.101    11.7060   2.847947   123.8603 4.1991e+02    293.163     87.053      0.100     2.0278     1.1141    1456.41 0.0000e+00
       1626 143.392242      0.100      0.101    11.7021   2.771695   123.8642 4.0611e+02    293.042     87.000      0.100     1.9706     1.0701    1456.32 0.0000e+00
       1627 143.392258      0.100      0.101    11.6980   2.648539     1.8607 6.0935e+02    293.213     87.080      0.100     1.8783     0.9988    1456.19 0.0000e+00
       1628 143.392258      0.099      0.100    11.6939   2.531258     1.8607 1.2359e+03    293.180     87.033      0.099     1.7906     0.9311    1456.07 0.0000e+00
       1629 143.392258      0.099      0.100    11.6897   2.457072   123.8432 1.2874e+03    293.436     87.053      0.099     1.7354     0.8886    1455.99 0.0000e+00
       1630 143.392258      0.099      0.100    11.6855   2.412292   123.8775 1.3302e+03    293.326     87.032      0.099     1.7022     0.8632    1455.93 0.0000e+00
       1631 143.392258      0.099      0.100    11.6812   2.342944    -0.0105 1.3265e+03    293.516     87.027      0.099     1.6508     0.8237    1455.85 0.0000e+00
       1632 143.392273      0.099      0.100    11.6769   2.226156     0.0029 1.2837e+03    293.968     87.030      0.099     1.5642     0.7568    1455.73 0.0000e+00
       1633 143.392273      0.099      0.099    11.6725   2.096920     4.9392 1.2081e+03    294.049     87.080      0.099     1.4688     0.6830    1455.60 0.0000e+00
       1634 143.392273      0.099      0.099    11.6681   1.983688     4.9353 5.0490e+02    294.130     87.070      0.099     1.3855     0.6186    1455.48 0.0000e+00
       1635 143.392273      0.099      0.100    11.6637   1.896203     2.6904 8.3034e+02    294.575     87.074      0.099     1.3213     0.5692    1455.38 0.0000e+00
       1636 143.392273      0.099      0.100    11.6593   1.841481     2.6961 1.2695e+03    294.699     87.058      0.099     1.2814     0.5385    1455.32 0.0000e+00
       1637 143.392273      0.099      0.100    11.6549   1.816985   123.8661 1.3069e+03    294.828     87.096      0.099     1.2636     0.5252    1455.28 0.0000e+00
       1638 143.392288      0.099      0.100    11.6505   1.805981   123.8546 1.3192e+03    294.623     87.078      0.099     1.2557     0.5195    1455.25 0.0000e+00
       1639 143.392288      0.099      0.100    11.6461   1.809149   123.8508 1.3466e+03    294.561     87.099      0.099     1.2582     0.5219    1455.24 0.0000e+00
       1640 143.392288      0.099      0.100    11.6417   1.844129   123.8565 1.3294e+03    294.654     87.118      0.099     1.2839     0.5425    1455.25 0.0000e+00
       1641 143.392288      0.099      0.099    11.6374   1.893326   123.8775 1.3593e+03    294.362     87.069      0.099     1.3202     0.5712    1455.28 0.0000e+00
       1642 143.392288      0.099      0.100    11.6332   1.921221     6.0111 1.3924e+03    294.792     87.110      0.099     1.3408     0.5878    1455.29 0.0000e+00
       1643 143.392303      0.099      0.100    11.6291   1.924201     6.0111 1.3978e+03    294.586     87.057      0.099     1.3431     0.5900    1455.28 0.0000e+00
       1644 143.392303      0.099      0.100    11.6251   1.917228   123.8470 1.3978e+03    294.534     87.073      0.099     1.3382     0.5866    1455.26 0.0000e+00
       1645 143.392303      0.099      0.100    11.6210   1.900858   123.8623 1.3081e+03    294.592     87.017      0.099     1.3263     0.5778    1455.23 0.0000e+00
       1646 143.392303      0.099      0.100    11.6171   1.864993     3.6231 4.0700e+02    295.222     87.065      0.099     1.3001     0.5578    1455.18 0.0000e+00
       1647 143.392303      0.099      0.100    11.6132   1.811706     3.6021 4.0825e+02    295.420     87.078      0.099     1.2611     0.5279    1455.12 0.0000e+00
       1648 143.392319      0.099      0.100    11.6093   1.744343   123.8565 4.0638e+02    295.250     87.050      0.099     1.2120     0.4901    1455.04 0.0000e+00
       1649 143.392319      0.099      0.100    11.6054   1.655419   123.8584 4.1003e+02    295.360     87.115      0.099     1.1472     0.4400    1454.95 0.0000e+00
