Loch_Etive/CTD_data_US/2025-05-23/sbe55_sbe19p_5215_20250523_re2.cnv
* Sea-Bird SBE 19plus Data File:
* FileName = C:\Data\sbe55_sbe19p_5215\2025-05-23\sbe55_sbe19p_5215_20250523_re2060.hex
* Software Version SeatermAF 2.1.4
* Temperature SN = 5215
* Conductivity SN = 5215
* System UpLoad Time = May 23 2025 12:50:21 (localtime) = May 23 2025 12:50:21 (UTC)
* ds
* SeacatPlus V 1.6b  SERIAL NO. 5215    23 May 2025  12:49:53
# nquan = 15                                
# nvalues = 1135                        
# units = specified
# name 0 = scan: Scan Count
# name 1 = timeJ: Julian Days
# name 2 = depSM: Depth [salt water, m], lat = 56.00
# name 3 = prdM: Pressure, Strain Gauge [db]
# name 4 = tv290C: Temperature [ITS-90, deg C]
# name 5 = c0mS/cm: Conductivity [mS/cm]
# name 6 = flECO-AFL: Fluorescence, WET Labs ECO-AFL/FL [mg/m^3]
# name 7 = par/sat/log: PAR/Logarithmic, Satlantic [umol photons/m^2/sec]
# name 8 = sbeox0Mm/L: Oxygen, SBE 43 [umol/l]
# name 9 = sbeox0PS: Oxygen, SBE 43 [% saturation]
# name 10 = depSM: Depth [salt water, m], lat = 56
# name 11 = sal00: Salinity, Practical [PSU]
# name 12 = sigma-é00: Density [sigma-theta, kg/m^3]
# name 13 = svCM: Sound Velocity [Chen-Millero, m/s]
# name 14 = flag: flag
# span 0 =        301,       1435       
# span 1 = 143.525192, 143.528473       
# span 2 =      0.071,     40.668       
# span 3 =      0.072,     41.045       
# span 4 =    10.5207,    15.2376       
# span 5 =   1.376117,  33.484856       
# span 6 =    -0.0963,   123.8794       
# span 7 = 5.2948e-02, 1.4905e+03       
# span 8 =    144.302,    337.645       
# span 9 =     49.994,    117.442       
# span 10 =      0.071,     40.668      
# span 11 =     0.8734,    27.5767      
# span 12 =    -0.1709,    20.9825      
# span 13 =    1465.24,    1497.46      
# span 14 = 0.0000e+00, 0.0000e+00      
# interval = seconds: 0.25
# start_time = May 23 2025 12:35:01 [Instrument's time stamp, header]
# bad_flag = -9.990e-29
*END*
[from data line 482]
        783 143.526581     35.655     35.986    10.9786  31.424231     2.0705 5.3029e-02    251.576     86.950     35.655    27.5093    20.9542    1484.87 0.0000e+00
        784 143.526581     35.739     36.070    10.9854  31.429512     2.1544 5.3145e-02    251.608     86.965     35.739    27.5093    20.9531    1484.89 0.0000e+00
        785 143.526581     35.823     36.155    10.9910  31.433157     2.1315 5.3040e-02    251.644     86.982     35.823    27.5086    20.9516    1484.92 0.0000e+00
        786 143.526596     35.907     36.240    10.9953  31.435917     2.0132 5.3006e-02    251.638     86.991     35.907    27.5080    20.9505    1484.93 0.0000e+00
        787 143.526596     35.991     36.325    10.9985  31.438139     2.0247 5.3052e-02    251.578     86.984     35.991    27.5077    20.9497    1484.94 0.0000e+00
        788 143.526596     36.075     36.410    11.0010  31.439907     2.4290 5.3110e-02    251.870     87.093     36.075    27.5076    20.9492    1484.95 0.0000e+00
        789 143.526596     36.159     36.494    11.0029  31.441257     2.4214 5.3145e-02    251.845     87.089     36.159    27.5074    20.9487    1484.96 0.0000e+00
        790 143.526596     36.243     36.579    11.0045  31.442150     2.0457 5.3098e-02    251.957     87.135     36.243    27.5070    20.9482    1484.97 0.0000e+00
        791 143.526596     36.328     36.665    11.0056  31.442987     2.0514 5.3052e-02    251.965     87.139     36.328    27.5070    20.9480    1484.97 0.0000e+00
        792 143.526611     36.413     36.751    11.0065  31.443899     2.1010 5.3052e-02    252.099     87.191     36.413    27.5071    20.9480    1484.98 0.0000e+00
        793 143.526611     36.499     36.837    11.0073  31.444906     2.1162 5.2994e-02    252.023     87.169     36.499    27.5075    20.9481    1484.98 0.0000e+00
        794 143.526611     36.584     36.923    11.0082  31.446480     2.0991 5.3133e-02    252.103     87.193     36.584    27.5083    20.9486    1484.99 0.0000e+00
        795 143.526611     36.668     37.008    11.0092  31.448849     2.0781 5.3017e-02    252.180     87.217     36.668    27.5098    20.9496    1485.00 0.0000e+00
        796 143.526611     36.753     37.093    11.0106  31.451956     2.0857 5.3168e-02    252.264     87.246     36.753    27.5117    20.9509    1485.00 0.0000e+00
        797 143.526627     36.837     37.179    11.0126  31.455362     2.2936 5.3064e-02    252.427     87.302     36.837    27.5135    20.9519    1485.02 0.0000e+00
        798 143.526627     36.922     37.264    11.0150  31.458597     2.2993 5.3098e-02    252.441     87.316     36.922    27.5148    20.9525    1485.03 0.0000e+00
        799 143.526627     37.007     37.350    11.0175  31.461655     2.1105 5.3017e-02    252.267     87.270     37.007    27.5158    20.9529    1485.04 0.0000e+00
        800 143.526627     37.091     37.435    11.0201  31.464703     2.1010 5.3052e-02    252.135     87.239     37.091    27.5168    20.9533    1485.05 0.0000e+00
        801 143.526627     37.176     37.520    11.0226  31.467995     1.8683 5.3133e-02    252.154     87.256     37.176    27.5181    20.9538    1485.06 0.0000e+00
        802 143.526642     37.260     37.605    11.0252  31.471914     1.8740 5.3064e-02    252.155     87.261     37.260    27.5200    20.9548    1485.08 0.0000e+00
        803 143.526642     37.344     37.690    11.0279  31.476839     1.8969 5.3098e-02    252.167     87.267     37.344    27.5227    20.9565    1485.09 0.0000e+00
        804 143.526642     37.428     37.775    11.0311  31.482296     1.8816 5.3075e-02    252.090     87.240     37.428    27.5255    20.9581    1485.11 0.0000e+00
        805 143.526642     37.513     37.861    11.0349  31.486900     1.8473 5.3098e-02    252.164     87.266     37.513    27.5271    20.9588    1485.12 0.0000e+00
        806 143.526642     37.597     37.945    11.0387  31.490149     1.8168 5.3098e-02    252.523     87.391     37.597    27.5273    20.9583    1485.14 0.0000e+00
        807 143.526642     37.680     38.030    11.0420  31.492849     1.8759 5.3098e-02    252.643     87.434     37.680    27.5275    20.9579    1485.15 0.0000e+00
        808 143.526657     37.762     38.113    11.0447  31.495316     1.8568 5.3110e-02    252.698     87.451     37.762    27.5278    20.9577    1485.16 0.0000e+00
        809 143.526657     37.844     38.195    11.0470  31.497210     1.8378 5.3064e-02    252.635     87.428     37.844    27.5279    20.9574    1485.17 0.0000e+00
        810 143.526657     37.925     38.277    11.0489  31.498581     1.8378 5.3064e-02    252.652     87.430     37.925    27.5278    20.9570    1485.18 0.0000e+00
        811 143.526657     38.006     38.358    11.0504  31.499166     1.9122 5.3029e-02    252.697     87.445     38.006    27.5271    20.9562    1485.19 0.0000e+00
        812 143.526657     38.086     38.439    11.0515  31.499113     1.9369 5.3133e-02    252.709     87.447     38.086    27.5262    20.9553    1485.19 0.0000e+00
        813 143.526672     38.166     38.520    11.0522  31.499870     1.8607 5.3064e-02    252.507     87.376     38.166    27.5264    20.9554    1485.19 0.0000e+00
        814 143.526672     38.245     38.600    11.0528  31.502321     1.8607 5.3156e-02    252.459     87.359     38.245    27.5283    20.9567    1485.20 0.0000e+00
        815 143.526672     38.324     38.679    11.0540  31.506603     1.9884 5.3075e-02    252.426     87.348     38.324    27.5316    20.9591    1485.21 0.0000e+00
        816 143.526672     38.402     38.758    11.0560  31.512602     1.9904 5.3098e-02    252.506     87.375     38.402    27.5358    20.9620    1485.22 0.0000e+00
        817 143.526672     38.480     38.837    11.0592  31.518747     1.8721 5.3075e-02    252.514     87.378     38.480    27.5393    20.9642    1485.24 0.0000e+00
        818 143.526688     38.557     38.915    11.0633  31.523241     1.8416 5.3087e-02    252.703     87.444     38.557    27.5406    20.9646    1485.26 0.0000e+00
        819 143.526688     38.633     38.991    11.0673  31.525833     1.8339 5.2971e-02    252.711     87.456     38.633    27.5401    20.9635    1485.27 0.0000e+00
        820 143.526688     38.707     39.067    11.0704  31.527201     1.8263 5.3087e-02    252.550     87.417     38.707    27.5390    20.9621    1485.28 0.0000e+00
        821 143.526688     38.780     39.140    11.0726  31.527958     1.8244 5.3133e-02    252.370     87.374     38.780    27.5381    20.9611    1485.29 0.0000e+00
        822 143.526688     38.851     39.211    11.0740  31.528408     1.8854 5.3087e-02    252.211     87.331     38.851    27.5374    20.9603    1485.30 0.0000e+00
        823 143.526703     38.920     39.281    11.0748  31.528652     1.8893 5.3110e-02    252.220     87.341     38.920    27.5370    20.9599    1485.30 0.0000e+00
        824 143.526703     38.989     39.351    11.0754  31.528620     1.7710 5.3110e-02    251.941     87.247     38.989    27.5366    20.9594    1485.30 0.0000e+00
        825 143.526703     39.057     39.420    11.0756  31.528038     1.7596 5.3098e-02    251.932     87.241     39.057    27.5358    20.9588    1485.30 0.0000e+00
        826 143.526703     39.124     39.487    11.0756  31.526970     1.8397 5.3180e-02    252.121     87.303     39.124    27.5347    20.9580    1485.30 0.0000e+00
        827 143.526703     39.190     39.553    11.0753  31.525888     1.8263 5.3133e-02    252.244     87.342     39.190    27.5339    20.9574    1485.30 0.0000e+00
        828 143.526703     39.254     39.619    11.0747  31.525026     1.7844 5.3133e-02    252.327     87.368     39.254    27.5335    20.9572    1485.30 0.0000e+00
        829 143.526718     39.318     39.683    11.0741  31.524418     1.7748 5.3040e-02    252.504     87.431     39.318    27.5333    20.9571    1485.30 0.0000e+00
        830 143.526718     39.381     39.746    11.0736  31.524103     1.6871 5.2994e-02    252.610     87.470     39.381    27.5334    20.9573    1485.30 0.0000e+00
        831 143.526718     39.443     39.809    11.0732  31.524134     1.6794 5.3098e-02    252.662     87.494     39.443    27.5337    20.9576    1485.30 0.0000e+00
        832 143.526718     39.505     39.872    11.0730  31.524586     1.7653 5.3087e-02    252.940     87.602     39.505    27.5343    20.9580    1485.30 0.0000e+00
        833 143.526718     39.566     39.933    11.0731  31.525511     1.7748 5.3133e-02    252.675     87.523     39.566    27.5351    20.9587    1485.30 0.0000e+00
        834 143.526733     39.626     39.994    11.0734  31.527168     1.9904 5.3156e-02    252.609     87.523     39.626    27.5364    20.9596    1485.31 0.0000e+00
        835 143.526733     39.685     40.053    11.0742  31.530056     1.9923 5.3052e-02    252.480     87.498     39.685    27.5385    20.9612    1485.31 0.0000e+00
        836 143.526733     39.742     40.111    11.0757  31.534885     1.8225 5.3029e-02    252.672     87.582     39.742    27.5421    20.9637    1485.32 0.0000e+00
        837 143.526733     39.798     40.168    11.0781  31.541878     1.8206 5.3087e-02    252.494     87.528     39.798    27.5470    20.9671    1485.34 0.0000e+00
        838 143.526733     39.853     40.223    11.0818  31.549473     1.8168 5.3098e-02    252.333     87.475     39.853    27.5516    20.9700    1485.36 0.0000e+00
        839 143.526749     39.907     40.277    11.0865  31.555254     1.7901 5.3040e-02    252.206     87.428     39.907    27.5536    20.9708    1485.38 0.0000e+00
        840 143.526749     39.960     40.330    11.0914  31.558268     1.6661 5.3040e-02    252.007     87.354     39.960    27.5528    20.9694    1485.40 0.0000e+00
        841 143.526749     40.012     40.383    11.0954  31.559315     1.6756 5.3029e-02    252.087     87.379     40.012    27.5509    20.9672    1485.41 0.0000e+00
        842 143.526749     40.063     40.435    11.0980  31.559296     1.6871 5.3040e-02    251.930     87.317     40.063    27.5489    20.9653    1485.42 0.0000e+00
        843 143.526749     40.115     40.487    11.0993  31.558720     1.7424 5.3052e-02    251.697     87.220     40.115    27.5473    20.9638    1485.42 0.0000e+00
        844 143.526764     40.165     40.538    11.0997  31.558342     1.7386 5.3040e-02    251.683     87.205     40.165    27.5466    20.9632    1485.42 0.0000e+00
        845 143.526764     40.215     40.588    11.0997  31.558846     1.9045 5.3064e-02    251.517     87.147     40.215    27.5471    20.9636    1485.42 0.0000e+00
        846 143.526764     40.263     40.637    11.0998  31.560654     1.8835 5.3110e-02    251.566     87.153     40.263    27.5488    20.9649    1485.43 0.0000e+00
        847 143.526764     40.310     40.684    11.1004  31.563999     1.7157 5.3064e-02    251.672     87.170     40.310    27.5515    20.9669    1485.43 0.0000e+00
        848 143.526764     40.355     40.730    11.1018  31.568821     1.7214 5.3075e-02    251.704     87.160     40.355    27.5551    20.9695    1485.44 0.0000e+00
        849 143.526764     40.399     40.774    11.1042  31.575405     1.7100 5.3087e-02    251.931     87.224     40.399    27.5597    20.9726    1485.46 0.0000e+00
        850 143.526779     40.442     40.818    11.1076  31.583782     1.7119 5.3203e-02    252.059     87.268     40.442    27.5651    20.9763    1485.48 0.0000e+00
        851 143.526779     40.484     40.859    11.1123  31.593168     2.8868 5.3110e-02    252.169     87.315     40.484    27.5707    20.9798    1485.50 0.0000e+00
        852 143.526779     40.523     40.899    11.1180  31.602123     2.8887 5.3098e-02    252.255     87.354     40.523    27.5751    20.9822    1485.53 0.0000e+00
        853 143.526779     40.558     40.935    11.1244  31.608833     2.8010 5.3075e-02    252.489     87.431     40.558    27.5767    20.9825    1485.55 0.0000e+00
        854 143.526779     40.590     40.967    11.1304  31.612568     2.7838 5.3087e-02    252.594     87.461     40.590    27.5758    20.9807    1485.57 0.0000e+00
        855 143.526794     40.618     40.995    11.1352  31.613680     2.8086 5.3052e-02    252.928     87.569     40.618    27.5733    20.9780    1485.59 0.0000e+00
        856 143.526794     40.640     41.017    11.1381  31.612679     2.8086 5.3075e-02    252.958     87.574     40.640    27.5701    20.9751    1485.60 0.0000e+00
        857 143.526794     40.656     41.033    11.1394  31.610142     6.9648 5.3052e-02    252.938     87.565     40.656    27.5668    20.9722    1485.60 0.0000e+00
        858 143.526794     40.665     41.042    11.1391  31.606560     6.9801 5.3075e-02    252.867     87.536     40.665    27.5635    20.9697    1485.59 0.0000e+00
        859 143.526794     40.668     41.045    11.1378  31.601881     8.4621 5.3052e-02    252.927     87.550     40.668    27.5600    20.9672    1485.58 0.0000e+00
        860 143.526810     40.664     41.042    11.1355  31.595732     8.4678 5.2994e-02    252.654     87.449     40.664    27.5557    20.9643    1485.57 0.0000e+00
        861 143.526810     40.655     41.032    11.1323  31.589090     9.9231 5.3156e-02    252.744     87.479     40.655    27.5517    20.9618    1485.55 0.0000e+00
        862 143.526810     40.639     41.016    11.1284  31.583370     9.9060 5.3110e-02    252.537     87.409     40.639    27.5491    20.9604    1485.54 0.0000e+00
        863 143.526810     40.617     40.994    11.1245  31.577093     2.9517 5.3098e-02    252.434     87.378     40.617    27.5460    20.9586    1485.52 0.0000e+00
        864 143.526810     40.590     40.967    11.1205  31.568474     2.9364 5.3098e-02    252.351     87.353     40.590    27.5407    20.9551    1485.50 0.0000e+00
        865 143.526810     40.559     40.936    11.1157  31.559830     2.6331 5.3110e-02    252.335     87.343     40.559    27.5359    20.9523    1485.47 0.0000e+00
        866 143.526825     40.525     40.901    11.1101  31.554358     2.6350 5.3098e-02    252.366     87.346     40.525    27.5349    20.9524    1485.45 0.0000e+00
        867 143.526825     40.488     40.864    11.1050  31.552393     2.6350 5.3075e-02    252.301     87.318     40.488    27.5368    20.9547    1485.43 0.0000e+00
        868 143.526825     40.448     40.823    11.1016  31.552557     2.6656 5.3087e-02    252.396     87.350     40.448    27.5395    20.9574    1485.42 0.0000e+00
        869 143.526825     40.405     40.780    11.1002  31.552938     2.6675 5.3064e-02    252.479     87.381     40.405    27.5409    20.9587    1485.42 0.0000e+00
        870 143.526825     40.361     40.736    11.1000  31.551586     2.4825 5.3110e-02    252.654     87.445     40.361    27.5398    20.9579    1485.42 0.0000e+00
        871 143.526840     40.315     40.689    11.0996  31.548393     2.4729 5.3145e-02    252.586     87.423     40.315    27.5371    20.9558    1485.41 0.0000e+00
        872 143.526840     40.267     40.641    11.0983  31.545122     2.2459 5.3064e-02    252.506     87.398     40.267    27.5349    20.9543    1485.40 0.0000e+00
        873 143.526840     40.218     40.592    11.0964  31.542543     2.2402 5.3110e-02    252.656     87.450     40.218    27.5339    20.9539    1485.40 0.0000e+00
        874 143.526840     40.168     40.541    11.0943  31.540178     2.2307 5.3098e-02    252.625     87.438     40.168    27.5332    20.9537    1485.39 0.0000e+00
        875 143.526840     40.116     40.488    11.0924  31.537678     2.2402 5.3017e-02    252.646     87.444     40.116    27.5322    20.9532    1485.38 0.0000e+00
        876 143.526855     40.063     40.435    11.0906  31.535131     2.0838 5.3098e-02    252.568     87.416     40.063    27.5311    20.9527    1485.37 0.0000e+00
        877 143.526855     40.009     40.380    11.0886  31.533215     2.0876 5.3110e-02    252.586     87.422     40.009    27.5307    20.9527    1485.36 0.0000e+00
        878 143.526855     39.954     40.325    11.0868  31.532431     2.0838 5.3145e-02    252.471     87.381     39.954    27.5313    20.9535    1485.35 0.0000e+00
