Loch_Etive/CTD_data_US/2025-05-23/sbe55_sbe19p_5215_20250523_re5_1m.cnv
* Sea-Bird SBE 19plus Data File:
* FileName = C:\Data\sbe55_sbe19p_5215\2025-05-23\sbe55_sbe19p_5215_20250523_re5059.hex
* Software Version SeatermAF 2.1.4
* Temperature SN = 5215
* Conductivity SN = 5215
* System UpLoad Time = May 23 2025 11:39:30 (localtime) = May 23 2025 11:39:30 (UTC)
* ds
* SeacatPlus V 1.6b  SERIAL NO. 5215    23 May 2025  11:39:03
# nquan = 15
# nvalues = 285                         
# units = specified
# name 0 = scan: Scan Count
# name 1 = timeJ: Julian Days
# name 2 = depSM: Depth [salt water, m], lat = 56.00
# name 3 = prdM: Pressure, Strain Gauge [db]
# name 4 = tv290C: Temperature [ITS-90, deg C]
# name 5 = c0mS/cm: Conductivity [mS/cm]
# name 6 = flECO-AFL: Fluorescence, WET Labs ECO-AFL/FL [mg/m^3]
# name 7 = par/sat/log: PAR/Logarithmic, Satlantic [umol photons/m^2/sec]
# name 8 = sbeox0Mm/L: Oxygen, SBE 43 [umol/l]
# name 9 = sbeox0PS: Oxygen, SBE 43 [% saturation]
# name 10 = depSM: Depth [salt water, m], lat = 56
# name 11 = sal00: Salinity, Practical [PSU]
# name 12 = sigma-é00: Density [sigma-theta, kg/m^3]
# name 13 = svCM: Sound Velocity [Chen-Millero, m/s]
# name 14 = flag: flag
# span 0 =        358,       3456       
# span 1 = 143.473095, 143.482059       
# span 2 =      1.000,    143.000       
# span 3 =      1.009,    144.364       
# span 4 =    10.4090,    14.2601       
# span 5 =  30.600633,  32.700614       
# span 6 =     0.9920,    20.4639       
# span 7 = 5.3055e-02, 9.7188e+02       
# span 8 =    169.718,    308.412       
# span 9 =     58.448,    112.361       
# span 10 =      1.000,    143.000      
# span 11 =    26.3651,    27.9800      
# span 12 =    19.4748,    21.1751      
# span 13 =    1482.02,    1494.24      
# span 14 = 0.0000e+00, 0.0000e+00      
# interval = meters: 1                  
# start_time = May 23 2025 11:19:46 [Instrument's time stamp, header]
# bad_flag = -9.990e-29
*END*
        358 143.473095      1.000      1.009    14.2601  32.700614     1.5142 9.7188e+02    306.067    112.162      1.000    26.3651    19.4748    1494.24 0.0000e+00
        420 143.473272      2.000      2.018    13.9867  32.512991     1.6923 5.7210e+02    300.781    106.434      2.000    26.3834    19.5421    1493.37 0.0000e+00
        430 143.473300      3.000      3.028    13.1274  31.918607     2.8778 2.6298e+02    292.154    102.099      3.000    26.4370    19.7462    1490.55 0.0000e+00
        440 143.473330      4.000      4.037    12.1627  31.396719     4.0378 1.4178e+02    275.425     96.131      4.000    26.6312    20.0709    1487.48 0.0000e+00
        450 143.473358      5.000      5.046    11.6914  31.285522     9.3378 9.4525e+01    253.446     87.835      5.000    26.8637    20.3328    1486.12 0.0000e+00
        459 143.473387      6.000      6.055    11.5588  31.303717    20.4639 6.9064e+01    203.025     70.048      6.000    26.9765    20.4429    1485.80 0.0000e+00
        469 143.473414      7.000      7.064    11.2444  31.100743    16.9980 4.7219e+01    169.718     58.448      7.000    27.0115    20.5230    1484.75 0.0000e+00
        479 143.473443      8.000      8.074    11.0463  31.029648     8.2245 2.8981e+01    183.477     62.958      8.000    27.0881    20.6154    1484.15 0.0000e+00
        489 143.473472      9.000      9.083    10.9415  30.959014     7.1299 1.8438e+01    200.862     68.811      9.000    27.0967    20.6394    1483.80 0.0000e+00
        499 143.473501     10.000     10.092    10.7840  30.862874     5.4726 1.2575e+01    207.589     70.876     10.000    27.1195    20.6829    1483.28 0.0000e+00
        509 143.473530     11.000     11.101    10.7018  30.798892     4.2677 8.7513e+00    232.656     79.193     11.000    27.1178    20.6949    1482.99 0.0000e+00
        519 143.473559     12.000     12.111    10.5391  30.655183     3.2092 6.2097e+00    248.857     84.676     12.000    27.0981    20.7056    1482.40 0.0000e+00
        529 143.473586     13.000     13.120    10.4283  30.600633     2.2831 4.4427e+00    253.685     86.364     13.000    27.1268    20.7456    1482.05 0.0000e+00
        539 143.473617     14.000     14.129    10.4090  30.606084     2.3919 3.2462e+00    253.857     86.506     14.000    27.1461    20.7637    1482.02 0.0000e+00
        549 143.473644     15.000     15.138    10.4366  30.657136     2.2503 2.3932e+00    255.647     87.137     15.000    27.1752    20.7820    1482.17 0.0000e+00
        559 143.473675     16.000     16.148    10.4687  30.694006     2.3993 1.7787e+00    256.193     87.479     16.000    27.1869    20.7860    1482.32 0.0000e+00
        569 143.473703     17.000     17.157    10.4840  30.722939     1.9102 1.3359e+00    256.807     87.816     17.000    27.2034    20.7964    1482.41 0.0000e+00
        579 143.473733     18.000     18.166    10.5616  30.831044     1.8340 1.0176e+00    258.556     88.442     18.000    27.2508    20.8209    1482.76 0.0000e+00
        589 143.473760     19.000     19.175    10.6070  30.875904     1.4939 7.6824e-01    261.018     89.409     19.000    27.2603    20.8210    1482.96 0.0000e+00
        598 143.473789     20.000     20.185    10.6232  30.909239     1.3301 5.8097e-01    260.199     89.240     20.000    27.2804    20.8341    1483.06 0.0000e+00
        608 143.473816     21.000     21.194    10.6817  30.989219     1.3323 4.4731e-01    260.290     89.281     21.000    27.3143    20.8510    1483.32 0.0000e+00
        618 143.473845     22.000     22.203    10.7260  31.027401     1.4382 3.5256e-01    261.245     89.623     22.000    27.3180    20.8467    1483.50 0.0000e+00
        627 143.473872     23.000     23.213    10.7311  31.041987     1.3775 2.7558e-01    262.410     90.060     23.000    27.3281    20.8537    1483.55 0.0000e+00
        637 143.473900     24.000     24.222    10.7317  31.050153     1.2880 2.1357e-01    262.645     90.246     24.000    27.3352    20.8592    1483.58 0.0000e+00
        647 143.473929     25.000     25.231    10.7543  31.095475     1.2989 1.6971e-01    262.119     90.209     25.000    27.3620    20.8763    1483.71 0.0000e+00
        657 143.473959     26.000     26.240    10.8027  31.150715     1.2307 1.4008e-01    260.697     89.784     26.000    27.3792    20.8818    1483.92 0.0000e+00
        667 143.473986     27.000     27.250    10.8688  31.231691     1.3308 1.0992e-01    260.581     89.677     27.000    27.4080    20.8935    1484.21 0.0000e+00
        677 143.474017     28.000     28.259    10.8839  31.231278     1.2963 8.4507e-02    261.278     90.006     28.000    27.3960    20.8817    1484.27 0.0000e+00
        687 143.474045     29.000     29.269    10.8653  31.227409     1.2716 6.4013e-02    260.496     89.801     29.000    27.4058    20.8923    1484.23 0.0000e+00
        697 143.474073     30.000     30.278    10.9043  31.275898     1.3046 5.6443e-02    259.942     89.771     30.000    27.4233    20.8996    1484.41 0.0000e+00
        707 143.474102     31.000     31.287    10.9365  31.320622     1.2471 5.3172e-02    258.154     89.269     31.000    27.4422    20.9089    1484.56 0.0000e+00
        717 143.474130     32.000     32.297    11.0135  31.409512     1.1667 5.3253e-02    257.635     89.152     32.000    27.4703    20.9181    1484.89 0.0000e+00
        726 143.474159     33.000     33.306    11.0641  31.458624     1.8648 5.3070e-02    257.870     89.271     33.000    27.4797    20.9170    1485.10 0.0000e+00
        736 143.474189     34.000     34.315    11.0883  31.482289     1.1292 5.3111e-02    257.742     89.307     34.000    27.4840    20.9164    1485.20 0.0000e+00
        746 143.474217     35.000     35.324    11.1123  31.517659     1.1472 5.3097e-02    257.140     89.115     35.000    27.4998    20.9247    1485.33 0.0000e+00
        756 143.474246     36.000     36.334    11.1459  31.551323     1.2046 5.3071e-02    257.299     89.152     36.000    27.5069    20.9246    1485.47 0.0000e+00
        767 143.474276     37.000     37.343    11.1483  31.550488     1.0784 5.3097e-02    257.641     89.303     37.000    27.5040    20.9220    1485.49 0.0000e+00
        777 143.474305     38.000     38.352    11.1416  31.546279     1.0749 5.3109e-02    257.102     89.212     38.000    27.5045    20.9235    1485.48 0.0000e+00
        787 143.474334     39.000     39.362    11.1669  31.589981     1.1061 5.3084e-02    256.808     89.072     39.000    27.5274    20.9371    1485.62 0.0000e+00
        797 143.474363     40.000     40.371    11.1970  31.609370     1.0754 5.3107e-02    256.709     89.157     40.000    27.5232    20.9288    1485.74 0.0000e+00
        807 143.474393     41.000     41.381    11.1918  31.619109     1.0461 5.3089e-02    256.186     89.179     41.000    27.5361    20.9397    1485.75 0.0000e+00
        817 143.474421     42.000     42.390    11.2539  31.703812     1.0699 5.3092e-02    257.190     89.617     42.000    27.5709    20.9563    1486.03 0.0000e+00
        827 143.474452     43.000     43.399    11.3486  31.806220     1.0251 5.3083e-02    257.185     89.616     43.000    27.5982    20.9615    1486.42 0.0000e+00
        838 143.474482     44.000     44.409    11.3771  31.824045     1.2171 5.3101e-02    257.133     89.657     44.000    27.5937    20.9532    1486.53 0.0000e+00
        849 143.474514     45.000     45.418    11.3803  31.833614     0.9920 5.3076e-02    257.463     89.828     45.000    27.6001    20.9576    1486.56 0.0000e+00
        859 143.474543     46.000     46.428    11.4106  31.872676     0.9940 5.3094e-02    257.671     90.039     46.000    27.6146    20.9637    1486.71 0.0000e+00
        870 143.474574     47.000     47.437    11.4444  31.919290     0.9931 5.3070e-02    258.143     90.285     47.000    27.6337    20.9728    1486.86 0.0000e+00
        881 143.474605     48.000     48.446    11.5066  31.994634     1.0180 5.3090e-02    258.324     90.374     48.000    27.6590    20.9818    1487.13 0.0000e+00
        892 143.474638     49.000     49.456    11.5347  32.026001     1.0454 5.3119e-02    258.297     90.368     49.000    27.6677    20.9838    1487.26 0.0000e+00
        903 143.474669     50.000     50.465    11.5417  32.031953     1.0297 5.3067e-02    258.191     90.342     50.000    27.6677    20.9826    1487.30 0.0000e+00
        913 143.474697     51.000     51.475    11.5429  32.034997     1.1781 5.3081e-02    258.573     90.486     51.000    27.6694    20.9837    1487.32 0.0000e+00
        923 143.474729     52.000     52.484    11.5479  32.044399     1.0117 5.3093e-02    258.354     90.413     52.000    27.6743    20.9867    1487.36 0.0000e+00
        933 143.474757     53.000     53.494    11.5508  32.049568     1.0370 5.3101e-02    258.055     90.321     53.000    27.6767    20.9881    1487.39 0.0000e+00
        944 143.474790     54.000     54.503    11.5518  32.056818     1.0274 5.3092e-02    257.693     90.223     54.000    27.6825    20.9925    1487.42 0.0000e+00
        955 143.474820     55.000     55.512    11.5587  32.070590     1.0766 5.3092e-02    257.668     90.232     55.000    27.6902    20.9973    1487.47 0.0000e+00
        966 143.474851     56.000     56.522    11.5714  32.090125     1.1639 5.3122e-02    257.509     90.190     56.000    27.6990    21.0019    1487.54 0.0000e+00
        977 143.474884     57.000     57.531    11.5777  32.099132     1.2115 5.3078e-02    257.890     90.333     57.000    27.7025    21.0036    1487.58 0.0000e+00
        988 143.474917     58.000     58.541    11.5835  32.109232     1.4202 5.3092e-02    257.843     90.319     58.000    27.7075    21.0065    1487.63 0.0000e+00
       1000 143.474950     59.000     59.550    11.5856  32.112915     1.4696 5.3083e-02    257.803     90.309     59.000    27.7091    21.0074    1487.65 0.0000e+00
       1011 143.474983     60.000     60.560    11.5863  32.115323     1.2386 5.3099e-02    257.625     90.249     60.000    27.7105    21.0084    1487.67 0.0000e+00
       1021 143.475012     61.000     61.569    11.5881  32.120543     1.7346 5.3102e-02    257.174     90.115     61.000    27.7137    21.0106    1487.70 0.0000e+00
       1032 143.475042     62.000     62.579    11.5885  32.126609     1.2488 5.3094e-02    257.529     90.257     62.000    27.7188    21.0145    1487.72 0.0000e+00
       1042 143.475074     63.000     63.588    11.6010  32.147085     1.3640 5.3134e-02    257.194     90.147     63.000    27.7287    21.0200    1487.80 0.0000e+00
       1053 143.475104     64.000     64.598    11.6059  32.153221     1.7159 5.3061e-02    258.056     90.460     64.000    27.7305    21.0206    1487.83 0.0000e+00
       1064 143.475136     65.000     65.607    11.6099  32.160089     1.4029 5.3085e-02    258.168     90.503     65.000    27.7337    21.0224    1487.87 0.0000e+00
       1074 143.475166     66.000     66.617    11.6128  32.164457     1.4414 5.3083e-02    257.982     90.454     66.000    27.7354    21.0232    1487.90 0.0000e+00
       1084 143.475194     67.000     67.626    11.6154  32.172474     1.4509 5.3104e-02    258.220     90.554     67.000    27.7407    21.0270    1487.93 0.0000e+00
       1094 143.475223     68.000     68.636    11.6207  32.183007     1.4583 5.3092e-02    258.197     90.570     68.000    27.7464    21.0305    1487.97 0.0000e+00
       1104 143.475252     69.000     69.645    11.6295  32.196986     1.4943 5.3087e-02    258.821     90.796     69.000    27.7528    21.0339    1488.02 0.0000e+00
       1114 143.475281     70.000     70.655    11.6394  32.206802     1.5265 5.3084e-02    258.879     90.841     70.000    27.7544    21.0335    1488.08 0.0000e+00
       1124 143.475311     71.000     71.664    11.6426  32.210958     1.5574 5.3088e-02    260.040     91.297     71.000    27.7556    21.0339    1488.11 0.0000e+00
       1135 143.475341     72.000     72.674    11.6576  32.236913     1.6015 5.3104e-02    260.999     91.651     72.000    27.7688    21.0415    1488.19 0.0000e+00
       1145 143.475369     73.000     73.684    11.6775  32.259309     1.7433 5.3093e-02    261.267     91.745     73.000    27.7749    21.0428    1488.29 0.0000e+00
       1155 143.475400     74.000     74.693    11.6830  32.264542     1.8007 5.3112e-02    261.162     91.690     74.000    27.7754    21.0423    1488.32 0.0000e+00
       1165 143.475428     75.000     75.703    11.6799  32.260595     1.7478 5.3096e-02    260.464     91.469     75.000    27.7736    21.0415    1488.33 0.0000e+00
       1175 143.475459     76.000     76.712    11.6745  32.260912     1.8208 5.3110e-02    261.716     91.916     76.000    27.7776    21.0455    1488.33 0.0000e+00
       1186 143.475487     77.000     77.722    11.6875  32.281600     2.0218 5.3084e-02    261.489     91.880     77.000    27.7872    21.0507    1488.40 0.0000e+00
       1196 143.475518     78.000     78.732    11.6866  32.283849     2.0875 5.3075e-02    262.395     92.187     78.000    27.7897    21.0528    1488.42 0.0000e+00
       1206 143.475546     79.000     79.741    11.7039  32.304129     2.2467 5.3085e-02    261.605     91.906     79.000    27.7957    21.0545    1488.50 0.0000e+00
       1217 143.475579     80.000     80.751    11.6982  32.302296     2.2353 5.3086e-02    261.080     91.706     80.000    27.7978    21.0572    1488.50 0.0000e+00
       1227 143.475607     81.000     81.760    11.6931  32.303820     2.2997 5.3091e-02    260.843     91.629     81.000    27.8028    21.0619    1488.51 0.0000e+00
       1238 143.475641     82.000     82.770    11.6869  32.305174     2.2717 5.3067e-02    261.021     91.689     82.000    27.8083    21.0673    1488.51 0.0000e+00
       1249 143.475671     83.000     83.779    11.6886  32.308438     2.3180 5.3097e-02    260.806     91.615     83.000    27.8097    21.0681    1488.53 0.0000e+00
       1259 143.475700     84.000     84.789    11.6871  32.309374     2.3654 5.3107e-02    260.988     91.684     84.000    27.8114    21.0697    1488.55 0.0000e+00
       1270 143.475731     85.000     85.799    11.6873  32.311884     2.3667 5.3078e-02    261.191     91.772     85.000    27.8133    21.0711    1488.57 0.0000e+00
       1280 143.475761     86.000     86.808    11.6908  32.319986     2.3236 5.3091e-02    261.971     92.051     86.000    27.8180    21.0742    1488.60 0.0000e+00
       1291 143.475793     87.000     87.818    11.6976  32.326793     2.5388 5.3086e-02    261.826     92.004     87.000    27.8191    21.0739    1488.64 0.0000e+00
       1301 143.475822     88.000     88.827    11.6986  32.328189     2.4930 5.3088e-02    262.282     92.193     88.000    27.8193    21.0739    1488.66 0.0000e+00
       1312 143.475854     89.000     89.837    11.7039  32.338413     2.6304 5.3085e-02    263.737     92.713     89.000    27.8247    21.0772    1488.71 0.0000e+00
       1323 143.475886     90.000     90.846    11.7162  32.351683     2.8210 5.3094e-02    263.304     92.554     90.000    27.8278    21.0775    1488.77 0.0000e+00
       1334 143.475919     91.000     91.856    11.7153  32.348947     2.6832 5.3072e-02    263.293     92.563     91.000    27.8255    21.0758    1488.78 0.0000e+00
       1345 143.475951     92.000     92.866    11.7167  32.353964     2.7093 5.3090e-02    263.503     92.642     92.000    27.8288    21.0782    1488.80 0.0000e+00
       1357 143.475983     93.000     93.875    11.7215  32.358945     2.7064 5.3098e-02    263.947     92.849     93.000    27.8296    21.0781    1488.84 0.0000e+00
       1368 143.476016     94.000     94.885    11.7276  32.369467     2.8739 5.3075e-02    266.804     93.881     94.000    27.8347    21.0809    1488.88 0.0000e+00
       1379 143.476047     95.000     95.895    11.7540  32.396546     3.3187 5.3086e-02    267.265     94.055     95.000    27.8403    21.0807    1489.00 0.0000e+00
       1391 143.476081     96.000     96.904    11.7601  32.401583     3.3184 5.3066e-02    267.756     94.243     96.000    27.8402    21.0796    1489.04 0.0000e+00
