Loch_Etive/CTD_data_US/2025-05-23/sbe55_sbe19p_5215_20250523_re8.cnv
* Sea-Bird SBE 19plus Data File:
* FileName = C:\Data\sbe55_sbe19p_5215\2025-05-23\sbe55_sbe19p_5215_20250523_re8058.hex
* Software Version SeatermAF 2.1.4
* Temperature SN = 5215
* Conductivity SN = 5215
* System UpLoad Time = May 23 2025 09:52:47 (localtime) = May 23 2025 09:52:47 (UTC)
* ds
* SeacatPlus V 1.6b  SERIAL NO. 5215    23 May 2025  09:52:10
# nquan = 15                                
# nvalues = 1373                        
# units = specified
# name 0 = scan: Scan Count
# name 1 = timeJ: Julian Days
# name 2 = depSM: Depth [salt water, m], lat = 56.00
# name 3 = prdM: Pressure, Strain Gauge [db]
# name 4 = tv290C: Temperature [ITS-90, deg C]
# name 5 = c0mS/cm: Conductivity [mS/cm]
# name 6 = flECO-AFL: Fluorescence, WET Labs ECO-AFL/FL [mg/m^3]
# name 7 = par/sat/log: PAR/Logarithmic, Satlantic [umol photons/m^2/sec]
# name 8 = sbeox0Mm/L: Oxygen, SBE 43 [umol/l]
# name 9 = sbeox0PS: Oxygen, SBE 43 [% saturation]
# name 10 = depSM: Depth [salt water, m], lat = 56
# name 11 = sal00: Salinity, Practical [PSU]
# name 12 = sigma-é00: Density [sigma-theta, kg/m^3]
# name 13 = svCM: Sound Velocity [Chen-Millero, m/s]
# name 14 = flag: flag
# span 0 =        301,       1673       
# span 1 = 143.388412, 143.392380       
# span 2 =      0.099,     36.155       
# span 3 =      0.099,     36.491       
# span 4 =    10.1275,    12.0997       
# span 5 =   0.854181,  37.682621       
# span 6 =    -0.0105,   123.8775       
# span 7 = 8.4442e-01, 3.1567e+03       
# span 8 =    280.414,    352.677       
# span 9 =     85.883,    117.847       
# span 10 =      0.099,     36.155      
# span 11 =     0.5749,    33.6857      
# span 12 =    -0.0001,    25.8895      
# span 13 =    1454.01,    1492.83      
# span 14 = 0.0000e+00, 0.0000e+00      
# interval = seconds: 0.25
# start_time = May 23 2025 09:18:04 [Instrument's time stamp, header]
# bad_flag = -9.990e-29
*END*
[from data line 772]
       1073 143.390656     35.213     35.539    10.1349  36.922379     3.9206 1.0614e+00    281.084     99.104     35.213    33.6653    25.8876    1489.28 0.0000e+00
       1074 143.390656     35.160     35.486    10.1350  36.922203     5.1204 1.0653e+00    281.037     99.088     35.160    33.6650    25.8874    1489.28 0.0000e+00
       1075 143.390656     35.105     35.430    10.1350  36.921841     5.1127 1.0786e+00    281.108     99.113     35.105    33.6647    25.8872    1489.27 0.0000e+00
       1076 143.390656     35.045     35.370    10.1349  36.921333     6.1999 1.0801e+00    280.979     99.069     35.045    33.6643    25.8869    1489.27 0.0000e+00
       1077 143.390656     34.982     35.306    10.1347  36.920738     6.1770 1.1194e+00    280.967     99.065     34.982    33.6639    25.8866    1489.27 0.0000e+00
       1078 143.390656     34.915     35.239    10.1346  36.920361     4.9182 1.1340e+00    281.054     99.096     34.915    33.6637    25.8864    1489.27 0.0000e+00
       1079 143.390671     34.846     35.169    10.1345  36.920567     4.9220 1.1848e+00    281.125     99.122     34.846    33.6640    25.8867    1489.27 0.0000e+00
       1080 143.390671     34.775     35.098    10.1344  36.920948     4.5748 1.1958e+00    281.144     99.129     34.775    33.6645    25.8871    1489.27 0.0000e+00
       1081 143.390671     34.705     35.026    10.1343  36.921101     4.5787 1.2383e+00    281.156     99.134     34.705    33.6648    25.8873    1489.26 0.0000e+00
       1082 143.390671     34.635     34.956    10.1342  36.921112     5.0994 1.2359e+00    281.081     99.107     34.635    33.6649    25.8875    1489.26 0.0000e+00
       1083 143.390671     34.566     34.887    10.1341  36.921028     5.0975 1.2751e+00    281.164     99.137     34.566    33.6650    25.8876    1489.26 0.0000e+00
       1084 143.390686     34.498     34.818    10.1339  36.920879     5.2863 1.2998e+00    281.414     99.225     34.498    33.6650    25.8876    1489.26 0.0000e+00
       1085 143.390686     34.431     34.750    10.1338  36.920712     5.2787 1.3058e+00    281.347     99.203     34.431    33.6650    25.8876    1489.26 0.0000e+00
       1086 143.390686     34.364     34.682    10.1336  36.920521     4.5424 1.3522e+00    281.548     99.273     34.364    33.6650    25.8876    1489.26 0.0000e+00
       1087 143.390686     34.297     34.615    10.1334  36.920280     4.5348 1.3890e+00    281.600     99.292     34.297    33.6649    25.8876    1489.25 0.0000e+00
       1088 143.390686     34.230     34.547    10.1332  36.920025     9.3147 1.4163e+00    281.622     99.299     34.230    33.6649    25.8876    1489.25 0.0000e+00
       1089 143.390701     34.163     34.480    10.1330  36.919819     9.3128 1.4571e+00    281.620     99.298     34.163    33.6649    25.8877    1489.25 0.0000e+00
       1090 143.390701     34.096     34.412    10.1328  36.919731     9.1602 1.4805e+00    281.493     99.253     34.096    33.6651    25.8878    1489.25 0.0000e+00
       1091 143.390701     34.029     34.345    10.1326  36.919785     7.6534 1.5046e+00    281.311     99.188     34.029    33.6653    25.8880    1489.25 0.0000e+00
       1092 143.390701     33.962     34.277    10.1326  36.919960     7.6438 1.5442e+00    281.403     99.220     33.962    33.6656    25.8882    1489.25 0.0000e+00
       1093 143.390701     33.895     34.209    10.1326  36.920185     5.2482 1.5880e+00    281.332     99.195     33.895    33.6658    25.8884    1489.25 0.0000e+00
       1094 143.390701     33.828     34.141    10.1328  36.920422     5.2653 1.6163e+00    281.104     99.115     33.828    33.6659    25.8884    1489.25 0.0000e+00
       1095 143.390717     33.760     34.073    10.1330  36.920635     5.3931 1.6192e+00    280.988     99.074     33.760    33.6659    25.8884    1489.25 0.0000e+00
       1096 143.390717     33.692     34.004    10.1333  36.920837     5.4103 1.6545e+00    281.150     99.132     33.692    33.6659    25.8884    1489.25 0.0000e+00
       1097 143.390717     33.623     33.935    10.1335  36.920971     5.2806 1.7048e+00    281.049     99.097     33.623    33.6658    25.8883    1489.25 0.0000e+00
       1098 143.390717     33.555     33.865    10.1338  36.920990     5.2806 1.7220e+00    280.883     99.039     33.555    33.6656    25.8881    1489.24 0.0000e+00
       1099 143.390717     33.486     33.796    10.1340  36.921021     4.9086 1.7451e+00    280.919     99.053     33.486    33.6655    25.8880    1489.24 0.0000e+00
       1100 143.390732     33.417     33.727    10.1341  36.921139     4.9067 1.7697e+00    280.997     99.081     33.417    33.6656    25.8880    1489.24 0.0000e+00
       1101 143.390732     33.350     33.659    10.1342  36.921295     6.0245 1.7875e+00    280.971     99.072     33.350    33.6657    25.8880    1489.24 0.0000e+00
       1102 143.390732     33.282     33.591    10.1344  36.921387     6.0435 1.8214e+00    280.880     99.040     33.282    33.6656    25.8880    1489.24 0.0000e+00
       1103 143.390732     33.216     33.524    10.1345  36.921375     6.7397 1.8507e+00    280.841     99.026     33.216    33.6655    25.8878    1489.24 0.0000e+00
       1104 143.390732     33.150     33.457    10.1346  36.921303     6.7283 1.8763e+00    280.814     99.016     33.150    33.6654    25.8877    1489.24 0.0000e+00
       1105 143.390747     33.085     33.391    10.1347  36.921204     4.1705 1.9283e+00    280.783     99.005     33.085    33.6653    25.8876    1489.24 0.0000e+00
       1106 143.390747     33.019     33.325    10.1346  36.921085     4.1609 1.9452e+00    280.666     98.964     33.019    33.6652    25.8876    1489.24 0.0000e+00
       1107 143.390747     32.953     33.259    10.1345  36.920952     5.3111 1.9704e+00    280.572     98.931     32.953    33.6652    25.8876    1489.24 0.0000e+00
       1108 143.390747     32.887     33.192    10.1344  36.920837     5.2939 1.9986e+00    280.471     98.894     32.887    33.6653    25.8877    1489.24 0.0000e+00
       1109 143.390747     32.820     33.124    10.1342  36.920769     5.4618 2.0431e+00    280.438     98.881     32.820    33.6654    25.8878    1489.23 0.0000e+00
       1110 143.390762     32.752     33.055    10.1341  36.920795     5.4694 2.0778e+00    280.458     98.887     32.752    33.6656    25.8879    1489.23 0.0000e+00
       1111 143.390762     32.684     32.986    10.1340  36.920918     5.2501 2.1075e+00    280.434     98.879     32.684    33.6658    25.8881    1489.23 0.0000e+00
       1112 143.390762     32.615     32.917    10.1340  36.921082     5.2501 2.1531e+00    280.414     98.872     32.615    33.6660    25.8883    1489.23 0.0000e+00
       1113 143.390762     32.547     32.848    10.1341  36.921284     5.4923 2.2035e+00    280.461     98.890     32.547    33.6661    25.8884    1489.23 0.0000e+00
       1114 143.390762     32.479     32.780    10.1343  36.921535     5.4942 2.2423e+00    280.416     98.874     32.479    33.6663    25.8885    1489.23 0.0000e+00
       1115 143.390762     32.411     32.711    10.1344  36.921803     5.4866 2.2824e+00    280.535     98.916     32.411    33.6664    25.8885    1489.23 0.0000e+00
       1116 143.390778     32.343     32.642    10.1346  36.922016     5.9520 2.3190e+00    280.517     98.911     32.343    33.6665    25.8886    1489.23 0.0000e+00
       1117 143.390778     32.275     32.574    10.1349  36.922127     5.9310 2.3501e+00    280.605     98.942     32.275    33.6664    25.8885    1489.23 0.0000e+00
       1118 143.390778     32.207     32.505    10.1350  36.922169     7.5313 2.3910e+00    280.739     98.989     32.207    33.6663    25.8884    1489.23 0.0000e+00
       1119 143.390778     32.140     32.437    10.1352  36.922165     7.5313 2.4540e+00    280.656     98.960     32.140    33.6662    25.8883    1489.23 0.0000e+00
       1120 143.390778     32.072     32.369    10.1352  36.922119     6.5681 2.5038e+00    280.789     99.006     32.072    33.6661    25.8882    1489.23 0.0000e+00
       1121 143.390793     32.005     32.302    10.1353  36.922035     6.5871 2.5285e+00    280.926     99.053     32.005    33.6661    25.8881    1489.22 0.0000e+00
       1122 143.390793     31.939     32.235    10.1352  36.921947     6.9038 2.5934e+00    280.970     99.068     31.939    33.6660    25.8881    1489.22 0.0000e+00
       1123 143.390793     31.872     32.167    10.1352  36.921864     6.8904 2.6345e+00    280.961     99.063     31.872    33.6660    25.8881    1489.22 0.0000e+00
       1124 143.390793     31.805     32.100    10.1351  36.921730     6.6844 2.6897e+00    281.063     99.099     31.805    33.6660    25.8881    1489.22 0.0000e+00
       1125 143.390793     31.738     32.032    10.1350  36.921516     6.6939 2.7419e+00    280.993     99.074     31.738    33.6659    25.8880    1489.22 0.0000e+00
       1126 143.390808     31.671     31.964    10.1349  36.921253     4.5996 2.7890e+00    281.115     99.116     31.671    33.6658    25.8879    1489.22 0.0000e+00
       1127 143.390808     31.602     31.895    10.1347  36.921040     4.6016 2.8743e+00    281.143     99.126     31.602    33.6658    25.8880    1489.22 0.0000e+00
       1128 143.390808     31.533     31.825    10.1345  36.920967     5.2157 2.9142e+00    281.135     99.124     31.533    33.6659    25.8881    1489.21 0.0000e+00
       1129 143.390808     31.464     31.756    10.1343  36.921021     5.2253 2.9346e+00    280.984     99.073     31.464    33.6661    25.8883    1489.21 0.0000e+00
       1130 143.390808     31.396     31.686    10.1343  36.921104     6.2495 3.0165e+00    281.124     99.123     31.396    33.6662    25.8884    1489.21 0.0000e+00
       1131 143.390823     31.327     31.617    10.1344  36.921177     6.2343 3.0864e+00    281.189     99.146     31.327    33.6663    25.8884    1489.21 0.0000e+00
       1132 143.390823     31.259     31.548    10.1346  36.921207     6.2362 3.1381e+00    281.208     99.153     31.259    33.6662    25.8883    1489.21 0.0000e+00
       1133 143.390823     31.190     31.479    10.1347  36.921215     6.2533 3.1670e+00    281.339     99.199     31.190    33.6661    25.8883    1489.21 0.0000e+00
       1134 143.390823     31.122     31.410    10.1348  36.921196     7.8517 3.2334e+00    281.305     99.186     31.122    33.6660    25.8882    1489.21 0.0000e+00
       1135 143.390823     31.053     31.341    10.1349  36.921074     7.8517 3.2775e+00    281.438     99.233     31.053    33.6658    25.8880    1489.21 0.0000e+00
       1136 143.390823     30.985     31.272    10.1350  36.920788     5.7269 3.3265e+00    281.540     99.267     30.985    33.6655    25.8877    1489.21 0.0000e+00
       1137 143.390839     30.917     31.203    10.1349  36.920425     5.7460 3.3962e+00    281.642     99.302     30.917    33.6652    25.8875    1489.20 0.0000e+00
       1138 143.390839     30.850     31.135    10.1348  36.920048     5.7269 3.4720e+00    281.625     99.295     30.850    33.6650    25.8874    1489.20 0.0000e+00
       1139 143.390839     30.782     31.067    10.1346  36.919636     4.4776 3.5086e+00    281.564     99.273     30.782    33.6648    25.8873    1489.20 0.0000e+00
       1140 143.390839     30.715     31.000    10.1343  36.919243     4.4776 3.5595e+00    281.563     99.272     30.715    33.6647    25.8872    1489.20 0.0000e+00
       1141 143.390839     30.648     30.931    10.1339  36.918991     4.2411 3.6254e+00    281.714     99.325     30.648    33.6648    25.8874    1489.20 0.0000e+00
       1142 143.390854     30.580     30.863    10.1337  36.918861     4.2392 3.6885e+00    281.655     99.304     30.580    33.6650    25.8875    1489.19 0.0000e+00
       1143 143.390854     30.512     30.794    10.1335  36.918785     5.2825 3.7560e+00    281.570     99.275     30.512    33.6651    25.8876    1489.19 0.0000e+00
       1144 143.390854     30.443     30.725    10.1334  36.918816     5.2729 3.8347e+00    281.638     99.301     30.443    33.6652    25.8878    1489.19 0.0000e+00
       1145 143.390854     30.374     30.655    10.1334  36.919006     4.1724 3.8616e+00    281.648     99.306     30.374    33.6655    25.8879    1489.19 0.0000e+00
       1146 143.390854     30.304     30.585    10.1335  36.919250     4.1667 3.9408e+00    281.490     99.253     30.304    33.6656    25.8881    1489.19 0.0000e+00
       1147 143.390869     30.235     30.514    10.1338  36.919380     3.7966 4.0024e+00    281.687     99.323     30.235    33.6656    25.8880    1489.19 0.0000e+00
       1148 143.390869     30.165     30.445    10.1340  36.919373     3.7909 4.0614e+00    281.713     99.333     30.165    33.6653    25.8877    1489.19 0.0000e+00
       1149 143.390869     30.096     30.375    10.1342  36.919289     4.5405 4.1294e+00    281.708     99.330     30.096    33.6651    25.8875    1489.19 0.0000e+00
       1150 143.390869     30.028     30.306    10.1343  36.919128     4.5462 4.1720e+00    281.616     99.299     30.028    33.6649    25.8874    1489.19 0.0000e+00
       1151 143.390869     29.959     30.237    10.1342  36.918884     4.0999 4.2344e+00    281.933     99.410     29.959    33.6647    25.8872    1489.19 0.0000e+00
       1152 143.390869     29.892     30.168    10.1341  36.918533     4.1056 4.3232e+00    281.787     99.360     29.892    33.6645    25.8871    1489.18 0.0000e+00
       1153 143.390884     29.824     30.100    10.1339  36.918095     5.1089 4.3697e+00    281.994     99.434     29.824    33.6643    25.8869    1489.18 0.0000e+00
       1154 143.390884     29.757     30.032    10.1336  36.917683     5.0937 4.4623e+00    282.080     99.465     29.757    33.6642    25.8869    1489.18 0.0000e+00
       1155 143.390884     29.689     29.964    10.1333  36.917374     5.7345 4.5211e+00    282.209     99.511     29.689    33.6642    25.8869    1489.18 0.0000e+00
       1156 143.390884     29.621     29.896    10.1330  36.917152     5.7345 4.6199e+00    282.344     99.559     29.621    33.6642    25.8870    1489.17 0.0000e+00
       1157 143.390884     29.553     29.827    10.1328  36.917030     5.3416 4.6911e+00    282.486     99.610     29.553    33.6644    25.8872    1489.17 0.0000e+00
       1158 143.390900     29.485     29.758    10.1326  36.917019     5.3397 4.7602e+00    282.579     99.644     29.485    33.6646    25.8874    1489.17 0.0000e+00
       1159 143.390900     29.417     29.689    10.1325  36.917152     4.5539 4.8420e+00    282.708     99.691     29.417    33.6648    25.8876    1489.17 0.0000e+00
       1160 143.390900     29.348     29.620    10.1326  36.917480     4.5405 4.9177e+00    282.853     99.746     29.348    33.6651    25.8878    1489.17 0.0000e+00
       1161 143.390900     29.280     29.551    10.1328  36.917992     4.5825 4.9945e+00    282.806     99.731     29.280    33.6655    25.8880    1489.17 0.0000e+00
       1162 143.390900     29.211     29.482    10.1332  36.918560     4.6454 5.0781e+00    282.969     99.791     29.211    33.6657    25.8882    1489.17 0.0000e+00
       1163 143.390915     29.143     29.413    10.1338  36.919025     4.6416 5.1766e+00    283.225     99.882     29.143    33.6657    25.8880    1489.17 0.0000e+00
       1164 143.390915     29.075     29.344    10.1344  36.919296     4.3193 5.2736e+00    283.500     99.980     29.075    33.6654    25.8877    1489.17 0.0000e+00
       1165 143.390915     29.007     29.275    10.1349  36.919411     4.3174 5.3211e+00    283.813    100.092     29.007    33.6651    25.8874    1489.17 0.0000e+00
       1166 143.390915     28.938     29.206    10.1352  36.919502     6.7683 5.3877e+00    284.296    100.264     28.938    33.6649    25.8872    1489.17 0.0000e+00
       1167 143.390915     28.870     29.137    10.1354  36.919662     6.7702 5.4827e+00    284.911    100.483     28.870    33.6649    25.8871    1489.17 0.0000e+00
