Loch_Etive/CTD_data_US/2025-05-23/sbe55_sbe19p_5215_20250523_re8.cnv
* Sea-Bird SBE 19plus Data File:
* FileName = C:\Data\sbe55_sbe19p_5215\2025-05-23\sbe55_sbe19p_5215_20250523_re8058.hex
* Software Version SeatermAF 2.1.4
* Temperature SN = 5215
* Conductivity SN = 5215
* System UpLoad Time = May 23 2025 09:52:47 (localtime) = May 23 2025 09:52:47 (UTC)
* ds
* SeacatPlus V 1.6b  SERIAL NO. 5215    23 May 2025  09:52:10
# nquan = 15                                
# nvalues = 1373                        
# units = specified
# name 0 = scan: Scan Count
# name 1 = timeJ: Julian Days
# name 2 = depSM: Depth [salt water, m], lat = 56.00
# name 3 = prdM: Pressure, Strain Gauge [db]
# name 4 = tv290C: Temperature [ITS-90, deg C]
# name 5 = c0mS/cm: Conductivity [mS/cm]
# name 6 = flECO-AFL: Fluorescence, WET Labs ECO-AFL/FL [mg/m^3]
# name 7 = par/sat/log: PAR/Logarithmic, Satlantic [umol photons/m^2/sec]
# name 8 = sbeox0Mm/L: Oxygen, SBE 43 [umol/l]
# name 9 = sbeox0PS: Oxygen, SBE 43 [% saturation]
# name 10 = depSM: Depth [salt water, m], lat = 56
# name 11 = sal00: Salinity, Practical [PSU]
# name 12 = sigma-é00: Density [sigma-theta, kg/m^3]
# name 13 = svCM: Sound Velocity [Chen-Millero, m/s]
# name 14 = flag: flag
# span 0 =        301,       1673       
# span 1 = 143.388412, 143.392380       
# span 2 =      0.099,     36.155       
# span 3 =      0.099,     36.491       
# span 4 =    10.1275,    12.0997       
# span 5 =   0.854181,  37.682621       
# span 6 =    -0.0105,   123.8775       
# span 7 = 8.4442e-01, 3.1567e+03       
# span 8 =    280.414,    352.677       
# span 9 =     85.883,    117.847       
# span 10 =      0.099,     36.155      
# span 11 =     0.5749,    33.6857      
# span 12 =    -0.0001,    25.8895      
# span 13 =    1454.01,    1492.83      
# span 14 = 0.0000e+00, 0.0000e+00      
# interval = seconds: 0.25
# start_time = May 23 2025 09:18:04 [Instrument's time stamp, header]
# bad_flag = -9.990e-29
*END*
[from data line 675]
        976 143.390366     32.033     32.330    10.1280  36.914410     5.5533 2.4412e+00    281.297     99.170     32.033    33.6650    25.8886    1489.20 0.0000e+00
        977 143.390366     32.095     32.392    10.1280  36.914356     5.5495 2.3869e+00    281.145     99.116     32.095    33.6650    25.8885    1489.20 0.0000e+00
        978 143.390381     32.158     32.456    10.1280  36.914364     4.6569 2.3476e+00    280.913     99.034     32.158    33.6650    25.8885    1489.20 0.0000e+00
        979 143.390381     32.223     32.522    10.1279  36.914436     4.6683 2.2918e+00    280.923     99.037     32.223    33.6651    25.8886    1489.20 0.0000e+00
        980 143.390381     32.290     32.589    10.1279  36.914543     5.9272 2.2492e+00    280.851     99.012     32.290    33.6652    25.8887    1489.20 0.0000e+00
        981 143.390381     32.357     32.657    10.1279  36.914677     5.9539 2.1805e+00    281.103     99.100     32.357    33.6653    25.8888    1489.20 0.0000e+00
        982 143.390381     32.424     32.724    10.1279  36.914780     5.1242 2.1639e+00    281.098     99.099     32.424    33.6653    25.8888    1489.20 0.0000e+00
        983 143.390381     32.490     32.791    10.1279  36.914818     5.1223 2.1020e+00    281.015     99.069     32.490    33.6653    25.8888    1489.21 0.0000e+00
        984 143.390396     32.556     32.858    10.1279  36.914818     5.4332 2.0851e+00    281.239     99.148     32.556    33.6653    25.8888    1489.21 0.0000e+00
        985 143.390396     32.622     32.924    10.1279  36.914833     5.4236 2.0530e+00    281.179     99.128     32.622    33.6653    25.8888    1489.21 0.0000e+00
        986 143.390396     32.688     32.991    10.1278  36.914833     5.4351 2.0099e+00    281.161     99.121     32.688    33.6653    25.8888    1489.21 0.0000e+00
        987 143.390396     32.753     33.057    10.1278  36.914822     5.4274 1.9743e+00    280.978     99.057     32.753    33.6653    25.8888    1489.21 0.0000e+00
        988 143.390396     32.819     33.123    10.1278  36.914818     4.9125 1.9342e+00    280.985     99.060     32.819    33.6653    25.8888    1489.21 0.0000e+00
        989 143.390411     32.884     33.189    10.1278  36.914814     4.9067 1.8858e+00    280.886     99.025     32.884    33.6653    25.8888    1489.21 0.0000e+00
        990 143.390411     32.949     33.254    10.1278  36.914814     4.5996 1.8604e+00    280.792     98.991     32.949    33.6652    25.8888    1489.21 0.0000e+00
        991 143.390411     33.013     33.319    10.1278  36.914810     4.5920 1.8507e+00    280.899     99.029     33.013    33.6652    25.8888    1489.21 0.0000e+00
        992 143.390411     33.077     33.384    10.1278  36.914818     4.8495 1.8115e+00    280.947     99.046     33.077    33.6652    25.8888    1489.21 0.0000e+00
        993 143.390411     33.141     33.448    10.1277  36.914860     4.8552 1.7829e+00    281.082     99.094     33.141    33.6652    25.8888    1489.22 0.0000e+00
        994 143.390427     33.206     33.514    10.1277  36.914898     5.1871 1.7436e+00    281.017     99.071     33.206    33.6653    25.8888    1489.22 0.0000e+00
        995 143.390427     33.271     33.579    10.1277  36.914890     5.1833 1.7130e+00    280.972     99.055     33.271    33.6653    25.8888    1489.22 0.0000e+00
        996 143.390427     33.336     33.645    10.1277  36.914883     5.1928 1.6852e+00    280.810     98.998     33.336    33.6653    25.8888    1489.22 0.0000e+00
        997 143.390427     33.402     33.712    10.1276  36.914898     5.3283 1.6270e+00    280.898     99.029     33.402    33.6653    25.8888    1489.22 0.0000e+00
        998 143.390427     33.468     33.778    10.1276  36.914890     5.3359 1.6082e+00    280.906     99.032     33.468    33.6653    25.8888    1489.22 0.0000e+00
        999 143.390427     33.533     33.844    10.1276  36.914867     4.9353 1.5800e+00    280.860     99.016     33.533    33.6653    25.8888    1489.22 0.0000e+00
       1000 143.390442     33.598     33.910    10.1275  36.914856     4.9315 1.5666e+00    280.938     99.044     33.598    33.6652    25.8888    1489.22 0.0000e+00
       1001 143.390442     33.664     33.976    10.1275  36.914886     6.1160 1.5191e+00    281.035     99.077     33.664    33.6653    25.8889    1489.22 0.0000e+00
       1002 143.390442     33.729     34.042    10.1275  36.914951     6.1313 1.5181e+00    280.986     99.060     33.729    33.6653    25.8889    1489.22 0.0000e+00
       1003 143.390442     33.795     34.108    10.1275  36.915051     5.7784 1.4686e+00    281.073     99.091     33.795    33.6654    25.8889    1489.23 0.0000e+00
       1004 143.390442     33.861     34.174    10.1275  36.915161     5.8013 1.4663e+00    281.215     99.141     33.861    33.6654    25.8890    1489.23 0.0000e+00
       1005 143.390457     33.926     34.241    10.1276  36.915264     9.9517 1.4347e+00    281.224     99.144     33.926    33.6654    25.8890    1489.23 0.0000e+00
       1006 143.390457     33.991     34.306    10.1277  36.915329     9.9460 1.4144e+00    281.132     99.112     33.991    33.6654    25.8890    1489.23 0.0000e+00
       1007 143.390457     34.056     34.371    10.1277  36.915356     4.2926 1.4092e+00    281.017     99.071     34.056    33.6654    25.8889    1489.23 0.0000e+00
       1008 143.390457     34.120     34.436    10.1277  36.915371     4.2964 1.3824e+00    280.855     99.015     34.120    33.6653    25.8889    1489.23 0.0000e+00
       1009 143.390457     34.184     34.501    10.1277  36.915424     5.1223 1.3653e+00    280.861     99.017     34.184    33.6654    25.8889    1489.23 0.0000e+00
       1010 143.390472     34.249     34.566    10.1277  36.915524     5.1223 1.3507e+00    280.653     98.943     34.249    33.6655    25.8890    1489.23 0.0000e+00
       1011 143.390472     34.313     34.631    10.1277  36.915630     6.6253 1.3236e+00    280.425     98.863     34.313    33.6655    25.8890    1489.24 0.0000e+00
       1012 143.390472     34.379     34.697    10.1277  36.915707     6.6043 1.2955e+00    280.447     98.871     34.379    33.6656    25.8891    1489.24 0.0000e+00
       1013 143.390472     34.444     34.763    10.1278  36.915733     3.3179 1.2930e+00    280.466     98.877     34.444    33.6655    25.8890    1489.24 0.0000e+00
       1014 143.390472     34.509     34.828    10.1278  36.915756     3.3179 1.2645e+00    280.828     99.004     34.509    33.6655    25.8890    1489.24 0.0000e+00
       1015 143.390488     34.573     34.894    10.1279  36.915787     4.9964 1.2456e+00    280.913     99.034     34.573    33.6654    25.8889    1489.24 0.0000e+00
       1016 143.390488     34.637     34.958    10.1279  36.915821     5.0116 1.2367e+00    281.217     99.141     34.637    33.6654    25.8889    1489.24 0.0000e+00
       1017 143.390488     34.701     35.023    10.1279  36.915833     4.3002 1.2055e+00    281.313     99.175     34.701    33.6654    25.8889    1489.24 0.0000e+00
       1018 143.390488     34.764     35.087    10.1279  36.915825     4.2983 1.1843e+00    281.574     99.266     34.764    33.6654    25.8889    1489.24 0.0000e+00
       1019 143.390488     34.828     35.150    10.1279  36.915810     4.2964 1.1911e+00    281.680     99.304     34.828    33.6653    25.8889    1489.24 0.0000e+00
       1020 143.390488     34.891     35.214    10.1279  36.915791     4.1800 1.1748e+00    281.719     99.317     34.891    33.6653    25.8888    1489.25 0.0000e+00
       1021 143.390503     34.955     35.279    10.1279  36.915817     4.1648 1.1661e+00    281.781     99.340     34.955    33.6653    25.8888    1489.25 0.0000e+00
       1022 143.390503     35.019     35.344    10.1279  36.915886     6.0607 1.1560e+00    281.682     99.305     35.019    33.6653    25.8889    1489.25 0.0000e+00
       1023 143.390503     35.084     35.409    10.1279  36.915993     6.0740 1.1427e+00    281.635     99.291     35.084    33.6654    25.8889    1489.25 0.0000e+00
       1024 143.390503     35.149     35.475    10.1279  36.916126     4.8171 1.1049e+00    281.690     99.313     35.149    33.6655    25.8890    1489.25 0.0000e+00
       1025 143.390503     35.214     35.541    10.1280  36.916222     4.8171 1.0827e+00    281.724     99.327     35.214    33.6655    25.8890    1489.25 0.0000e+00
       1026 143.390518     35.279     35.606    10.1280  36.916290     5.5476 1.0805e+00    281.599     99.283     35.279    33.6655    25.8890    1489.25 0.0000e+00
       1027 143.390518     35.342     35.670    10.1280  36.916325     5.5400 1.0669e+00    281.515     99.253     35.342    33.6655    25.8890    1489.25 0.0000e+00
       1028 143.390518     35.404     35.732    10.1281  36.916286     6.0721 1.0434e+00    281.557     99.267     35.404    33.6654    25.8889    1489.25 0.0000e+00
       1029 143.390518     35.465     35.793    10.1281  36.916206     6.0569 1.0544e+00    281.533     99.258     35.465    33.6653    25.8888    1489.26 0.0000e+00
       1030 143.390518     35.525     35.854    10.1281  36.916107     4.0312 1.0337e+00    281.390     99.208     35.525    33.6651    25.8887    1489.26 0.0000e+00
       1031 143.390533     35.584     35.914    10.1280  36.915989     4.0389 1.0218e+00    281.207     99.144     35.584    33.6650    25.8886    1489.26 0.0000e+00
       1032 143.390533     35.643     35.973    10.1279  36.915882     4.3269 1.0109e+00    281.109     99.110     35.643    33.6650    25.8886    1489.26 0.0000e+00
       1033 143.390533     35.701     36.032    10.1279  36.915833     4.3212 9.6202e-01    280.951     99.056     35.701    33.6650    25.8886    1489.26 0.0000e+00
       1034 143.390533     35.759     36.090    10.1278  36.915825     6.4670 9.8047e-01    280.804     99.006     35.759    33.6650    25.8887    1489.26 0.0000e+00
       1035 143.390533     35.815     36.148    10.1277  36.915836     6.4727 9.6139e-01    280.740     98.984     35.815    33.6650    25.8887    1489.26 0.0000e+00
       1036 143.390549     35.870     36.203    10.1277  36.915886     5.0402 9.2675e-01    280.762     98.992     35.870    33.6651    25.8887    1489.26 0.0000e+00
       1037 143.390549     35.923     36.256    10.1277  36.916016     5.0383 9.0121e-01    280.976     99.067     35.923    33.6652    25.8888    1489.26 0.0000e+00
       1038 143.390549     35.971     36.305    10.1278  36.916264     4.5520 8.9200e-01    281.031     99.088     35.971    33.6653    25.8889    1489.26 0.0000e+00
       1039 143.390549     36.015     36.349    10.1280  36.916683     4.5386 8.8367e-01    281.000     99.077     36.015    33.6656    25.8891    1489.26 0.0000e+00
       1040 143.390549     36.053     36.387    10.1283  36.917328     5.4370 8.7121e-01    281.012     99.081     36.053    33.6660    25.8893    1489.27 0.0000e+00
       1041 143.390549     36.085     36.419    10.1287  36.918072     5.4389 8.7522e-01    280.911     99.046     36.085    33.6663    25.8895    1489.27 0.0000e+00
       1042 143.390564     36.110     36.444    10.1292  36.918667     4.6511 8.5146e-01    280.779     98.999     36.110    33.6664    25.8895    1489.27 0.0000e+00
       1043 143.390564     36.129     36.464    10.1298  36.918900     4.6359 8.5314e-01    280.933     99.053     36.129    33.6661    25.8892    1489.27 0.0000e+00
       1044 143.390564     36.142     36.477    10.1302  36.918839     4.6340 8.6439e-01    280.799     99.006     36.142    33.6656    25.8887    1489.27 0.0000e+00
       1045 143.390564     36.151     36.486    10.1304  36.918724     7.4226 8.6647e-01    280.863     99.028     36.151    33.6653    25.8885    1489.28 0.0000e+00
       1046 143.390564     36.155     36.491    10.1305  36.918697     7.4340 8.4442e-01    280.911     99.045     36.155    33.6652    25.8884    1489.28 0.0000e+00
       1047 143.390579     36.155     36.490    10.1305  36.918819     5.0498 8.5631e-01    281.179     99.140     36.155    33.6653    25.8884    1489.28 0.0000e+00
       1048 143.390579     36.149     36.484    10.1306  36.919098     5.0422 8.5631e-01    281.124     99.121     36.149    33.6655    25.8886    1489.28 0.0000e+00
       1049 143.390579     36.138     36.473    10.1308  36.919495     4.6321 8.6703e-01    281.228     99.158     36.138    33.6658    25.8887    1489.28 0.0000e+00
       1050 143.390579     36.123     36.458    10.1311  36.919964     4.6283 8.6893e-01    281.256     99.168     36.123    33.6660    25.8889    1489.28 0.0000e+00
       1051 143.390579     36.105     36.440    10.1314  36.920387     3.8787 8.6969e-01    281.343     99.199     36.105    33.6661    25.8889    1489.28 0.0000e+00
       1052 143.390594     36.083     36.418    10.1318  36.920662     3.8825 8.9904e-01    281.280     99.177     36.083    33.6660    25.8887    1489.28 0.0000e+00
       1053 143.390594     36.058     36.392    10.1322  36.920830     5.0097 8.8386e-01    281.247     99.167     36.058    33.6658    25.8886    1489.28 0.0000e+00
       1054 143.390594     36.029     36.363    10.1325  36.921009     5.0002 8.9454e-01    281.312     99.190     36.029    33.6658    25.8885    1489.28 0.0000e+00
       1055 143.390594     35.998     36.332    10.1327  36.921207     5.2653 8.8909e-01    281.116     99.122     35.998    33.6658    25.8884    1489.28 0.0000e+00
       1056 143.390594     35.964     36.297    10.1329  36.921352     5.2901 9.1549e-01    281.199     99.151     35.964    33.6658    25.8884    1489.28 0.0000e+00
       1057 143.390594     35.928     36.261    10.1331  36.921391     5.4809 9.2655e-01    281.118     99.123     35.928    33.6657    25.8883    1489.28 0.0000e+00
       1058 143.390610     35.889     36.222    10.1332  36.921371     5.4999 9.4226e-01    281.210     99.154     35.889    33.6656    25.8882    1489.28 0.0000e+00
       1059 143.390610     35.850     36.182    10.1332  36.921360     5.8890 9.5115e-01    281.308     99.188     35.850    33.6655    25.8881    1489.28 0.0000e+00
       1060 143.390610     35.809     36.141    10.1333  36.921329     5.8890 9.4721e-01    281.536     99.264     35.809    33.6655    25.8881    1489.28 0.0000e+00
       1061 143.390610     35.767     36.099    10.1333  36.921284     5.8204 9.6707e-01    281.518     99.261     35.767    33.6655    25.8881    1489.28 0.0000e+00
       1062 143.390610     35.725     36.056    10.1332  36.921246     5.8166 9.6118e-01    281.515     99.261     35.725    33.6655    25.8881    1489.28 0.0000e+00
       1063 143.390625     35.681     36.012    10.1332  36.921268     5.8585 9.6496e-01    281.347     99.201     35.681    33.6655    25.8881    1489.28 0.0000e+00
       1064 143.390625     35.638     35.968    10.1333  36.921387     5.8509 9.7215e-01    281.466     99.243     35.638    33.6656    25.8882    1489.28 0.0000e+00
       1065 143.390625     35.593     35.923    10.1334  36.921547     6.1751 9.9514e-01    281.512     99.259     35.593    33.6657    25.8882    1489.28 0.0000e+00
       1066 143.390625     35.548     35.878    10.1335  36.921700     6.1580 1.0008e+00    281.424     99.228     35.548    33.6657    25.8882    1489.28 0.0000e+00
       1067 143.390625     35.502     35.832    10.1337  36.921844     6.1523 9.8691e-01    281.468     99.243     35.502    33.6657    25.8882    1489.28 0.0000e+00
       1068 143.390640     35.456     35.785    10.1339  36.921974     4.8877 1.0149e+00    281.576     99.281     35.456    33.6657    25.8881    1489.28 0.0000e+00
       1069 143.390640     35.409     35.737    10.1341  36.922096     4.8743 1.0341e+00    281.712     99.328     35.409    33.6657    25.8881    1489.28 0.0000e+00
       1070 143.390640     35.361     35.689    10.1343  36.922241     4.5386 1.0151e+00    281.514     99.258     35.361    33.6656    25.8880    1489.28 0.0000e+00
       1071 143.390640     35.313     35.640    10.1345  36.922379     4.5481 1.0485e+00    281.477     99.244     35.313    33.6656    25.8880    1489.28 0.0000e+00
