Loch_Etive/CTD_data_US/2025-05-23/sbe55_sbe19p_5215_20250523_re2.cnv
* Sea-Bird SBE 19plus Data File:
* FileName = C:\Data\sbe55_sbe19p_5215\2025-05-23\sbe55_sbe19p_5215_20250523_re2060.hex
* Software Version SeatermAF 2.1.4
* Temperature SN = 5215
* Conductivity SN = 5215
* System UpLoad Time = May 23 2025 12:50:21 (localtime) = May 23 2025 12:50:21 (UTC)
* ds
* SeacatPlus V 1.6b  SERIAL NO. 5215    23 May 2025  12:49:53
# nquan = 15                                
# nvalues = 1135                        
# units = specified
# name 0 = scan: Scan Count
# name 1 = timeJ: Julian Days
# name 2 = depSM: Depth [salt water, m], lat = 56.00
# name 3 = prdM: Pressure, Strain Gauge [db]
# name 4 = tv290C: Temperature [ITS-90, deg C]
# name 5 = c0mS/cm: Conductivity [mS/cm]
# name 6 = flECO-AFL: Fluorescence, WET Labs ECO-AFL/FL [mg/m^3]
# name 7 = par/sat/log: PAR/Logarithmic, Satlantic [umol photons/m^2/sec]
# name 8 = sbeox0Mm/L: Oxygen, SBE 43 [umol/l]
# name 9 = sbeox0PS: Oxygen, SBE 43 [% saturation]
# name 10 = depSM: Depth [salt water, m], lat = 56
# name 11 = sal00: Salinity, Practical [PSU]
# name 12 = sigma-é00: Density [sigma-theta, kg/m^3]
# name 13 = svCM: Sound Velocity [Chen-Millero, m/s]
# name 14 = flag: flag
# span 0 =        301,       1435       
# span 1 = 143.525192, 143.528473       
# span 2 =      0.071,     40.668       
# span 3 =      0.072,     41.045       
# span 4 =    10.5207,    15.2376       
# span 5 =   1.376117,  33.484856       
# span 6 =    -0.0963,   123.8794       
# span 7 = 5.2948e-02, 1.4905e+03       
# span 8 =    144.302,    337.645       
# span 9 =     49.994,    117.442       
# span 10 =      0.071,     40.668      
# span 11 =     0.8734,    27.5767      
# span 12 =    -0.1709,    20.9825      
# span 13 =    1465.24,    1497.46      
# span 14 = 0.0000e+00, 0.0000e+00      
# interval = seconds: 0.25
# start_time = May 23 2025 12:35:01 [Instrument's time stamp, header]
# bad_flag = -9.990e-29
*END*
[from data line 772]
       1073 143.527420     24.259     24.483    10.5739  30.849566     2.8239 6.6841e-02    248.677     84.933     24.259    27.2574    20.8242    1482.92 0.0000e+00
       1074 143.527420     24.171     24.395    10.5703  30.847153     2.7819 5.6274e-02    248.661     84.925     24.171    27.2577    20.8250    1482.91 0.0000e+00
       1075 143.527420     24.084     24.306    10.5676  30.845161     2.7991 6.0771e-02    248.407     84.835     24.084    27.2578    20.8255    1482.89 0.0000e+00
       1076 143.527420     23.997     24.218    10.5657  30.843086     3.0013 6.8526e-02    248.092     84.725     23.997    27.2573    20.8254    1482.89 0.0000e+00
       1077 143.527435     23.910     24.131    10.5641  30.841175     3.0070 5.9966e-02    247.934     84.670     23.910    27.2566    20.8252    1482.88 0.0000e+00
       1078 143.527435     23.825     24.046    10.5627  30.839352     3.2416 6.9430e-02    247.729     84.601     23.825    27.2560    20.8249    1482.87 0.0000e+00
       1079 143.527435     23.741     23.960    10.5614  30.837400     3.2511 6.2726e-02    247.549     84.537     23.741    27.2551    20.8244    1482.86 0.0000e+00
       1080 143.527435     23.656     23.875    10.5601  30.835625     2.9173 6.8917e-02    247.247     84.426     23.656    27.2543    20.8240    1482.86 0.0000e+00
       1081 143.527435     23.571     23.789    10.5588  30.834293     2.9135 6.9370e-02    247.015     84.337     23.571    27.2540    20.8240    1482.85 0.0000e+00
       1082 143.527451     23.485     23.702    10.5576  30.833027     2.8296 7.3503e-02    246.892     84.294     23.485    27.2537    20.8239    1482.84 0.0000e+00
       1083 143.527451     23.398     23.615    10.5567  30.831575     2.8449 8.9330e-02    246.785     84.260     23.398    27.2530    20.8235    1482.84 0.0000e+00
       1084 143.527451     23.312     23.527    10.5556  30.830105     2.8525 6.9628e-02    246.771     84.256     23.312    27.2524    20.8232    1482.83 0.0000e+00
       1085 143.527451     23.226     23.440    10.5545  30.828764     2.8506 7.6000e-02    246.827     84.272     23.226    27.2520    20.8231    1482.83 0.0000e+00
       1086 143.527451     23.139     23.353    10.5533  30.827744     2.8544 8.3647e-02    246.839     84.271     23.139    27.2518    20.8232    1482.82 0.0000e+00
       1087 143.527466     23.052     23.265    10.5524  30.827293     2.8182 8.5681e-02    246.938     84.297     23.052    27.2521    20.8235    1482.82 0.0000e+00
       1088 143.527466     22.965     23.177    10.5519  30.827124     2.8372 7.9306e-02    246.949     84.298     22.965    27.2524    20.8238    1482.81 0.0000e+00
       1089 143.527466     22.878     23.089    10.5517  30.826698     2.9421 9.6090e-02    247.104     84.353     22.878    27.2521    20.8236    1482.81 0.0000e+00
       1090 143.527466     22.791     23.002    10.5517  30.825813     2.9498 9.7229e-02    247.185     84.384     22.791    27.2513    20.8230    1482.81 0.0000e+00
       1091 143.527466     22.705     22.914    10.5516  30.824446     2.9784 8.7458e-02    247.040     84.336     22.705    27.2501    20.8221    1482.80 0.0000e+00
       1092 143.527481     22.619     22.828    10.5511  30.822824     2.9784 9.8663e-02    246.897     84.285     22.619    27.2489    20.8212    1482.80 0.0000e+00
       1093 143.527481     22.533     22.742    10.5503  30.821321     2.7705 1.0685e-01    246.742     84.225     22.533    27.2480    20.8206    1482.79 0.0000e+00
       1094 143.527481     22.448     22.655    10.5495  30.820007     2.7743 9.3850e-02    246.343     84.084     22.448    27.2474    20.8203    1482.79 0.0000e+00
       1095 143.527481     22.362     22.568    10.5487  30.818548     3.0947 1.1571e-01    246.185     84.026     22.362    27.2466    20.8198    1482.78 0.0000e+00
       1096 143.527481     22.276     22.482    10.5480  30.816351     3.1004 1.0537e-01    245.769     83.887     22.276    27.2450    20.8187    1482.78 0.0000e+00
       1097 143.527481     22.190     22.395    10.5471  30.813181     3.1786 1.0520e-01    245.267     83.713     22.190    27.2426    20.8170    1482.77 0.0000e+00
       1098 143.527496     22.103     22.308    10.5457  30.809841     3.1558 1.1351e-01    245.029     83.628     22.103    27.2405    20.8155    1482.76 0.0000e+00
       1099 143.527496     22.017     22.220    10.5439  30.807611     3.0070 1.1406e-01    244.760     83.535     22.017    27.2397    20.8152    1482.75 0.0000e+00
       1100 143.527496     21.930     22.132    10.5423  30.806601     3.0146 1.1920e-01    244.232     83.352     21.930    27.2399    20.8156    1482.75 0.0000e+00
       1101 143.527496     21.843     22.045    10.5414  30.805439     2.8620 1.0650e-01    243.805     83.206     21.843    27.2395    20.8154    1482.74 0.0000e+00
       1102 143.527496     21.757     21.958    10.5408  30.803181     2.8506 1.2499e-01    243.572     83.127     21.757    27.2377    20.8141    1482.73 0.0000e+00
       1103 143.527512     21.672     21.873    10.5402  30.800205     3.0432 1.2614e-01    243.150     82.985     21.672    27.2353    20.8124    1482.73 0.0000e+00
       1104 143.527512     21.588     21.788    10.5391  30.797190     3.0280 1.1233e-01    242.980     82.928     21.588    27.2332    20.8109    1482.72 0.0000e+00
       1105 143.527512     21.505     21.703    10.5379  30.794920     2.9974 1.4029e-01    242.581     82.788     21.505    27.2319    20.8101    1482.71 0.0000e+00
       1106 143.527512     21.420     21.618    10.5367  30.793995     3.0013 1.4345e-01    242.412     82.729     21.420    27.2319    20.8103    1482.71 0.0000e+00
       1107 143.527512     21.336     21.533    10.5361  30.793703     3.0089 1.3658e-01    242.397     82.724     21.336    27.2321    20.8105    1482.70 0.0000e+00
       1108 143.527527     21.251     21.448    10.5360  30.792788     3.0184 1.4953e-01    241.928     82.567     21.251    27.2313    20.8099    1482.70 0.0000e+00
       1109 143.527527     21.167     21.363    10.5361  30.790712     2.9994 1.4106e-01    241.719     82.500     21.167    27.2293    20.8083    1482.70 0.0000e+00
       1110 143.527527     21.083     21.278    10.5358  30.787611     3.2301 1.5583e-01    241.351     82.377     21.083    27.2265    20.8062    1482.69 0.0000e+00
       1111 143.527527     20.999     21.193    10.5351  30.784300     3.2340 1.5488e-01    241.062     82.279     20.999    27.2238    20.8043    1482.68 0.0000e+00
       1112 143.527527     20.915     21.108    10.5340  30.781706     3.4724 1.6050e-01    240.626     82.130     20.915    27.2221    20.8031    1482.68 0.0000e+00
       1113 143.527542     20.830     21.022    10.5329  30.779963     3.4628 1.5461e-01    240.356     82.037     20.830    27.2212    20.8026    1482.67 0.0000e+00
       1114 143.527542     20.745     20.937    10.5322  30.778397     3.2378 1.5563e-01    240.001     81.918     20.745    27.2203    20.8020    1482.67 0.0000e+00
       1115 143.527542     20.660     20.851    10.5317  30.776318     3.2282 1.6631e-01    239.362     81.703     20.660    27.2187    20.8008    1482.66 0.0000e+00
       1116 143.527542     20.576     20.766    10.5312  30.774134     3.4648 1.7294e-01    239.283     81.678     20.576    27.2170    20.7995    1482.66 0.0000e+00
       1117 143.527542     20.491     20.680    10.5306  30.772478     3.4686 1.7047e-01    238.798     81.513     20.491    27.2158    20.7987    1482.65 0.0000e+00
       1118 143.527542     20.406     20.594    10.5302  30.771307     3.3656 1.7882e-01    238.583     81.440     20.406    27.2150    20.7982    1482.65 0.0000e+00
       1119 143.527557     20.320     20.508    10.5300  30.770502     3.3751 1.7995e-01    238.006     81.243     20.320    27.2144    20.7977    1482.64 0.0000e+00
       1120 143.527557     20.235     20.422    10.5301  30.769926     3.3179 1.9118e-01    237.677     81.130     20.235    27.2138    20.7972    1482.64 0.0000e+00
       1121 143.527557     20.149     20.335    10.5303  30.769203     3.3179 1.8746e-01    237.176     80.960     20.149    27.2129    20.7965    1482.64 0.0000e+00
       1122 143.527557     20.065     20.250    10.5307  30.767962     3.7032 1.8832e-01    236.854     80.851     20.065    27.2115    20.7953    1482.64 0.0000e+00
       1123 143.527557     19.980     20.164    10.5311  30.766449     3.7089 1.9707e-01    236.584     80.761     19.980    27.2098    20.7939    1482.64 0.0000e+00
       1124 143.527573     19.895     20.078    10.5314  30.765455     3.4724 2.0560e-01    236.407     80.704     19.895    27.2085    20.7929    1482.63 0.0000e+00
       1125 143.527573     19.808     19.991    10.5319  30.765423     3.4667 2.1009e-01    236.355     80.689     19.808    27.2082    20.7926    1482.63 0.0000e+00
       1126 143.527573     19.721     19.903    10.5326  30.765997     3.1844 2.2009e-01    236.302     80.673     19.721    27.2083    20.7925    1482.64 0.0000e+00
       1127 143.527573     19.634     19.815    10.5336  30.766476     3.1882 2.1808e-01    236.309     80.679     19.634    27.2080    20.7922    1482.64 0.0000e+00
       1128 143.527573     19.547     19.728    10.5347  30.766508     4.2887 2.3341e-01    236.160     80.632     19.547    27.2073    20.7914    1482.64 0.0000e+00
       1129 143.527588     19.461     19.641    10.5357  30.766176     4.2945 2.3123e-01    236.051     80.597     19.461    27.2062    20.7904    1482.64 0.0000e+00
       1130 143.527588     19.376     19.555    10.5366  30.765713     4.0103 2.4399e-01    236.005     80.586     19.376    27.2051    20.7894    1482.64 0.0000e+00
       1131 143.527588     19.291     19.469    10.5374  30.765434     4.0198 2.4911e-01    235.669     80.474     19.291    27.2043    20.7886    1482.64 0.0000e+00
       1132 143.527588     19.205     19.382    10.5383  30.765551     3.9244 2.5355e-01    235.499     80.419     19.205    27.2038    20.7881    1482.64 0.0000e+00
       1133 143.527588     19.118     19.294    10.5392  30.765869     3.9111 2.7220e-01    235.144     80.301     19.118    27.2034    20.7877    1482.64 0.0000e+00
       1134 143.527588     19.030     19.205    10.5401  30.766056     3.9130 2.6522e-01    234.837     80.198     19.030    27.2030    20.7872    1482.65 0.0000e+00
       1135 143.527603     18.942     19.117    10.5409  30.766043     3.5086 2.7507e-01    234.226     79.991     18.942    27.2024    20.7866    1482.65 0.0000e+00
       1136 143.527603     18.855     19.029    10.5415  30.765966     3.5010 2.8127e-01    233.968     79.904     18.855    27.2019    20.7862    1482.65 0.0000e+00
       1137 143.527603     18.768     18.941    10.5420  30.766024     3.6231 2.8237e-01    233.482     79.741     18.768    27.2017    20.7859    1482.65 0.0000e+00
       1138 143.527603     18.681     18.854    10.5424  30.766325     3.6193 3.0354e-01    233.020     79.588     18.681    27.2017    20.7858    1482.65 0.0000e+00
       1139 143.527603     18.594     18.766    10.5430  30.766886     3.8062 2.9939e-01    232.607     79.452     18.594    27.2018    20.7858    1482.65 0.0000e+00
       1140 143.527618     18.506     18.677    10.5438  30.767673     3.8081 3.1310e-01    232.311     79.355     18.506    27.2020    20.7859    1482.65 0.0000e+00
       1141 143.527618     18.418     18.588    10.5448  30.768606     3.7070 3.2078e-01    231.744     79.163     18.418    27.2022    20.7858    1482.65 0.0000e+00
       1142 143.527618     18.330     18.499    10.5461  30.769585     3.7032 3.2551e-01    231.353     79.031     18.330    27.2022    20.7857    1482.65 0.0000e+00
       1143 143.527618     18.242     18.411    10.5475  30.770596     3.4648 3.5430e-01    230.874     78.869     18.242    27.2022    20.7854    1482.66 0.0000e+00
       1144 143.527618     18.155     18.323    10.5491  30.771673     3.4876 3.5268e-01    230.026     78.584     18.155    27.2021    20.7850    1482.66 0.0000e+00
       1145 143.527634     18.069     18.235    10.5509  30.772793     3.7833 3.5866e-01    230.175     78.641     18.069    27.2019    20.7846    1482.67 0.0000e+00
       1146 143.527634     17.982     18.148    10.5527  30.773972     3.7890 3.6931e-01    229.553     78.435     17.982    27.2017    20.7842    1482.67 0.0000e+00
       1147 143.527634     17.895     18.060    10.5545  30.775185     3.8291 3.8011e-01    229.075     78.275     17.895    27.2016    20.7838    1482.68 0.0000e+00
       1148 143.527634     17.806     17.971    10.5564  30.776302     3.8310 3.9105e-01    228.695     78.148     17.806    27.2013    20.7833    1482.68 0.0000e+00
       1149 143.527634     17.718     17.881    10.5583  30.777308     3.7089 4.0478e-01    228.423     78.059     17.718    27.2009    20.7827    1482.69 0.0000e+00
       1150 143.527649     17.629     17.791    10.5600  30.778248     3.7108 4.1844e-01    227.859     77.869     17.629    27.2006    20.7821    1482.69 0.0000e+00
       1151 143.527649     17.540     17.701    10.5617  30.779097     4.3555 4.2406e-01    227.375     77.708     17.540    27.2002    20.7815    1482.70 0.0000e+00
       1152 143.527649     17.451     17.612    10.5633  30.779890     4.3555 4.4376e-01    226.989     77.579     17.451    27.1998    20.7810    1482.70 0.0000e+00
       1153 143.527649     17.363     17.523    10.5648  30.780806     4.6378 4.6025e-01    226.537     77.429     17.363    27.1996    20.7806    1482.70 0.0000e+00
       1154 143.527649     17.275     17.435    10.5663  30.781963     4.6340 4.6216e-01    226.152     77.302     17.275    27.1997    20.7804    1482.71 0.0000e+00
       1155 143.527649     17.187     17.346    10.5681  30.783249     4.5634 4.7536e-01    225.640     77.132     17.187    27.1996    20.7801    1482.71 0.0000e+00
       1156 143.527664     17.099     17.257    10.5701  30.784519     4.5787 4.9605e-01    225.286     77.015     17.099    27.1994    20.7795    1482.72 0.0000e+00
       1157 143.527664     17.010     17.167    10.5723  30.785671     4.5768 5.0977e-01    224.926     76.895     17.010    27.1989    20.7788    1482.72 0.0000e+00
       1158 143.527664     16.921     17.077    10.5744  30.786711     4.2601 5.2217e-01    224.361     76.704     16.921    27.1984    20.7781    1482.73 0.0000e+00
       1159 143.527664     16.832     16.987    10.5762  30.787790     4.2659 5.3779e-01    223.850     76.535     16.832    27.1981    20.7776    1482.73 0.0000e+00
       1160 143.527664     16.744     16.898    10.5780  30.789040     4.1457 5.5594e-01    223.078     76.277     16.744    27.1981    20.7773    1482.74 0.0000e+00
       1161 143.527679     16.656     16.810    10.5799  30.790590     4.1590 5.7095e-01    222.628     76.129     16.656    27.1982    20.7771    1482.74 0.0000e+00
       1162 143.527679     16.569     16.722    10.5821  30.792425     4.2792 5.8547e-01    222.088     75.948     16.569    27.1984    20.7768    1482.75 0.0000e+00
       1163 143.527679     16.481     16.633    10.5847  30.794212     4.2582 5.9579e-01    221.573     75.775     16.481    27.1982    20.7763    1482.76 0.0000e+00
       1164 143.527679     16.391     16.543    10.5874  30.795794     4.2887 6.2253e-01    221.059     75.606     16.391    27.1978    20.7755    1482.77 0.0000e+00
       1165 143.527679     16.301     16.452    10.5899  30.797352     4.2926 6.4664e-01    220.403     75.393     16.301    27.1975    20.7749    1482.77 0.0000e+00
       1166 143.527695     16.211     16.361    10.5922  30.799025     4.4394 6.8457e-01    220.103     75.303     16.211    27.1974    20.7745    1482.78 0.0000e+00
       1167 143.527695     16.122     16.271    10.5944  30.800694     4.4490 6.9057e-01    219.579     75.133     16.122    27.1975    20.7742    1482.79 0.0000e+00
