Loch_Etive/CTD_data_US/2025-05-23/sbe55_sbe19p_5215_20250523_re8.cnv
* Sea-Bird SBE 19plus Data File:
* FileName = C:\Data\sbe55_sbe19p_5215\2025-05-23\sbe55_sbe19p_5215_20250523_re8058.hex
* Software Version SeatermAF 2.1.4
* Temperature SN = 5215
* Conductivity SN = 5215
* System UpLoad Time = May 23 2025 09:52:47 (localtime) = May 23 2025 09:52:47 (UTC)
* ds
* SeacatPlus V 1.6b  SERIAL NO. 5215    23 May 2025  09:52:10
# nquan = 15                                
# nvalues = 1373                        
# units = specified
# name 0 = scan: Scan Count
# name 1 = timeJ: Julian Days
# name 2 = depSM: Depth [salt water, m], lat = 56.00
# name 3 = prdM: Pressure, Strain Gauge [db]
# name 4 = tv290C: Temperature [ITS-90, deg C]
# name 5 = c0mS/cm: Conductivity [mS/cm]
# name 6 = flECO-AFL: Fluorescence, WET Labs ECO-AFL/FL [mg/m^3]
# name 7 = par/sat/log: PAR/Logarithmic, Satlantic [umol photons/m^2/sec]
# name 8 = sbeox0Mm/L: Oxygen, SBE 43 [umol/l]
# name 9 = sbeox0PS: Oxygen, SBE 43 [% saturation]
# name 10 = depSM: Depth [salt water, m], lat = 56
# name 11 = sal00: Salinity, Practical [PSU]
# name 12 = sigma-é00: Density [sigma-theta, kg/m^3]
# name 13 = svCM: Sound Velocity [Chen-Millero, m/s]
# name 14 = flag: flag
# span 0 =        301,       1673       
# span 1 = 143.388412, 143.392380       
# span 2 =      0.099,     36.155       
# span 3 =      0.099,     36.491       
# span 4 =    10.1275,    12.0997       
# span 5 =   0.854181,  37.682621       
# span 6 =    -0.0105,   123.8775       
# span 7 = 8.4442e-01, 3.1567e+03       
# span 8 =    280.414,    352.677       
# span 9 =     85.883,    117.847       
# span 10 =      0.099,     36.155      
# span 11 =     0.5749,    33.6857      
# span 12 =    -0.0001,    25.8895      
# span 13 =    1454.01,    1492.83      
# span 14 = 0.0000e+00, 0.0000e+00      
# interval = seconds: 0.25
# start_time = May 23 2025 09:18:04 [Instrument's time stamp, header]
# bad_flag = -9.990e-29
*END*
[from data line 579]
        880 143.390091     25.053     25.284    10.1764  36.949467     2.4577 1.0451e+01    295.777    104.356     25.053    33.6587    25.8753    1489.25 0.0000e+00
        881 143.390091     25.128     25.361    10.1758  36.948349     2.4805 1.0342e+01    295.661    104.314     25.128    33.6581    25.8749    1489.25 0.0000e+00
        882 143.390091     25.204     25.437    10.1749  36.946758     2.3241 1.0205e+01    295.714    104.332     25.204    33.6573    25.8745    1489.24 0.0000e+00
        883 143.390091     25.279     25.512    10.1736  36.945087     2.3280 1.0103e+01    295.643    104.305     25.279    33.6568    25.8743    1489.24 0.0000e+00
        884 143.390106     25.353     25.588    10.1721  36.943680     2.9479 9.9739e+00    295.695    104.322     25.353    33.6568    25.8745    1489.23 0.0000e+00
        885 143.390106     25.428     25.663    10.1705  36.942467     2.9498 9.8655e+00    295.886    104.387     25.428    33.6570    25.8750    1489.23 0.0000e+00
        886 143.390106     25.502     25.738    10.1690  36.941425     2.6408 9.7329e+00    296.005    104.426     25.502    33.6573    25.8754    1489.23 0.0000e+00
        887 143.390106     25.576     25.812    10.1677  36.940666     2.6370 9.6419e+00    296.007    104.424     25.576    33.6577    25.8759    1489.22 0.0000e+00
        888 143.390106     25.650     25.887    10.1666  36.940262     3.2721 9.5185e+00    295.904    104.386     25.650    33.6583    25.8766    1489.22 0.0000e+00
        889 143.390121     25.724     25.962    10.1657  36.940235     3.2893 9.3741e+00    295.693    104.311     25.724    33.6591    25.8774    1489.22 0.0000e+00
        890 143.390121     25.800     26.038    10.1651  36.940483     2.2803 9.2561e+00    295.502    104.242     25.800    33.6598    25.8781    1489.22 0.0000e+00
        891 143.390121     25.876     26.115    10.1648  36.940819     2.2974 9.1057e+00    295.329    104.181     25.876    33.6604    25.8786    1489.22 0.0000e+00
        892 143.390121     25.952     26.192    10.1647  36.941101     2.9860 8.9715e+00    295.171    104.125     25.952    33.6608    25.8789    1489.22 0.0000e+00
        893 143.390121     26.028     26.269    10.1647  36.941296     2.9707 8.8837e+00    295.172    104.125     26.028    33.6609    25.8790    1489.22 0.0000e+00
        894 143.390137     26.104     26.346    10.1647  36.941395     3.8539 8.7949e+00    294.951    104.047     26.104    33.6610    25.8790    1489.23 0.0000e+00
        895 143.390137     26.179     26.421    10.1647  36.941402     3.8520 8.6956e+00    294.921    104.036     26.179    33.6610    25.8790    1489.23 0.0000e+00
        896 143.390137     26.253     26.496    10.1646  36.941315     4.4108 8.6238e+00    294.696    103.954     26.253    33.6609    25.8790    1489.23 0.0000e+00
        897 143.390137     26.327     26.571    10.1645  36.941109     4.4280 8.5059e+00    294.366    103.836     26.327    33.6608    25.8790    1489.23 0.0000e+00
        898 143.390137     26.401     26.645    10.1643  36.940788     3.1310 8.3897e+00    294.332    103.821     26.401    33.6607    25.8789    1489.23 0.0000e+00
        899 143.390152     26.476     26.721    10.1639  36.940353     3.1367 8.2968e+00    294.017    103.707     26.476    33.6605    25.8788    1489.23 0.0000e+00
        900 143.390152     26.552     26.797    10.1635  36.939743     3.1329 8.1282e+00    293.826    103.635     26.552    33.6602    25.8787    1489.23 0.0000e+00
        901 143.390152     26.629     26.875    10.1630  36.938946     3.8424 7.9962e+00    293.552    103.534     26.629    33.6599    25.8785    1489.23 0.0000e+00
        902 143.390152     26.706     26.953    10.1623  36.938091     3.8291 7.9041e+00    293.000    103.334     26.706    33.6596    25.8784    1489.23 0.0000e+00
        903 143.390152     26.784     27.032    10.1616  36.937244     2.6408 7.8115e+00    292.555    103.174     26.784    33.6594    25.8783    1489.22 0.0000e+00
        904 143.390152     26.862     27.110    10.1608  36.936474     2.6312 7.6913e+00    292.232    103.057     26.862    33.6593    25.8784    1489.22 0.0000e+00
        905 143.390167     26.940     27.189    10.1599  36.935875     1.8759 7.5912e+00    291.813    102.908     26.940    33.6595    25.8787    1489.22 0.0000e+00
        906 143.390167     27.017     27.267    10.1592  36.935467     1.8645 7.4646e+00    291.164    102.678     27.017    33.6597    25.8790    1489.22 0.0000e+00
        907 143.390167     27.095     27.346    10.1585  36.935200     2.1086 7.3209e+00    290.673    102.503     27.095    33.6600    25.8794    1489.22 0.0000e+00
        908 143.390167     27.173     27.425    10.1580  36.935051     2.0991 7.2209e+00    290.058    102.285     27.173    33.6603    25.8797    1489.22 0.0000e+00
        909 143.390167     27.252     27.504    10.1575  36.934944     2.5969 7.0819e+00    289.131    101.956     27.252    33.6606    25.8800    1489.22 0.0000e+00
        910 143.390182     27.330     27.583    10.1572  36.934795     2.5950 6.9516e+00    288.636    101.780     27.330    33.6607    25.8802    1489.22 0.0000e+00
        911 143.390182     27.408     27.661    10.1568  36.934528     3.7699 6.8253e+00    288.094    101.588     27.408    33.6607    25.8802    1489.22 0.0000e+00
        912 143.390182     27.485     27.739    10.1565  36.934059     3.7661 6.7630e+00    287.599    101.412     27.485    33.6606    25.8801    1489.22 0.0000e+00
        913 143.390182     27.561     27.816    10.1560  36.933361     2.2993 6.6807e+00    287.178    101.262     27.561    33.6603    25.8800    1489.22 0.0000e+00
        914 143.390182     27.638     27.894    10.1553  36.932453     2.3051 6.6198e+00    286.860    101.148     27.638    33.6600    25.8799    1489.22 0.0000e+00
        915 143.390198     27.716     27.972    10.1544  36.931335     3.1252 6.5008e+00    286.694    101.088     27.716    33.6596    25.8798    1489.21 0.0000e+00
        916 143.390198     27.794     28.051    10.1533  36.930027     3.1348 6.3660e+00    286.353    100.966     27.794    33.6593    25.8797    1489.21 0.0000e+00
        917 143.390198     27.873     28.131    10.1520  36.928596     2.5721 6.2598e+00    286.362    100.967     27.873    33.6590    25.8797    1489.21 0.0000e+00
        918 143.390198     27.953     28.212    10.1505  36.927147     2.5797 6.1743e+00    285.962    100.825     27.953    33.6589    25.8799    1489.20 0.0000e+00
        919 143.390198     28.032     28.292    10.1489  36.925770     4.5768 6.0740e+00    286.182    100.901     28.032    33.6590    25.8802    1489.20 0.0000e+00
        920 143.390213     28.111     28.371    10.1472  36.924583     4.5729 5.9910e+00    285.609    100.698     28.111    33.6593    25.8807    1489.19 0.0000e+00
        921 143.390213     28.188     28.449    10.1456  36.923656     6.3163 5.9480e+00    285.183    100.547     28.188    33.6598    25.8814    1489.19 0.0000e+00
        922 143.390213     28.265     28.526    10.1442  36.922943     6.3125 5.8885e+00    284.744    100.391     28.265    33.6603    25.8820    1489.19 0.0000e+00
        923 143.390213     28.341     28.603    10.1431  36.922340     3.7890 5.8119e+00    284.449    100.287     28.341    33.6607    25.8826    1489.19 0.0000e+00
        924 143.390213     28.416     28.679    10.1422  36.921749     3.7871 5.7299e+00    284.175    100.189     28.416    33.6609    25.8829    1489.18 0.0000e+00
        925 143.390213     28.491     28.755    10.1414  36.921169     3.7909 5.6529e+00    283.877    100.084     28.491    33.6611    25.8831    1489.18 0.0000e+00
        926 143.390228     28.567     28.831    10.1406  36.920612     4.0217 5.5720e+00    283.625     99.995     28.567    33.6612    25.8833    1489.18 0.0000e+00
        927 143.390228     28.642     28.907    10.1398  36.920086     4.0217 5.4911e+00    283.424     99.925     28.642    33.6613    25.8836    1489.18 0.0000e+00
        928 143.390228     28.717     28.982    10.1391  36.919621     5.0326 5.4042e+00    283.458     99.936     28.717    33.6615    25.8839    1489.18 0.0000e+00
        929 143.390228     28.791     29.058    10.1384  36.919144     5.0326 5.3420e+00    283.342     99.894     28.791    33.6617    25.8841    1489.18 0.0000e+00
        930 143.390228     28.865     29.132    10.1377  36.918587     3.7680 5.2633e+00    283.094     99.805     28.865    33.6617    25.8842    1489.18 0.0000e+00
        931 143.390244     28.939     29.207    10.1370  36.917969     3.7718 5.2038e+00    283.116     99.812     28.939    33.6617    25.8843    1489.17 0.0000e+00
        932 143.390244     29.012     29.281    10.1363  36.917374     5.7918 5.1316e+00    283.041     99.786     29.012    33.6617    25.8845    1489.17 0.0000e+00
        933 143.390244     29.085     29.355    10.1355  36.916847     5.7860 5.0737e+00    282.960     99.757     29.085    33.6618    25.8847    1489.17 0.0000e+00
        934 143.390244     29.158     29.428    10.1348  36.916370     4.4757 4.9923e+00    282.734     99.677     29.158    33.6620    25.8850    1489.17 0.0000e+00
        935 143.390244     29.231     29.502    10.1341  36.915939     4.4699 4.9166e+00    282.785     99.695     29.231    33.6622    25.8853    1489.17 0.0000e+00
        936 143.390259     29.305     29.576    10.1334  36.915573     4.0370 4.8526e+00    282.697     99.663     29.305    33.6624    25.8855    1489.17 0.0000e+00
        937 143.390259     29.379     29.651    10.1328  36.915257     4.0427 4.8114e+00    282.459     99.579     29.379    33.6626    25.8858    1489.17 0.0000e+00
        938 143.390259     29.452     29.725    10.1323  36.914993     3.8291 4.7003e+00    282.226     99.496     29.452    33.6628    25.8861    1489.17 0.0000e+00
        939 143.390259     29.526     29.799    10.1318  36.914753     3.8233 4.6179e+00    282.078     99.444     29.526    33.6630    25.8863    1489.17 0.0000e+00
        940 143.390259     29.599     29.873    10.1314  36.914501     3.7375 4.5290e+00    281.822     99.354     29.599    33.6631    25.8864    1489.17 0.0000e+00
        941 143.390259     29.672     29.946    10.1310  36.914291     3.7356 4.4642e+00    281.587     99.271     29.672    33.6632    25.8865    1489.17 0.0000e+00
        942 143.390274     29.744     30.019    10.1307  36.914158     4.6931 4.3974e+00    281.388     99.201     29.744    33.6633    25.8867    1489.17 0.0000e+00
        943 143.390274     29.815     30.091    10.1305  36.914074     4.6950 4.3411e+00    281.227     99.145     29.815    33.6634    25.8869    1489.17 0.0000e+00
        944 143.390274     29.885     30.162    10.1302  36.913994     4.2029 4.2706e+00    281.028     99.074     29.885    33.6635    25.8870    1489.17 0.0000e+00
        945 143.390274     29.956     30.234    10.1300  36.913841     4.2067 4.1967e+00    281.307     99.173     29.956    33.6635    25.8870    1489.17 0.0000e+00
        946 143.390274     30.028     30.306    10.1298  36.913609     4.6073 4.1456e+00    281.172     99.125     30.028    33.6634    25.8870    1489.17 0.0000e+00
        947 143.390289     30.100     30.379    10.1295  36.913410     4.6130 4.0765e+00    281.191     99.131     30.100    33.6635    25.8870    1489.17 0.0000e+00
        948 143.390289     30.174     30.453    10.1292  36.913284     4.6016 3.9771e+00    281.302     99.171     30.174    33.6636    25.8872    1489.17 0.0000e+00
        949 143.390289     30.248     30.528    10.1289  36.913181     4.2296 3.8878e+00    281.325     99.179     30.248    33.6638    25.8874    1489.17 0.0000e+00
        950 143.390289     30.322     30.603    10.1286  36.913071     4.2353 3.8180e+00    281.337     99.183     30.322    33.6639    25.8875    1489.17 0.0000e+00
        951 143.390289     30.395     30.676    10.1284  36.912975     5.1280 3.7160e+00    281.357     99.191     30.395    33.6639    25.8876    1489.17 0.0000e+00
        952 143.390305     30.467     30.749    10.1282  36.912876     5.1318 3.6821e+00    281.607     99.279     30.467    33.6640    25.8877    1489.17 0.0000e+00
        953 143.390305     30.537     30.820    10.1281  36.912746     5.0593 3.6104e+00    281.558     99.261     30.537    33.6640    25.8877    1489.17 0.0000e+00
        954 143.390305     30.607     30.891    10.1279  36.912643     5.0784 3.5634e+00    281.604     99.278     30.607    33.6640    25.8877    1489.17 0.0000e+00
        955 143.390305     30.677     30.961    10.1278  36.912632     4.1018 3.4986e+00    281.533     99.253     30.677    33.6641    25.8878    1489.17 0.0000e+00
        956 143.390305     30.746     31.031    10.1277  36.912697     4.1114 3.4037e+00    281.750     99.330     30.746    33.6642    25.8880    1489.17 0.0000e+00
        957 143.390320     30.815     31.101    10.1276  36.912811     4.6149 3.3528e+00    281.670     99.302     30.815    33.6644    25.8881    1489.18 0.0000e+00
        958 143.390320     30.884     31.170    10.1276  36.912945     4.5863 3.3019e+00    281.223     99.144     30.884    33.6645    25.8882    1489.18 0.0000e+00
        959 143.390320     30.952     31.239    10.1276  36.913082     5.2405 3.2454e+00    281.294     99.169     30.952    33.6646    25.8883    1489.18 0.0000e+00
        960 143.390320     31.019     31.306    10.1276  36.913197     5.2520 3.1913e+00    281.215     99.141     31.019    33.6646    25.8883    1489.18 0.0000e+00
        961 143.390320     31.085     31.373    10.1276  36.913261     4.6607 3.1463e+00    281.238     99.149     31.085    33.6647    25.8883    1489.18 0.0000e+00
        962 143.390320     31.151     31.439    10.1276  36.913300     4.6435 3.1040e+00    281.201     99.136     31.151    33.6647    25.8883    1489.18 0.0000e+00
        963 143.390335     31.216     31.505    10.1276  36.913349     4.7885 3.0463e+00    281.260     99.157     31.216    33.6647    25.8884    1489.18 0.0000e+00
        964 143.390335     31.280     31.570    10.1276  36.913410     4.7789 2.9974e+00    281.358     99.192     31.280    33.6648    25.8884    1489.18 0.0000e+00
        965 143.390335     31.345     31.635    10.1276  36.913490     4.3898 2.9584e+00    281.386     99.202     31.345    33.6648    25.8885    1489.18 0.0000e+00
        966 143.390335     31.409     31.699    10.1276  36.913612     4.3860 2.9021e+00    281.664     99.299     31.409    33.6649    25.8885    1489.19 0.0000e+00
        967 143.390335     31.472     31.763    10.1276  36.913769     4.6225 2.8901e+00    281.645     99.293     31.472    33.6650    25.8886    1489.19 0.0000e+00
        968 143.390350     31.535     31.827    10.1276  36.913902     4.6225 2.8270e+00    281.666     99.300     31.535    33.6651    25.8887    1489.19 0.0000e+00
        969 143.390350     31.598     31.891    10.1277  36.914001     5.9501 2.7720e+00    281.488     99.237     31.598    33.6651    25.8887    1489.19 0.0000e+00
        970 143.390350     31.662     31.955    10.1277  36.914085     5.9405 2.7068e+00    281.453     99.225     31.662    33.6651    25.8887    1489.19 0.0000e+00
        971 143.390350     31.725     32.019    10.1278  36.914173     5.5343 2.6518e+00    281.335     99.183     31.725    33.6652    25.8887    1489.19 0.0000e+00
        972 143.390350     31.788     32.082    10.1278  36.914276     5.1413 2.5866e+00    281.354     99.190     31.788    33.6652    25.8887    1489.19 0.0000e+00
        973 143.390366     31.850     32.145    10.1279  36.914383     5.1299 2.5742e+00    281.348     99.188     31.850    33.6652    25.8887    1489.19 0.0000e+00
        974 143.390366     31.911     32.207    10.1279  36.914444     4.6263 2.5032e+00    281.171     99.125     31.911    33.6652    25.8887    1489.20 0.0000e+00
