Loch_Etive/CTD_data_US/2025-05-23/sbe55_sbe19p_5215_20250523_re5.cnv
* Sea-Bird SBE 19plus Data File:
* FileName = C:\Data\sbe55_sbe19p_5215\2025-05-23\sbe55_sbe19p_5215_20250523_re5059.hex
* Software Version SeatermAF 2.1.4
* Temperature SN = 5215
* Conductivity SN = 5215
* System UpLoad Time = May 23 2025 11:39:30 (localtime) = May 23 2025 11:39:30 (UTC)
* ds
* SeacatPlus V 1.6b  SERIAL NO. 5215    23 May 2025  11:39:03
# nquan = 15                                
# nvalues = 3236                        
# units = specified
# name 0 = scan: Scan Count
# name 1 = timeJ: Julian Days
# name 2 = depSM: Depth [salt water, m], lat = 56.00
# name 3 = prdM: Pressure, Strain Gauge [db]
# name 4 = tv290C: Temperature [ITS-90, deg C]
# name 5 = c0mS/cm: Conductivity [mS/cm]
# name 6 = flECO-AFL: Fluorescence, WET Labs ECO-AFL/FL [mg/m^3]
# name 7 = par/sat/log: PAR/Logarithmic, Satlantic [umol photons/m^2/sec]
# name 8 = sbeox0Mm/L: Oxygen, SBE 43 [umol/l]
# name 9 = sbeox0PS: Oxygen, SBE 43 [% saturation]
# name 10 = depSM: Depth [salt water, m], lat = 56
# name 11 = sal00: Salinity, Practical [PSU]
# name 12 = sigma-é00: Density [sigma-theta, kg/m^3]
# name 13 = svCM: Sound Velocity [Chen-Millero, m/s]
# name 14 = flag: flag
# span 0 =        301,       3536       
# span 1 = 143.472931, 143.482285       
# span 2 =      0.070,    142.984       
# span 3 =      0.070,    144.348       
# span 4 =    10.4044,    14.6882       
# span 5 =   0.811182,  32.849548       
# span 6 =    -0.1402,   123.8699       
# span 7 = 5.2936e-02, 2.9404e+03       
# span 8 =    166.060,    332.915       
# span 9 =     57.212,    114.528       
# span 10 =      0.070,    142.984      
# span 11 =     0.5194,    27.9805      
# span 12 =    -0.2671,    21.1755      
# span 13 =    1460.82,    1495.46      
# span 14 = 0.0000e+00, 0.0000e+00      
# interval = seconds: 0.25
# start_time = May 23 2025 11:19:46 [Instrument's time stamp, header]
# bad_flag = -9.990e-29
*END*
[from data line 1061]
       1362 143.475998     93.470     94.350    11.7227  32.360199     2.6045 5.3098e-02    265.281     93.345     93.470    27.8297    21.0779    1488.85 0.0000e+00
       1363 143.475998     93.557     94.438    11.7229  32.360184     2.6617 5.3098e-02    265.653     93.474     93.557    27.8296    21.0778    1488.85 0.0000e+00
       1364 143.475998     93.644     94.526    11.7229  32.360538     2.6675 5.3098e-02    266.250     93.684     93.644    27.8298    21.0780    1488.86 0.0000e+00
       1365 143.476013     93.732     94.614    11.7231  32.361252     2.7895 5.3075e-02    266.730     93.852     93.732    27.8303    21.0783    1488.86 0.0000e+00
       1366 143.476013     93.820     94.703    11.7235  32.362263     2.7972 5.3006e-02    266.864     93.901     93.820    27.8310    21.0788    1488.86 0.0000e+00
       1367 143.476013     93.908     94.792    11.7242  32.363697     2.7819 5.3110e-02    267.006     93.952     93.908    27.8318    21.0793    1488.87 0.0000e+00
       1368 143.476013     93.996     94.881    11.7251  32.365940     3.0604 5.3098e-02    267.202     94.023     93.996    27.8332    21.0802    1488.87 0.0000e+00
       1369 143.476013     94.083     94.969    11.7266  32.369591     3.0509 5.3098e-02    267.035     93.964     94.083    27.8355    21.0818    1488.88 0.0000e+00
       1370 143.476028     94.171     95.057    11.7288  32.374172     2.7972 5.3064e-02    267.144     94.001     94.171    27.8382    21.0834    1488.89 0.0000e+00
       1371 143.476028     94.258     95.146    11.7319  32.378265     2.7934 5.3064e-02    267.015     93.957     94.258    27.8397    21.0841    1488.91 0.0000e+00
       1372 143.476028     94.346     95.235    11.7356  32.381924     3.1062 5.3098e-02    267.012     93.955     94.346    27.8405    21.0840    1488.92 0.0000e+00
       1373 143.476028     94.434     95.323    11.7392  32.385765     3.0985 5.3017e-02    266.783     93.876     94.434    27.8413    21.0841    1488.94 0.0000e+00
       1374 143.476028     94.522     95.412    11.7429  32.389389     3.1786 5.3098e-02    267.101     93.989     94.522    27.8420    21.0840    1488.95 0.0000e+00
       1375 143.476028     94.610     95.501    11.7464  32.392387     3.1977 5.3052e-02    267.257     94.045     94.610    27.8422    21.0835    1488.97 0.0000e+00
       1376 143.476044     94.699     95.590    11.7497  32.394875     3.4381 5.3110e-02    267.017     93.960     94.699    27.8421    21.0828    1488.98 0.0000e+00
       1377 143.476044     94.787     95.680    11.7525  32.396729     3.4419 5.3006e-02    267.232     94.035     94.787    27.8417    21.0821    1488.99 0.0000e+00
       1378 143.476044     94.876     95.770    11.7548  32.397652     3.1977 5.3064e-02    267.514     94.135     94.876    27.8408    21.0810    1489.00 0.0000e+00
       1379 143.476044     94.965     95.860    11.7564  32.397869     3.1939 5.3064e-02    267.594     94.166     94.965    27.8398    21.0799    1489.01 0.0000e+00
       1380 143.476044     95.055     95.950    11.7573  32.397938     3.5277 5.3098e-02    267.603     94.174     95.055    27.8392    21.0793    1489.01 0.0000e+00
       1381 143.476059     95.144     96.040    11.7578  32.398106     3.5258 5.3133e-02    267.450     94.124     95.144    27.8390    21.0790    1489.01 0.0000e+00
       1382 143.476059     95.232     96.129    11.7580  32.398392     3.3827 5.3098e-02    267.074     93.993     95.232    27.8390    21.0790    1489.02 0.0000e+00
       1383 143.476059     95.320     96.217    11.7582  32.398846     3.4056 5.3156e-02    266.993     93.967     95.320    27.8393    21.0792    1489.02 0.0000e+00
       1384 143.476059     95.407     96.306    11.7584  32.399429     3.1748 5.3075e-02    267.473     94.138     95.407    27.8396    21.0794    1489.02 0.0000e+00
       1385 143.476059     95.494     96.394    11.7588  32.399937     3.2092 5.3075e-02    266.930     93.949     95.494    27.8398    21.0795    1489.02 0.0000e+00
       1386 143.476074     95.583     96.483    11.7592  32.400188     3.4648 5.3029e-02    267.784     94.250     95.583    27.8397    21.0794    1489.03 0.0000e+00
       1387 143.476074     95.673     96.574    11.7594  32.400234     3.4590 5.3064e-02    267.830     94.267     95.673    27.8395    21.0792    1489.03 0.0000e+00
       1388 143.476074     95.764     96.666    11.7596  32.400326     3.3179 5.3110e-02    267.847     94.273     95.764    27.8395    21.0791    1489.03 0.0000e+00
       1389 143.476074     95.855     96.758    11.7597  32.400612     3.3064 5.3064e-02    267.914     94.298     95.855    27.8396    21.0792    1489.03 0.0000e+00
       1390 143.476074     95.946     96.850    11.7598  32.401039     3.3160 5.3098e-02    267.956     94.312     95.946    27.8399    21.0794    1489.04 0.0000e+00
       1391 143.476089     96.036     96.941    11.7600  32.401554     3.3198 5.2959e-02    267.954     94.312     96.036    27.8402    21.0796    1489.04 0.0000e+00
       1392 143.476089     96.127     97.032    11.7603  32.402046     3.3122 5.3168e-02    267.799     94.259     96.127    27.8405    21.0798    1489.04 0.0000e+00
       1393 143.476089     96.217     97.124    11.7607  32.402401     3.4018 5.3040e-02    267.684     94.219     96.217    27.8405    21.0797    1489.04 0.0000e+00
       1394 143.476089     96.308     97.216    11.7610  32.402760     3.3923 5.3052e-02    267.491     94.152     96.308    27.8405    21.0797    1489.05 0.0000e+00
       1395 143.476089     96.400     97.309    11.7614  32.403461     3.0985 5.3052e-02    267.592     94.188     96.400    27.8409    21.0799    1489.05 0.0000e+00
       1396 143.476089     96.492     97.401    11.7618  32.404732     3.1119 5.3087e-02    267.662     94.214     96.492    27.8417    21.0805    1489.05 0.0000e+00
       1397 143.476105     96.584     97.494    11.7625  32.406345     3.6383 5.3075e-02    267.540     94.172     96.584    27.8427    21.0811    1489.06 0.0000e+00
       1398 143.476105     96.675     97.586    11.7636  32.407829     3.6498 5.3110e-02    267.554     94.177     96.675    27.8433    21.0814    1489.06 0.0000e+00
       1399 143.476105     96.766     97.678    11.7648  32.409027     3.5220 5.3029e-02    267.677     94.220     96.766    27.8435    21.0814    1489.07 0.0000e+00
       1400 143.476105     96.858     97.770    11.7659  32.410114     3.5334 5.3110e-02    267.803     94.266     96.858    27.8437    21.0813    1489.08 0.0000e+00
       1401 143.476105     96.949     97.862    11.7669  32.411167     3.4800 5.3110e-02    267.839     94.279     96.949    27.8439    21.0813    1489.08 0.0000e+00
       1402 143.476120     97.040     97.954    11.7678  32.412025     3.4896 5.3110e-02    268.016     94.344     97.040    27.8440    21.0812    1489.09 0.0000e+00
       1403 143.476120     97.131     98.046    11.7685  32.412621     3.6078 5.3098e-02    267.931     94.318     97.131    27.8440    21.0811    1489.09 0.0000e+00
       1404 143.476120     97.222     98.138    11.7691  32.413067     3.6116 5.3098e-02    268.113     94.387     97.222    27.8439    21.0809    1489.09 0.0000e+00
       1405 143.476120     97.313     98.230    11.7696  32.413483     3.1291 5.3075e-02    268.229     94.433     97.313    27.8440    21.0809    1489.10 0.0000e+00
       1406 143.476120     97.403     98.321    11.7699  32.413914     3.1291 5.3064e-02    268.239     94.441     97.403    27.8441    21.0810    1489.10 0.0000e+00
       1407 143.476135     97.494     98.413    11.7702  32.414349     3.8252 5.3214e-02    268.321     94.472     97.494    27.8443    21.0810    1489.10 0.0000e+00
       1408 143.476135     97.586     98.506    11.7704  32.414806     3.8176 5.3029e-02    268.210     94.434     97.586    27.8445    21.0811    1489.10 0.0000e+00
       1409 143.476135     97.679     98.599    11.7707  32.415367     3.8024 5.3087e-02    268.132     94.407     97.679    27.8448    21.0813    1489.11 0.0000e+00
       1410 143.476135     97.771     98.693    11.7709  32.416050     3.8043 5.3145e-02    268.077     94.387     97.771    27.8452    21.0816    1489.11 0.0000e+00
       1411 143.476135     97.864     98.787    11.7712  32.416821     4.0274 5.3087e-02    268.014     94.365     97.864    27.8458    21.0820    1489.11 0.0000e+00
       1412 143.476151     97.956     98.880    11.7714  32.417625     4.0293 5.3098e-02    267.930     94.335     97.956    27.8463    21.0824    1489.12 0.0000e+00
       1413 143.476151     98.048     98.972    11.7717  32.418427     3.5067 5.3180e-02    267.838     94.301     98.048    27.8468    21.0828    1489.12 0.0000e+00
       1414 143.476151     98.139     99.064    11.7719  32.419189     3.4896 5.3145e-02    267.707     94.253     98.139    27.8473    21.0831    1489.12 0.0000e+00
       1415 143.476151     98.230     99.156    11.7722  32.419884     3.4915 5.3098e-02    267.673     94.240     98.230    27.8477    21.0834    1489.13 0.0000e+00
       1416 143.476151     98.322     99.249    11.7725  32.420605     3.5468 5.3087e-02    267.820     94.290     98.322    27.8482    21.0837    1489.13 0.0000e+00
       1417 143.476151     98.414     99.341    11.7728  32.421497     3.5391 5.3052e-02    267.880     94.311     98.414    27.8488    21.0841    1489.13 0.0000e+00
       1418 143.476166     98.506     99.434    11.7732  32.422661     3.4667 5.3098e-02    267.787     94.277     98.506    27.8495    21.0846    1489.14 0.0000e+00
       1419 143.476166     98.598     99.528    11.7738  32.424252     3.4686 5.3087e-02    267.781     94.276     98.598    27.8506    21.0853    1489.14 0.0000e+00
       1420 143.476166     98.690     99.621    11.7746  32.426380     3.5697 5.3064e-02    267.848     94.298     98.690    27.8520    21.0863    1489.15 0.0000e+00
       1421 143.476166     98.782     99.713    11.7756  32.428799     3.5773 5.3052e-02    267.924     94.325     98.782    27.8535    21.0872    1489.15 0.0000e+00
       1422 143.476166     98.873     99.805    11.7769  32.431095     3.5906 5.3168e-02    267.903     94.317     98.873    27.8546    21.0879    1489.16 0.0000e+00
       1423 143.476181     98.963     99.896    11.7783  32.433125     3.5811 5.3203e-02    267.950     94.334     98.963    27.8555    21.0883    1489.17 0.0000e+00
       1424 143.476181     99.053     99.987    11.7796  32.434811     3.7680 5.3075e-02    268.117     94.392     99.053    27.8561    21.0886    1489.18 0.0000e+00
       1425 143.476181     99.143    100.077    11.7807  32.435925     3.7642 5.3064e-02    267.979     94.343     99.143    27.8563    21.0886    1489.18 0.0000e+00
       1426 143.476181     99.233    100.168    11.7815  32.436485     3.4094 5.3098e-02    268.213     94.426     99.233    27.8562    21.0884    1489.19 0.0000e+00
       1427 143.476181     99.323    100.259    11.7820  32.436733     3.3980 5.3133e-02    268.131     94.396     99.323    27.8561    21.0882    1489.19 0.0000e+00
       1428 143.476196     99.413    100.350    11.7822  32.436775     3.7966 5.3029e-02    268.213     94.425     99.413    27.8559    21.0880    1489.19 0.0000e+00
       1429 143.476196     99.503    100.442    11.7822  32.436558     3.7985 5.3064e-02    268.191     94.417     99.503    27.8557    21.0878    1489.19 0.0000e+00
       1430 143.476196     99.594    100.533    11.7821  32.436031     3.5372 5.3133e-02    268.322     94.463     99.594    27.8552    21.0875    1489.19 0.0000e+00
       1431 143.476196     99.685    100.625    11.7818  32.435352     3.5620 5.3133e-02    268.272     94.445     99.685    27.8547    21.0872    1489.19 0.0000e+00
       1432 143.476196     99.776    100.717    11.7814  32.434795     3.6364 5.3098e-02    268.293     94.453     99.776    27.8545    21.0870    1489.19 0.0000e+00
       1433 143.476196     99.867    100.809    11.7809  32.434452     3.6555 5.3098e-02    268.411     94.494     99.867    27.8545    21.0871    1489.19 0.0000e+00
       1434 143.476212     99.957    100.900    11.7805  32.434223     3.6669 5.3110e-02    268.408     94.493     99.957    27.8546    21.0873    1489.19 0.0000e+00
       1435 143.476212    100.046    100.989    11.7801  32.434143     3.6822 5.3133e-02    268.272     94.446    100.046    27.8548    21.0875    1489.19 0.0000e+00
       1436 143.476212    100.132    101.076    11.7797  32.434277     3.8882 5.3168e-02    268.205     94.422    100.132    27.8552    21.0879    1489.19 0.0000e+00
       1437 143.476212    100.218    101.163    11.7793  32.434521     3.8806 5.3017e-02    268.260     94.442    100.218    27.8556    21.0883    1489.19 0.0000e+00
       1438 143.476212    100.303    101.249    11.7789  32.434757     3.7661 5.3133e-02    268.404     94.493    100.303    27.8561    21.0887    1489.19 0.0000e+00
       1439 143.476227    100.389    101.336    11.7786  32.434963     3.7509 5.3017e-02    268.517     94.532    100.389    27.8565    21.0891    1489.19 0.0000e+00
       1440 143.476227    100.476    101.424    11.7783  32.435101     3.7451 5.3110e-02    268.614     94.566    100.476    27.8568    21.0894    1489.20 0.0000e+00
       1441 143.476227    100.563    101.511    11.7781  32.435154     3.7738 5.3110e-02    268.622     94.569    100.563    27.8570    21.0896    1489.20 0.0000e+00
       1442 143.476227    100.649    101.599    11.7780  32.435154     3.7814 5.3040e-02    268.724     94.605    100.649    27.8571    21.0897    1489.20 0.0000e+00
       1443 143.476227    100.735    101.685    11.7778  32.435123     3.5220 5.3029e-02    268.831     94.643    100.735    27.8571    21.0897    1489.20 0.0000e+00
       1444 143.476242    100.820    101.770    11.7777  32.435062     3.5372 5.3133e-02    268.873     94.658    100.820    27.8571    21.0897    1489.20 0.0000e+00
       1445 143.476242    100.904    101.856    11.7776  32.434998     3.7070 5.3075e-02    268.878     94.659    100.904    27.8571    21.0898    1489.20 0.0000e+00
       1446 143.476242    100.989    101.941    11.7775  32.434971     3.7089 5.3098e-02    268.832     94.643    100.989    27.8571    21.0898    1489.20 0.0000e+00
       1447 143.476242    101.073    102.027    11.7774  32.434982     3.3656 5.3110e-02    268.825     94.641    101.073    27.8572    21.0899    1489.20 0.0000e+00
       1448 143.476242    101.158    102.112    11.7773  32.435017     3.3751 5.3040e-02    268.915     94.672    101.158    27.8573    21.0899    1489.20 0.0000e+00
       1449 143.476257    101.242    102.197    11.7772  32.435074     3.6021 5.3098e-02    268.799     94.632    101.242    27.8573    21.0900    1489.20 0.0000e+00
       1450 143.476257    101.326    102.281    11.7772  32.435131     3.5792 5.3040e-02    268.889     94.664    101.326    27.8574    21.0900    1489.21 0.0000e+00
       1451 143.476257    101.409    102.366    11.7772  32.435200     3.7108 5.3064e-02    268.897     94.668    101.409    27.8574    21.0901    1489.21 0.0000e+00
       1452 143.476257    101.494    102.451    11.7772  32.435307     3.7089 5.3098e-02    268.978     94.697    101.494    27.8575    21.0901    1489.21 0.0000e+00
       1453 143.476257    101.579    102.537    11.7772  32.435413     4.3536 5.3098e-02    269.017     94.711    101.579    27.8576    21.0902    1489.21 0.0000e+00
       1454 143.476257    101.665    102.624    11.7772  32.435501     4.3689 5.3145e-02    268.791     94.635    101.665    27.8576    21.0902    1489.21 0.0000e+00
       1455 143.476273    101.751    102.711    11.7773  32.435570     3.3160 5.3087e-02    268.608     94.576    101.751    27.8576    21.0902    1489.21 0.0000e+00
       1456 143.476273    101.837    102.797    11.7773  32.435642     3.3064 5.3006e-02    268.674     94.604    101.837    27.8576    21.0902    1489.22 0.0000e+00
