Loch_Etive/CTD_data_US/2025-05-23/sbe55_sbe19p_5215_20250523_re2.cnv
* Sea-Bird SBE 19plus Data File:
* FileName = C:\Data\sbe55_sbe19p_5215\2025-05-23\sbe55_sbe19p_5215_20250523_re2060.hex
* Software Version SeatermAF 2.1.4
* Temperature SN = 5215
* Conductivity SN = 5215
* System UpLoad Time = May 23 2025 12:50:21 (localtime) = May 23 2025 12:50:21 (UTC)
* ds
* SeacatPlus V 1.6b  SERIAL NO. 5215    23 May 2025  12:49:53
# nquan = 15                                
# nvalues = 1135                        
# units = specified
# name 0 = scan: Scan Count
# name 1 = timeJ: Julian Days
# name 2 = depSM: Depth [salt water, m], lat = 56.00
# name 3 = prdM: Pressure, Strain Gauge [db]
# name 4 = tv290C: Temperature [ITS-90, deg C]
# name 5 = c0mS/cm: Conductivity [mS/cm]
# name 6 = flECO-AFL: Fluorescence, WET Labs ECO-AFL/FL [mg/m^3]
# name 7 = par/sat/log: PAR/Logarithmic, Satlantic [umol photons/m^2/sec]
# name 8 = sbeox0Mm/L: Oxygen, SBE 43 [umol/l]
# name 9 = sbeox0PS: Oxygen, SBE 43 [% saturation]
# name 10 = depSM: Depth [salt water, m], lat = 56
# name 11 = sal00: Salinity, Practical [PSU]
# name 12 = sigma-é00: Density [sigma-theta, kg/m^3]
# name 13 = svCM: Sound Velocity [Chen-Millero, m/s]
# name 14 = flag: flag
# span 0 =        301,       1435       
# span 1 = 143.525192, 143.528473       
# span 2 =      0.071,     40.668       
# span 3 =      0.072,     41.045       
# span 4 =    10.5207,    15.2376       
# span 5 =   1.376117,  33.484856       
# span 6 =    -0.0963,   123.8794       
# span 7 = 5.2948e-02, 1.4905e+03       
# span 8 =    144.302,    337.645       
# span 9 =     49.994,    117.442       
# span 10 =      0.071,     40.668      
# span 11 =     0.8734,    27.5767      
# span 12 =    -0.1709,    20.9825      
# span 13 =    1465.24,    1497.46      
# span 14 = 0.0000e+00, 0.0000e+00      
# interval = seconds: 0.25
# start_time = May 23 2025 12:35:01 [Instrument's time stamp, header]
# bad_flag = -9.990e-29
*END*
[from data line 193]
        494 143.525742     11.008     11.109    11.2223  31.243755    14.7965 5.5842e+00    166.397     57.375     11.008    27.1635    20.6449    1484.92 0.0000e+00
        495 143.525742     11.094     11.196    11.2090  31.231806    14.7870 5.2518e+00    167.040     57.587     11.094    27.1618    20.6458    1484.87 0.0000e+00
        496 143.525757     11.180     11.283    11.1943  31.219297    16.5169 4.9522e+00    167.673     57.796     11.180    27.1606    20.6472    1484.82 0.0000e+00
        497 143.525757     11.266     11.370    11.1788  31.207048    16.5112 4.7065e+00    168.542     58.085     11.266    27.1602    20.6495    1484.76 0.0000e+00
        498 143.525757     11.351     11.455    11.1632  31.195429    20.4252 4.4994e+00    169.442     58.379     11.351    27.1605    20.6524    1484.71 0.0000e+00
        499 143.525757     11.435     11.541    11.1479  31.185017    20.4271 4.3317e+00    170.448     58.703     11.435    27.1617    20.6558    1484.66 0.0000e+00
        500 143.525757     11.520     11.626    11.1335  31.175711    11.7905 4.1820e+00    171.225     58.946     11.520    27.1633    20.6595    1484.61 0.0000e+00
        501 143.525757     11.604     11.711    11.1201  31.167173    11.7924 3.9824e+00    172.131     59.232     11.604    27.1649    20.6630    1484.56 0.0000e+00
        502 143.525772     11.690     11.798    11.1076  31.159512    10.5068 3.7881e+00    172.805     59.446     11.690    27.1668    20.6665    1484.52 0.0000e+00
        503 143.525772     11.776     11.884    11.0960  31.152634    10.5201 3.5915e+00    173.575     59.696     11.776    27.1686    20.6698    1484.48 0.0000e+00
        504 143.525772     11.861     11.970    11.0856  31.145924    10.5163 3.4682e+00    174.220     59.909     11.861    27.1698    20.6725    1484.45 0.0000e+00
        505 143.525772     11.946     12.056    11.0759  31.138792    12.1433 3.3535e+00    175.376     60.298     11.946    27.1700    20.6743    1484.42 0.0000e+00
        506 143.525772     12.030     12.141    11.0665  31.131145    12.1471 3.2355e+00    176.728     60.753     12.030    27.1696    20.6755    1484.38 0.0000e+00
        507 143.525787     12.114     12.226    11.0569  31.123362    12.3951 3.1122e+00    178.013     61.182     12.114    27.1691    20.6767    1484.35 0.0000e+00
        508 143.525787     12.198     12.311    11.0471  31.115738    12.4027 2.9603e+00    179.585     61.707     12.198    27.1690    20.6782    1484.32 0.0000e+00
        509 143.525787     12.283     12.396    11.0373  31.108200    11.4643 2.8838e+00    181.250     62.261     12.283    27.1689    20.6798    1484.28 0.0000e+00
        510 143.525787     12.367     12.481    11.0277  31.100782    11.4490 2.7491e+00    182.404     62.641     12.367    27.1688    20.6813    1484.25 0.0000e+00
        511 143.525787     12.452     12.567    11.0182  31.093588    12.6373 2.6716e+00    183.600     63.037     12.452    27.1688    20.6829    1484.22 0.0000e+00
        512 143.525803     12.538     12.653    11.0089  31.086416    12.6469 2.5686e+00    184.767     63.427     12.538    27.1688    20.6844    1484.19 0.0000e+00
        513 143.525803     12.623     12.740    10.9996  31.078773    10.6174 2.4412e+00    185.749     63.751     12.623    27.1682    20.6855    1484.15 0.0000e+00
        514 143.525803     12.709     12.826    10.9901  31.069914    10.6270 2.3584e+00    186.918     64.138     12.709    27.1666    20.6858    1484.12 0.0000e+00
        515 143.525803     12.795     12.913    10.9800  31.059202    10.3161 2.2819e+00    187.995     64.493     12.795    27.1637    20.6852    1484.08 0.0000e+00
        516 143.525803     12.881     13.000    10.9684  31.046780    10.3084 2.1920e+00    189.277     64.918     12.881    27.1602    20.6844    1484.04 0.0000e+00
        517 143.525803     12.968     13.087    10.9551  31.033892     8.8321 2.1057e+00    190.478     65.315     12.968    27.1576    20.6846    1483.99 0.0000e+00
        518 143.525818     13.054     13.174    10.9403  31.021914     8.8283 2.0249e+00    191.842     65.766     13.054    27.1569    20.6865    1483.93 0.0000e+00
        519 143.525818     13.140     13.261    10.9253  31.011616     8.3801 1.9545e+00    193.052     66.165     13.140    27.1580    20.6898    1483.88 0.0000e+00
        520 143.525818     13.226     13.348    10.9112  31.003242     8.3820 1.8796e+00    194.001     66.475     13.226    27.1603    20.6938    1483.84 0.0000e+00
        521 143.525818     13.312     13.435    10.8988  30.996153     7.9624 1.8198e+00    195.395     66.941     13.312    27.1625    20.6976    1483.80 0.0000e+00
        522 143.525818     13.398     13.522    10.8882  30.989264     7.9757 1.7801e+00    196.729     67.391     13.398    27.1637    20.7003    1483.76 0.0000e+00
        523 143.525833     13.484     13.608    10.8787  30.981934     8.0196 1.6963e+00    198.170     67.879     13.484    27.1636    20.7018    1483.73 0.0000e+00
        524 143.525833     13.570     13.695    10.8695  30.973881     8.0043 1.6387e+00    199.498     68.327     13.570    27.1626    20.7025    1483.70 0.0000e+00
        525 143.525833     13.655     13.781    10.8600  30.965048     6.7817 1.5967e+00    200.913     68.804     13.655    27.1610    20.7028    1483.66 0.0000e+00
        526 143.525833     13.741     13.868    10.8500  30.955870     6.7855 1.5351e+00    202.310     69.275     13.741    27.1595    20.7033    1483.62 0.0000e+00
        527 143.525833     13.828     13.955    10.8393  30.947107     7.7983 1.5000e+00    203.829     69.784     13.828    27.1589    20.7045    1483.59 0.0000e+00
        528 143.525848     13.915     14.043    10.8285  30.939192     7.7888 1.4428e+00    205.164     70.227     13.915    27.1592    20.7065    1483.55 0.0000e+00
        529 143.525848     14.002     14.131    10.8179  30.931860     7.7964 1.3878e+00    206.239     70.576     14.002    27.1599    20.7088    1483.51 0.0000e+00
        530 143.525848     14.089     14.219    10.8079  30.924488     6.2514 1.3390e+00    207.418     70.960     14.089    27.1601    20.7106    1483.48 0.0000e+00
        531 143.525848     14.176     14.307    10.7981  30.916815     6.2533 1.2936e+00    208.237     71.223     14.176    27.1599    20.7120    1483.45 0.0000e+00
        532 143.525848     14.263     14.394    10.7882  30.909094     5.5209 1.2497e+00    209.600     71.677     14.263    27.1597    20.7135    1483.41 0.0000e+00
        533 143.525864     14.349     14.481    10.7780  30.901499     5.5037 1.2334e+00    210.587     72.004     14.349    27.1598    20.7152    1483.38 0.0000e+00
        534 143.525864     14.434     14.567    10.7678  30.893845     5.4599 1.1820e+00    212.114     72.517     14.434    27.1599    20.7170    1483.34 0.0000e+00
        535 143.525864     14.519     14.653    10.7576  30.886116     5.4618 1.1502e+00    213.773     73.076     14.519    27.1600    20.7187    1483.30 0.0000e+00
        536 143.525864     14.604     14.739    10.7473  30.878866     5.5457 1.0943e+00    215.545     73.677     14.604    27.1606    20.7208    1483.27 0.0000e+00
        537 143.525864     14.690     14.825    10.7371  30.872734     5.5381 1.0817e+00    217.589     74.372     14.690    27.1621    20.7237    1483.24 0.0000e+00
        538 143.525864     14.776     14.912    10.7275  30.867834     5.4580 1.0391e+00    219.440     75.002     14.776    27.1644    20.7270    1483.21 0.0000e+00
        539 143.525879     14.862     14.999    10.7190  30.863920     5.4694 1.0102e+00    221.275     75.627     14.862    27.1669    20.7303    1483.18 0.0000e+00
        540 143.525879     14.948     15.086    10.7117  30.860479     5.6697 9.8476e-01    222.612     76.083     14.948    27.1690    20.7331    1483.16 0.0000e+00
        541 143.525879     15.034     15.173    10.7053  30.856806     5.6697 9.6665e-01    223.784     76.482     15.034    27.1701    20.7350    1483.14 0.0000e+00
        542 143.525879     15.120     15.260    10.6995  30.852457     4.6378 9.3284e-01    224.564     76.746     15.120    27.1702    20.7360    1483.12 0.0000e+00
        543 143.525879     15.207     15.347    10.6935  30.847477     4.6359 9.0416e-01    225.234     76.971     15.207    27.1697    20.7366    1483.10 0.0000e+00
        544 143.525894     15.294     15.435    10.6870  30.841732     4.5005 8.5724e-01    225.624     77.100     15.294    27.1689    20.7370    1483.07 0.0000e+00
        545 143.525894     15.381     15.522    10.6799  30.834925     4.5176 8.2944e-01    225.665     77.111     15.381    27.1675    20.7371    1483.05 0.0000e+00
        546 143.525894     15.467     15.610    10.6717  30.827450     4.1629 8.1632e-01    226.087     77.252     15.467    27.1663    20.7375    1483.02 0.0000e+00
        547 143.525894     15.554     15.697    10.6625  30.820141     4.1724 7.8846e-01    226.035     77.231     15.554    27.1660    20.7387    1482.99 0.0000e+00
        548 143.525894     15.639     15.784    10.6528  30.813610     4.3593 7.8571e-01    226.154     77.265     15.639    27.1668    20.7409    1482.95 0.0000e+00
        549 143.525909     15.725     15.870    10.6434  30.808094     4.3555 7.5460e-01    226.353     77.325     15.725    27.1684    20.7437    1482.92 0.0000e+00
        550 143.525909     15.810     15.956    10.6349  30.803558     4.1476 7.3556e-01    226.412     77.339     15.810    27.1703    20.7465    1482.90 0.0000e+00
        551 143.525909     15.896     16.043    10.6274  30.799892     4.1476 7.1748e-01    226.591     77.395     15.896    27.1722    20.7492    1482.87 0.0000e+00
        552 143.525909     15.983     16.130    10.6210  30.797033     4.1457 6.8367e-01    226.837     77.475     15.983    27.1741    20.7518    1482.85 0.0000e+00
        553 143.525909     16.070     16.218    10.6156  30.794943     4.1171 6.7846e-01    227.220     77.603     16.070    27.1761    20.7541    1482.84 0.0000e+00
        554 143.525925     16.158     16.307    10.6113  30.793499     4.0923 6.4017e-01    227.788     77.795     16.158    27.1779    20.7562    1482.83 0.0000e+00
        555 143.525925     16.245     16.395    10.6079  30.792465     4.2678 6.4466e-01    228.261     77.953     16.245    27.1793    20.7579    1482.82 0.0000e+00
        556 143.525925     16.332     16.483    10.6053  30.791668     4.2639 5.9814e-01    228.772     78.125     16.332    27.1805    20.7592    1482.81 0.0000e+00
        557 143.525925     16.420     16.571    10.6032  30.791002     4.1400 5.9905e-01    229.446     78.353     16.420    27.1813    20.7602    1482.80 0.0000e+00
        558 143.525925     16.507     16.659    10.6015  30.790266     4.1457 5.7735e-01    230.038     78.553     16.507    27.1819    20.7609    1482.80 0.0000e+00
        559 143.525925     16.593     16.747    10.5998  30.789248     4.0141 5.4811e-01    230.609     78.747     16.593    27.1821    20.7613    1482.80 0.0000e+00
        560 143.525940     16.680     16.834    10.5981  30.788008     4.0122 5.3920e-01    231.018     78.884     16.680    27.1821    20.7617    1482.79 0.0000e+00
        561 143.525940     16.767     16.921    10.5961  30.786747     3.8825 5.3125e-01    231.252     78.961     16.767    27.1823    20.7621    1482.79 0.0000e+00
        562 143.525940     16.853     17.008    10.5940  30.785517     3.8996 5.1582e-01    231.839     79.159     16.853    27.1827    20.7628    1482.78 0.0000e+00
        563 143.525940     16.939     17.095    10.5917  30.784197     4.2601 4.9464e-01    232.288     79.309     16.939    27.1831    20.7634    1482.77 0.0000e+00
        564 143.525940     17.024     17.181    10.5893  30.782648     4.2678 4.9399e-01    232.560     79.400     17.024    27.1833    20.7640    1482.77 0.0000e+00
        565 143.525955     17.110     17.268    10.5867  30.780750     4.5806 4.7734e-01    232.892     79.510     17.110    27.1834    20.7645    1482.76 0.0000e+00
        566 143.525955     17.196     17.354    10.5837  30.778593     4.5615 4.5149e-01    233.195     79.612     17.196    27.1835    20.7650    1482.75 0.0000e+00
        567 143.525955     17.282     17.442    10.5804  30.776604     4.5386 4.3475e-01    233.554     79.731     17.282    27.1839    20.7659    1482.74 0.0000e+00
        568 143.525955     17.369     17.530    10.5772  30.775061     4.5367 4.4658e-01    233.951     79.865     17.369    27.1848    20.7671    1482.73 0.0000e+00
        569 143.525955     17.457     17.618    10.5742  30.773834     4.1877 4.2387e-01    234.439     80.029     17.457    27.1858    20.7684    1482.72 0.0000e+00
        570 143.525970     17.545     17.707    10.5715  30.772808     4.1705 4.1635e-01    234.747     80.132     17.545    27.1867    20.7695    1482.71 0.0000e+00
        571 143.525970     17.632     17.794    10.5692  30.772017     4.7332 3.9457e-01    234.982     80.211     17.632    27.1877    20.7706    1482.71 0.0000e+00
        572 143.525970     17.718     17.881    10.5671  30.771378     4.7370 3.9500e-01    235.795     80.486     17.718    27.1886    20.7717    1482.70 0.0000e+00
        573 143.525970     17.803     17.967    10.5651  30.770842     4.8247 3.8261e-01    236.317     80.661     17.803    27.1895    20.7727    1482.70 0.0000e+00
        574 143.525970     17.888     18.053    10.5633  30.770533     4.8190 3.7467e-01    235.887     80.510     17.888    27.1905    20.7738    1482.70 0.0000e+00
        575 143.525970     17.973     18.139    10.5615  30.770393     4.4299 3.6267e-01    236.016     80.551     17.973    27.1917    20.7750    1482.69 0.0000e+00
        576 143.525986     18.058     18.225    10.5600  30.770161     4.4204 3.5952e-01    236.014     80.547     18.058    27.1926    20.7759    1482.69 0.0000e+00
        577 143.525986     18.144     18.311    10.5586  30.769655     4.4127 3.4763e-01    235.939     80.519     18.144    27.1931    20.7765    1482.69 0.0000e+00
        578 143.525986     18.229     18.398    10.5572  30.768902     3.7680 3.2452e-01    235.892     80.500     18.229    27.1933    20.7769    1482.68 0.0000e+00
        579 143.525986     18.315     18.484    10.5558  30.768040     3.7757 3.2945e-01    235.985     80.530     18.315    27.1935    20.7773    1482.68 0.0000e+00
        580 143.525986     18.401     18.571    10.5543  30.767149     3.6498 3.1372e-01    235.889     80.495     18.401    27.1937    20.7777    1482.68 0.0000e+00
        581 143.526001     18.487     18.657    10.5528  30.766233     3.6498 3.1744e-01    236.279     80.627     18.487    27.1939    20.7781    1482.67 0.0000e+00
        582 143.526001     18.572     18.743    10.5513  30.765308     3.6612 3.1848e-01    236.726     80.779     18.572    27.1941    20.7785    1482.67 0.0000e+00
        583 143.526001     18.657     18.830    10.5499  30.764400     3.6421 3.1592e-01    237.111     80.909     18.657    27.1942    20.7788    1482.66 0.0000e+00
        584 143.526001     18.743     18.916    10.5485  30.763504     3.9607 2.9472e-01    237.533     81.052     18.743    27.1943    20.7791    1482.66 0.0000e+00
        585 143.526001     18.828     19.002    10.5472  30.762594     3.9416 2.7149e-01    237.862     81.163     18.828    27.1944    20.7794    1482.66 0.0000e+00
        586 143.526016     18.913     19.087    10.5458  30.761703     3.9569 2.7173e-01    238.277     81.303     18.913    27.1945    20.7797    1482.65 0.0000e+00
        587 143.526016     18.997     19.172    10.5445  30.760855     3.9492 2.6114e-01    238.347     81.326     18.997    27.1946    20.7800    1482.65 0.0000e+00
        588 143.526016     19.081     19.257    10.5432  30.759977     3.3732 2.6772e-01    238.605     81.414     19.081    27.1947    20.7803    1482.65 0.0000e+00
        589 143.526016     19.164     19.341    10.5419  30.758978     3.3808 2.5449e-01    238.912     81.519     19.164    27.1947    20.7804    1482.64 0.0000e+00
