Loch_Etive/CTD_data_US/2025-05-23/sbe55_sbe19p_5215_20250523_re5_1m.cnv
* Sea-Bird SBE 19plus Data File:
* FileName = C:\Data\sbe55_sbe19p_5215\2025-05-23\sbe55_sbe19p_5215_20250523_re5059.hex
* Software Version SeatermAF 2.1.4
* Temperature SN = 5215
* Conductivity SN = 5215
* System UpLoad Time = May 23 2025 11:39:30 (localtime) = May 23 2025 11:39:30 (UTC)
* ds
* SeacatPlus V 1.6b  SERIAL NO. 5215    23 May 2025  11:39:03
# nquan = 15
# nvalues = 285                         
# units = specified
# name 0 = scan: Scan Count
# name 1 = timeJ: Julian Days
# name 2 = depSM: Depth [salt water, m], lat = 56.00
# name 3 = prdM: Pressure, Strain Gauge [db]
# name 4 = tv290C: Temperature [ITS-90, deg C]
# name 5 = c0mS/cm: Conductivity [mS/cm]
# name 6 = flECO-AFL: Fluorescence, WET Labs ECO-AFL/FL [mg/m^3]
# name 7 = par/sat/log: PAR/Logarithmic, Satlantic [umol photons/m^2/sec]
# name 8 = sbeox0Mm/L: Oxygen, SBE 43 [umol/l]
# name 9 = sbeox0PS: Oxygen, SBE 43 [% saturation]
# name 10 = depSM: Depth [salt water, m], lat = 56
# name 11 = sal00: Salinity, Practical [PSU]
# name 12 = sigma-é00: Density [sigma-theta, kg/m^3]
# name 13 = svCM: Sound Velocity [Chen-Millero, m/s]
# name 14 = flag: flag
# span 0 =        358,       3456       
# span 1 = 143.473095, 143.482059       
# span 2 =      1.000,    143.000       
# span 3 =      1.009,    144.364       
# span 4 =    10.4090,    14.2601       
# span 5 =  30.600633,  32.700614       
# span 6 =     0.9920,    20.4639       
# span 7 = 5.3055e-02, 9.7188e+02       
# span 8 =    169.718,    308.412       
# span 9 =     58.448,    112.361       
# span 10 =      1.000,    143.000      
# span 11 =    26.3651,    27.9800      
# span 12 =    19.4748,    21.1751      
# span 13 =    1482.02,    1494.24      
# span 14 = 0.0000e+00, 0.0000e+00      
# interval = meters: 1                  
# start_time = May 23 2025 11:19:46 [Instrument's time stamp, header]
# bad_flag = -9.990e-29
*END*
[from data line 97]
       1412 143.476145     98.000     98.924    11.7716  32.418021     3.7053 5.3101e-02    267.928     94.332     98.000    27.8465    21.0825    1489.12 0.0000e+00
       1423 143.476177     99.000     99.933    11.7783  32.432090     3.5759 5.3097e-02    267.988     94.347     99.000    27.8545    21.0876    1489.17 0.0000e+00
       1435 143.476208    100.000    100.943    11.7803  32.434946     3.7147 5.3101e-02    268.349     94.473    100.000    27.8554    21.0879    1489.19 0.0000e+00
       1446 143.476242    101.000    101.953    11.7776  32.435093     3.6172 5.3079e-02    268.824     94.641    101.000    27.8572    21.0898    1489.20 0.0000e+00
       1458 143.476275    102.000    102.962    11.7773  32.435746     3.8020 5.3086e-02    268.776     94.642    102.000    27.8576    21.0902    1489.22 0.0000e+00
       1470 143.476310    103.000    103.972    11.7791  32.442162     3.8579 5.3099e-02    268.135     94.432    103.000    27.8620    21.0934    1489.25 0.0000e+00
       1481 143.476344    104.000    104.982    11.7873  32.457294     3.6228 5.3084e-02    267.175     94.095    104.000    27.8700    21.0981    1489.30 0.0000e+00
       1493 143.476376    105.000    105.991    11.7909  32.463293     3.6922 5.3114e-02    266.796     93.962    105.000    27.8725    21.0995    1489.33 0.0000e+00
       1504 143.476410    106.000    107.001    11.7905  32.463174     3.5120 5.3098e-02    267.056     94.053    106.000    27.8724    21.0995    1489.35 0.0000e+00
       1516 143.476442    107.000    108.011    11.7906  32.464626     3.7109 5.3085e-02    266.580     93.880    107.000    27.8733    21.1002    1489.37 0.0000e+00
       1527 143.476475    108.000    109.021    11.7893  32.464514     3.5825 5.3079e-02    266.729     93.936    108.000    27.8738    21.1009    1489.38 0.0000e+00
       1538 143.476506    109.000    110.030    11.7864  32.464551     3.5010 5.3114e-02    267.253     94.139    109.000    27.8756    21.1028    1489.39 0.0000e+00
       1549 143.476540    110.000    111.040    11.7901  32.474681     3.6260 5.3078e-02    267.230     94.138    110.000    27.8822    21.1072    1489.42 0.0000e+00
       1561 143.476575    111.000    112.050    11.7970  32.482729     3.6907 5.3100e-02    268.439     94.573    111.000    27.8843    21.1076    1489.47 0.0000e+00
       1573 143.476608    112.000    113.060    11.8000  32.491964     3.6280 5.3117e-02    268.689     94.660    112.000    27.8904    21.1120    1489.50 0.0000e+00
       1585 143.476642    113.000    114.069    11.8007  32.495257     3.8298 5.3098e-02    268.366     94.561    113.000    27.8926    21.1135    1489.52 0.0000e+00
       1597 143.476678    114.000    115.079    11.8007  32.503743     3.7761 5.3090e-02    269.811     95.076    114.000    27.9004    21.1195    1489.55 0.0000e+00
       1609 143.476713    115.000    116.089    11.8053  32.518272     3.6962 5.3094e-02    269.799     95.060    115.000    27.9104    21.1265    1489.60 0.0000e+00
       1622 143.476751    116.000    117.098    11.8025  32.517070     3.7732 5.3077e-02    269.519     94.961    116.000    27.9110    21.1275    1489.60 0.0000e+00
       1634 143.476784    117.000    118.108    11.7974  32.516947     3.7893 5.3083e-02    269.750     95.049    117.000    27.9143    21.1309    1489.61 0.0000e+00
       1645 143.476818    118.000    119.118    11.7983  32.521167     3.7695 5.3090e-02    270.276     95.256    118.000    27.9173    21.1331    1489.63 0.0000e+00
       1657 143.476853    119.000    120.128    11.8022  32.531747     3.7998 5.3097e-02    271.271     95.639    119.000    27.9241    21.1378    1489.67 0.0000e+00
       1669 143.476887    120.000    121.138    11.8142  32.555247     3.7559 5.3098e-02    271.897     95.881    120.000    27.9370    21.1457    1489.74 0.0000e+00
       1682 143.476925    121.000    122.147    11.8243  32.571451     3.8733 5.3112e-02    272.773     96.216    121.000    27.9445    21.1498    1489.80 0.0000e+00
       1695 143.476961    122.000    123.157    11.8345  32.595074     3.8101 5.3092e-02    272.727     96.199    122.000    27.9589    21.1592    1489.87 0.0000e+00
       1708 143.476999    123.000    124.167    11.8367  32.600528     3.8024 5.3086e-02    272.891     96.255    123.000    27.9620    21.1612    1489.90 0.0000e+00
       1720 143.477035    124.000    125.177    11.8357  32.600791     3.9002 5.3090e-02    272.928     96.269    124.000    27.9627    21.1620    1489.91 0.0000e+00
       1732 143.477068    125.000    126.186    11.8355  32.601321     3.8450 5.3093e-02    272.707     96.190    125.000    27.9629    21.1622    1489.93 0.0000e+00
       1744 143.477104    126.000    127.196    11.8356  32.601770     3.9317 5.3111e-02    272.958     96.279    126.000    27.9630    21.1622    1489.95 0.0000e+00
       1756 143.477139    127.000    128.206    11.8350  32.601759     3.8436 5.3098e-02    272.722     96.198    127.000    27.9630    21.1623    1489.96 0.0000e+00
       1768 143.477174    128.000    129.216    11.8358  32.603171     3.7166 5.3088e-02    273.105     96.331    128.000    27.9634    21.1625    1489.98 0.0000e+00
       1781 143.477208    129.000    130.226    11.8358  32.603476     3.8281 5.3080e-02    272.907     96.261    129.000    27.9633    21.1625    1490.00 0.0000e+00
       1793 143.477246    130.000    131.235    11.8350  32.604093     3.8162 5.3082e-02    272.754     96.205    130.000    27.9641    21.1633    1490.01 0.0000e+00
       1805 143.477281    131.000    132.246    11.8344  32.604740     3.8718 5.3105e-02    272.607     96.153    131.000    27.9649    21.1640    1490.03 0.0000e+00
       1818 143.477315    132.000    133.255    11.8337  32.604704     3.6386 5.3083e-02    272.533     96.126    132.000    27.9650    21.1642    1490.04 0.0000e+00
       1830 143.477354    133.000    134.265    11.8337  32.604528     3.6356 5.3100e-02    272.660     96.168    133.000    27.9645    21.1638    1490.06 0.0000e+00
       1843 143.477389    134.000    135.275    11.8325  32.604799     3.8149 5.3099e-02    272.207     96.012    134.000    27.9653    21.1647    1490.07 0.0000e+00
       1856 143.477428    135.000    136.285    11.8309  32.609767     3.7266 5.3077e-02    272.012     95.948    135.000    27.9708    21.1693    1490.09 0.0000e+00
       1869 143.477464    136.000    137.295    11.8327  32.614990     3.9463 5.3102e-02    272.148     96.003    136.000    27.9740    21.1715    1490.12 0.0000e+00
       1882 143.477501    137.000    138.304    11.8344  32.619611     3.7676 5.3069e-02    272.317     96.069    137.000    27.9768    21.1733    1490.14 0.0000e+00
       1895 143.477539    138.000    139.314    11.8373  32.625304     3.7419 5.3086e-02    272.409     96.103    138.000    27.9796    21.1751    1490.17 0.0000e+00
       1908 143.477579    139.000    140.324    11.8389  32.627333     3.8606 5.3077e-02    272.225     96.038    139.000    27.9800    21.1751    1490.19 0.0000e+00
       1921 143.477616    140.000    141.334    11.8391  32.627324     3.7612 5.3086e-02    272.619     96.177    140.000    27.9795    21.1747    1490.21 0.0000e+00
       1934 143.477653    141.000    142.344    11.8392  32.627613     3.8772 5.3090e-02    272.325     96.074    141.000    27.9793    21.1746    1490.23 0.0000e+00
       1947 143.477693    142.000    143.354    11.8393  32.627776     3.9143 5.3098e-02    272.192     96.029    142.000    27.9791    21.1744    1490.24 0.0000e+00
       1971 143.477760    143.000    144.364    11.8407  32.629826     3.7325 5.3116e-02    272.421     96.111    143.000    27.9796    21.1745    1490.27 0.0000e+00
       1986 143.477804    142.000    143.354    11.8410  32.629179     3.8831 5.3088e-02    272.290     96.064    142.000    27.9791    21.1741    1490.25 0.0000e+00
       1999 143.477842    141.000    142.344    11.8408  32.628238     4.2838 5.3055e-02    272.410     96.105    141.000    27.9788    21.1739    1490.23 0.0000e+00
       2012 143.477878    140.000    141.334    11.8404  32.627343     3.7434 5.3093e-02    272.304     96.066    140.000    27.9786    21.1738    1490.21 0.0000e+00
       2024 143.477914    139.000    140.324    11.8397  32.626319     3.6738 5.3084e-02    272.346     96.080    139.000    27.9785    21.1738    1490.20 0.0000e+00
       2036 143.477948    138.000    139.314    11.8391  32.625555     3.6707 5.3069e-02    272.239     96.042    138.000    27.9786    21.1740    1490.18 0.0000e+00
       2047 143.477981    137.000    138.305    11.8388  32.625284     3.7559 5.3111e-02    272.228     96.039    137.000    27.9789    21.1742    1490.16 0.0000e+00
       2059 143.478014    136.000    137.294    11.8388  32.625071     3.7107 5.3079e-02    272.549     96.150    136.000    27.9790    21.1743    1490.14 0.0000e+00
       2071 143.478050    135.000    136.285    11.8388  32.624260     3.7886 5.3102e-02    272.143     95.996    135.000    27.9786    21.1740    1490.13 0.0000e+00
       2083 143.478086    134.000    135.275    11.8368  32.618163     3.8535 5.3106e-02    272.285     96.039    134.000    27.9747    21.1713    1490.10 0.0000e+00
       2095 143.478119    133.000    134.265    11.8336  32.608687     3.6686 5.3101e-02    272.766     96.208    133.000    27.9685    21.1670    1490.06 0.0000e+00
       2108 143.478154    132.000    133.255    11.8329  32.605026     3.7515 5.3126e-02    272.695     96.185    132.000    27.9658    21.1650    1490.04 0.0000e+00
       2120 143.478193    131.000    132.245    11.8337  32.604368     3.7310 5.3102e-02    272.393     96.080    131.000    27.9650    21.1642    1490.03 0.0000e+00
       2132 143.478226    130.000    131.235    11.8344  32.604497     3.7389 5.3123e-02    272.476     96.112    130.000    27.9650    21.1641    1490.01 0.0000e+00
       2144 143.478262    129.000    130.226    11.8357  32.604692     3.7558 5.3095e-02    272.881     96.257    129.000    27.9646    21.1635    1490.00 0.0000e+00
       2156 143.478298    128.000    129.216    11.8374  32.604743     3.7179 5.3090e-02    272.677     96.185    128.000    27.9637    21.1625    1489.99 0.0000e+00
       2168 143.478331    127.000    128.206    11.8383  32.604045     3.7622 5.3075e-02    272.838     96.242    127.000    27.9627    21.1615    1489.97 0.0000e+00
       2180 143.478366    126.000    127.196    11.8383  32.602994     3.6248 5.3116e-02    272.606     96.161    126.000    27.9621    21.1610    1489.96 0.0000e+00
       2192 143.478398    125.000    126.187    11.8386  32.602579     3.6268 5.3101e-02    272.667     96.183    125.000    27.9618    21.1608    1489.94 0.0000e+00
       2203 143.478434    124.000    125.177    11.8387  32.602212     3.7349 5.3083e-02    273.001     96.300    124.000    27.9618    21.1607    1489.92 0.0000e+00
       2215 143.478467    123.000    124.167    11.8388  32.601551     3.7197 5.3069e-02    272.668     96.181    123.000    27.9615    21.1604    1489.91 0.0000e+00
       2226 143.478498    122.000    123.157    11.8385  32.600409     3.6804 5.3101e-02    272.567     96.135    122.000    27.9610    21.1600    1489.89 0.0000e+00
       2237 143.478532    121.000    122.147    11.8384  32.595026     3.9330 5.3077e-02    272.196     95.980    121.000    27.9562    21.1564    1489.87 0.0000e+00
       2248 143.478562    120.000    121.137    11.8334  32.579321     3.6858 5.3100e-02    271.492     95.714    120.000    27.9455    21.1489    1489.82 0.0000e+00
       2259 143.478594    119.000    120.128    11.8250  32.563591     3.7342 5.3095e-02    271.265     95.615    119.000    27.9372    21.1439    1489.76 0.0000e+00
       2270 143.478626    118.000    119.118    11.8182  32.550271     3.6198 5.3089e-02    270.419     95.300    118.000    27.9300    21.1395    1489.71 0.0000e+00
       2282 143.478658    117.000    118.108    11.8108  32.536944     3.6560 5.3093e-02    270.187     95.203    117.000    27.9233    21.1356    1489.66 0.0000e+00
       2293 143.478693    116.000    117.099    11.8044  32.525371     3.5800 5.3112e-02    269.578     94.979    116.000    27.9174    21.1321    1489.62 0.0000e+00
       2304 143.478724    115.000    116.089    11.7995  32.515997     3.5803 5.3074e-02    268.853     94.720    115.000    27.9125    21.1292    1489.58 0.0000e+00
       2316 143.478758    114.000    115.079    11.7980  32.508741     3.6621 5.3091e-02    268.344     94.536    114.000    27.9072    21.1253    1489.55 0.0000e+00
       2327 143.478791    113.000    114.069    11.7978  32.500347     3.6066 5.3065e-02    268.022     94.421    113.000    27.8997    21.1195    1489.52 0.0000e+00
       2339 143.478824    112.000    113.060    11.7979  32.493755     3.7699 5.3099e-02    267.662     94.284    112.000    27.8937    21.1148    1489.50 0.0000e+00
       2350 143.478857    111.000    112.050    11.7978  32.487494     3.8323 5.3075e-02    267.247     94.124    111.000    27.8882    21.1105    1489.48 0.0000e+00
       2361 143.478890    110.000    111.040    11.7930  32.477124     3.7853 5.3103e-02    266.967     94.020    110.000    27.8823    21.1068    1489.44 0.0000e+00
       2373 143.478923    109.000    110.030    11.7886  32.470583     3.5935 5.3079e-02    267.016     94.037    109.000    27.8797    21.1055    1489.40 0.0000e+00
       2384 143.478954    108.000    109.020    11.7885  32.465991     3.6481 5.3088e-02    267.155     94.086    108.000    27.8758    21.1025    1489.38 0.0000e+00
       2395 143.478986    107.000    108.011    11.7895  32.462330     3.4464 5.3095e-02    267.252     94.121    107.000    27.8720    21.0993    1489.36 0.0000e+00
       2405 143.479017    106.000    107.001    11.7903  32.460925     3.3057 5.3072e-02    267.373     94.161    106.000    27.8704    21.0980    1489.34 0.0000e+00
       2416 143.479049    105.000    105.991    11.7904  32.459438     3.5057 5.3087e-02    268.020     94.385    105.000    27.8693    21.0970    1489.33 0.0000e+00
       2427 143.479080    104.000    104.982    11.7893  32.456231     3.6735 5.3095e-02    267.989     94.363    104.000    27.8674    21.0958    1489.30 0.0000e+00
       2438 143.479110    103.000    103.972    11.7872  32.451527     3.5318 5.3077e-02    268.684     94.597    103.000    27.8649    21.0941    1489.28 0.0000e+00
       2449 143.479143    102.000    102.963    11.7826  32.442043     3.3935 5.3079e-02    268.844     94.646    102.000    27.8597    21.0909    1489.24 0.0000e+00
       2459 143.479173    101.000    101.953    11.7795  32.436732     3.6172 5.3119e-02    268.265     94.409    101.000    27.8573    21.0895    1489.21 0.0000e+00
       2470 143.479206    100.000    100.943    11.7742  32.423447     3.4347 5.3086e-02    266.387     93.727    100.000    27.8490    21.0840    1489.16 0.0000e+00
       2481 143.479236     99.000     99.933    11.7603  32.404002     3.2649 5.3085e-02    265.879     93.535     99.000    27.8413    21.0805    1489.09 0.0000e+00
       2492 143.479268     98.000     98.924    11.7526  32.395308     3.0920 5.3108e-02    264.531     93.021     98.000    27.8391    21.0801    1489.04 0.0000e+00
       2503 143.479300     97.000     97.914    11.7423  32.380501     2.9334 5.3091e-02    263.197     92.540     97.000    27.8331    21.0772    1488.98 0.0000e+00
       2514 143.479332     96.000     96.905    11.7280  32.366880     2.7223 5.3094e-02    263.018     92.471     96.000    27.8312    21.0782    1488.91 0.0000e+00
       2525 143.479364     95.000     95.895    11.7235  32.362704     2.5476 5.3082e-02    262.741     92.373     95.000    27.8310    21.0788    1488.88 0.0000e+00
       2536 143.479393     94.000     94.885    11.7217  32.360965     2.4982 5.3091e-02    263.114     92.503     94.000    27.8310    21.0791    1488.86 0.0000e+00
